0 0.755245 0.570252 0.149850 0.086718
0 0.442557 0.398463 0.105894 0.122942
1 0.783716 0.904501 0.064935 0.105379
1 0.650350 0.492316 0.143856 0.099890
2 0.791708 0.374314 0.082917 0.140505
2 0.775724 0.311196 0.134865 0.080132
3 0.564935 0.782656 0.106893 0.103183
3 0.735764 0.065862 0.140859 0.081229
4 0.085415 0.740944 0.044955 0.147091
4 0.702298 0.662459 0.103896 0.080132
5 0.387113 0.714599 0.054945 0.120746
5 0.240759 0.756861 0.079920 0.139407
6 0.249251 0.497256 0.086913 0.074643
6 0.448551 0.439078 0.061938 0.076839
7 0.287213 0.191548 0.078921 0.108672
7 0.484515 0.385291 0.081918 0.061471
8 0.956044 0.767289 0.071928 0.085620
8 0.632368 0.395719 0.075924 0.073546
9 0.771728 0.810648 0.072927 0.069155
9 0.595405 0.211306 0.055944 0.082327
10 0.066434 0.948957 0.096903 0.060373
10 0.750250 0.941822 0.083916 0.074643
11 0.173826 0.345225 0.083916 0.099890
11 0.394605 0.412733 0.091908 0.061471
12 0.254745 0.565313 0.041958 0.092206
12 0.682318 0.229418 0.075924 0.050494
13 0.690310 0.849067 0.057942 0.073546
13 0.705295 0.309550 0.067932 0.061471
14 0.270729 0.351811 0.067932 0.084523
14 0.624875 0.564215 0.026973 0.076839
15 0.592408 0.312294 0.057942 0.062569
15 0.630869 0.485181 0.042957 0.068057
16 0.549451 0.649286 0.039960 0.080132
16 0.540460 0.275521 0.041958 0.072448
17 0.376124 0.837541 0.054945 0.037322
17 0.754246 0.158068 0.071928 0.039517
18 0.479021 0.205818 0.062937 0.034029
18 0.809690 0.358397 0.044955 0.060373
19 0.341159 0.562569 0.030969 0.049396
19 0.640859 0.187157 0.048951 0.045005
20 0.349650 0.889682 0.025974 0.047201
20 0.634865 0.409440 0.034965 0.043908
21 0.712288 0.613063 0.043956 0.025247
21 0.271229 0.271679 0.034965 0.049396
22 0.877123 0.854007 0.097902 0.065862
23 0.320180 0.571350 0.030969 0.053787