0 0.424772 0.872867 0.183891 0.162116
0 0.626140 0.406997 0.173252 0.155290
1 0.203647 0.535836 0.139818 0.167235
1 0.265957 0.259386 0.176292 0.153584
2 0.142097 0.600683 0.135258 0.136519
2 0.169453 0.343857 0.083587 0.165529
3 0.129179 0.575939 0.100304 0.138225
3 0.847264 0.486348 0.138298 0.112628
4 0.303951 0.767065 0.155015 0.066553
4 0.865502 0.700512 0.129179 0.080205
5 0.508359 0.861775 0.135258 0.112628
5 0.740122 0.796075 0.106383 0.124573
6 0.756839 0.505973 0.094225 0.134812
6 0.259119 0.688567 0.068389 0.148464
7 0.514438 0.286689 0.101824 0.085324
7 0.474924 0.386519 0.129179 0.059727
8 0.663374 0.732082 0.095745 0.098976
8 0.767477 0.131399 0.051672 0.133106
9 0.681611 0.573379 0.107903 0.085324
9 0.499240 0.117747 0.123100 0.058020
10 0.620821 0.664676 0.074468 0.069966
10 0.581307 0.576792 0.056231 0.119454
11 0.935410 0.518771 0.089666 0.122867
11 0.466565 0.550341 0.088146 0.104096
12 0.735562 0.389078 0.097264 0.061433
12 0.457447 0.179181 0.097264 0.061433
13 0.729483 0.447099 0.094225 0.047782
13 0.626900 0.305461 0.089666 0.085324
14 0.506079 0.926621 0.069909 0.078498
14 0.800152 0.627133 0.083587 0.087031
15 0.503040 0.739761 0.085106 0.049488
15 0.327508 0.624573 0.059271 0.078498
16 0.367021 0.708191 0.083587 0.064846
16 0.464286 0.610922 0.077508 0.061433
17 0.648176 0.495734 0.071429 0.059727
17 0.560030 0.535836 0.056231 0.075085
18 0.300152 0.679181 0.056231 0.054608
18 0.778875 0.790956 0.050152 0.066553
19 0.319149 0.853242 0.057751 0.061433
19 0.468085 0.488055 0.036474 0.075085
20 0.854863 0.160410 0.041033 0.064846
20 0.566109 0.385666 0.047112 0.054608
21 0.170973 0.798635 0.053191 0.054608
21 0.293313 0.493174 0.063830 0.054608
22 0.601064 0.189420 0.074468 0.122867
22 0.114742 0.354096 0.104863 0.090444
23 0.468085 0.777304 0.048632 0.029010