0 0.668770 0.588468 0.230284 0.080569
0 0.803628 0.417852 0.077287 0.222749
1 0.748423 0.271722 0.222397 0.082148
1 0.628549 0.368088 0.127760 0.126382
2 0.227918 0.226698 0.187697 0.096367
2 0.276025 0.481043 0.072555 0.169036
3 0.382492 0.734597 0.152997 0.107425
3 0.290221 0.567930 0.094637 0.165877
4 0.521293 0.202212 0.067823 0.132701
4 0.335174 0.659558 0.111987 0.140600
5 0.601735 0.706951 0.118297 0.115324
5 0.455047 0.854660 0.165615 0.050553
6 0.639590 0.906003 0.102524 0.109005
6 0.391956 0.699842 0.070978 0.139021
7 0.476341 0.625592 0.100946 0.107425
7 0.282334 0.646919 0.056782 0.131122
8 0.388801 0.353870 0.137224 0.078989
8 0.176656 0.474724 0.056782 0.131122
9 0.178233 0.344392 0.066246 0.126382
9 0.171136 0.704581 0.093060 0.104265
10 0.529968 0.616904 0.119874 0.083728
10 0.361199 0.840442 0.047319 0.139021
11 0.510252 0.345972 0.093060 0.107425
11 0.488170 0.419431 0.052050 0.121643
12 0.735804 0.382306 0.052050 0.101106
12 0.559937 0.109795 0.050473 0.118483
13 0.673502 0.237757 0.078864 0.099526
13 0.212934 0.360190 0.069401 0.097946
14 0.266562 0.388626 0.069401 0.091627
14 0.552839 0.421011 0.108833 0.048973
15 0.384069 0.207741 0.089905 0.074250
15 0.563091 0.779621 0.053628 0.090047
16 0.631703 0.470774 0.067823 0.078989
16 0.470032 0.510269 0.091483 0.072670
17 0.647476 0.612164 0.058360 0.077409
17 0.418770 0.819905 0.074132 0.060032
18 0.901420 0.400474 0.080442 0.058452
18 0.473186 0.201422 0.069401 0.071090
19 0.574921 0.517378 0.074132 0.058452
19 0.365142 0.481833 0.067823 0.050553
20 0.824132 0.507899 0.055205 0.061611
20 0.828076 0.419431 0.050473 0.048973
21 0.895899 0.648499 0.069401 0.071090
21 0.261041 0.325434 0.052050 0.078989
22 0.912461 0.505529 0.115142 0.101106
23 0.228707 0.146130 0.056782 0.067930