0 0.377409 0.721966 0.095289 0.101382
0 0.138116 0.346390 0.130621 0.161290
1 0.657923 0.533026 0.076017 0.141321
1 0.612955 0.738863 0.071734 0.125960
2 0.220021 0.321813 0.088865 0.136713
2 0.298715 0.163594 0.074946 0.102919
3 0.592612 0.294163 0.056745 0.161290
3 0.151499 0.379416 0.065310 0.153610
4 0.253212 0.518433 0.071734 0.115207
4 0.375268 0.268049 0.073876 0.115207
5 0.693790 0.147465 0.044968 0.150538
5 0.442184 0.879416 0.094218 0.109063
6 0.600107 0.572965 0.071734 0.082949
6 0.180407 0.847158 0.084582 0.090630
7 0.308351 0.248080 0.055675 0.093702
7 0.538544 0.449309 0.064240 0.090630
8 0.208779 0.708909 0.053533 0.075269
8 0.504818 0.298771 0.063169 0.072197
9 0.453426 0.578341 0.071734 0.102919
9 0.722698 0.244240 0.070664 0.067588
10 0.679336 0.715054 0.056745 0.102919
10 0.116167 0.587558 0.086724 0.050691
11 0.670236 0.311828 0.049251 0.122888
11 0.479657 0.821045 0.083512 0.053763
12 0.644540 0.890169 0.074946 0.062980
12 0.264989 0.803379 0.065310 0.079877
13 0.234475 0.811060 0.053533 0.089094
13 0.086188 0.345622 0.063169 0.095238
14 0.397752 0.152842 0.054604 0.059908
14 0.461456 0.341014 0.051392 0.061444
15 0.370985 0.876344 0.063169 0.050691
15 0.528373 0.379416 0.054604 0.073733
16 0.785867 0.432412 0.038544 0.090630
16 0.444861 0.649002 0.039615 0.090630
17 0.861884 0.350998 0.057816 0.056836
17 0.456638 0.442396 0.056745 0.052227
18 0.714668 0.635945 0.033191 0.082949
18 0.050857 0.492320 0.039615 0.078341
19 0.186831 0.897081 0.043897 0.064516
19 0.205032 0.460829 0.046039 0.052227
20 0.111349 0.621352 0.029979 0.069124
20 0.495717 0.447005 0.032120 0.046083
21 0.944325 0.475422 0.040685 0.066052
21 0.560493 0.795699 0.039615 0.064516
22 0.333512 0.623656 0.091006 0.052227
22 0.564240 0.494624 0.049251 0.098310