0 0.259657 0.154561 0.187411 0.231419
0 0.412732 0.201858 0.081545 0.265203
1 0.633047 0.875000 0.095851 0.131757
1 0.200286 0.277872 0.214592 0.106419
2 0.123033 0.481419 0.177396 0.172297
2 0.610157 0.478885 0.164521 0.143581
3 0.580830 0.614865 0.097282 0.189189
3 0.844063 0.496622 0.080114 0.192568
4 0.772532 0.277872 0.080114 0.113176
4 0.547210 0.170608 0.141631 0.125000
5 0.524320 0.791385 0.121602 0.163851
5 0.723176 0.671453 0.072961 0.146959
6 0.135908 0.687500 0.082976 0.141892
6 0.141631 0.502534 0.074392 0.184122
7 0.155937 0.180743 0.120172 0.135135
7 0.833333 0.633446 0.067239 0.168919
8 0.568670 0.820946 0.058655 0.138514
8 0.729614 0.454392 0.097282 0.067568
9 0.319027 0.711149 0.111588 0.118243
9 0.472103 0.159628 0.111588 0.126689
10 0.371960 0.788007 0.060086 0.160473
10 0.595136 0.253378 0.085837 0.125000
11 0.636624 0.167230 0.062947 0.125000
11 0.481402 0.132601 0.098712 0.130068
12 0.310443 0.640203 0.080114 0.091216
12 0.698856 0.389358 0.084406 0.069257
13 0.261803 0.575169 0.082976 0.086149
13 0.695279 0.319257 0.103004 0.047297
14 0.434907 0.790541 0.088698 0.097973
14 0.437768 0.865709 0.057225 0.106419
15 0.515737 0.480574 0.081545 0.065878
15 0.263948 0.197635 0.081545 0.064189
16 0.286123 0.596284 0.065808 0.081081
16 0.342632 0.241554 0.067239 0.091216
17 0.502861 0.930743 0.084406 0.040541
17 0.743920 0.798986 0.048641 0.094595
18 0.407010 0.393581 0.061516 0.060811
18 0.345494 0.325169 0.067239 0.059122
19 0.395565 0.642736 0.070100 0.045608
19 0.667382 0.520270 0.072961 0.060811
20 0.788269 0.538851 0.040057 0.067568
20 0.469242 0.463682 0.051502 0.065878
21 0.602289 0.635980 0.054363 0.052365
21 0.441345 0.362331 0.061516 0.059122
22 0.267525 0.379223 0.105866 0.109797
23 0.711016 0.236486 0.037196 0.064189