0 0.598453 0.618978 0.091421 0.169343
0 0.609001 0.213139 0.135021 0.166423
1 0.246132 0.418248 0.118143 0.164964
1 0.212377 0.467883 0.118143 0.112409
2 0.286920 0.224818 0.118143 0.151825
2 0.115331 0.786861 0.140647 0.151825
3 0.203938 0.308029 0.075949 0.137226
3 0.126582 0.627737 0.098453 0.148905
4 0.384669 0.370073 0.119550 0.103650
4 0.832630 0.640876 0.064698 0.137226
5 0.897328 0.781022 0.098453 0.090511
5 0.151195 0.914599 0.074543 0.109489
6 0.843179 0.497810 0.071730 0.131387
6 0.497890 0.562044 0.092827 0.110949
7 0.303797 0.757664 0.109705 0.055474
7 0.462025 0.440876 0.082982 0.090511
8 0.751758 0.609489 0.077356 0.103650
8 0.776371 0.230657 0.112518 0.081752
9 0.796062 0.459124 0.056259 0.121168
9 0.303094 0.878102 0.063291 0.106569
10 0.528833 0.343796 0.112518 0.039416
10 0.243319 0.709489 0.095640 0.058394
11 0.225738 0.858394 0.082982 0.110949
11 0.653305 0.245255 0.080169 0.116788
12 0.098453 0.391241 0.090014 0.084672
12 0.663854 0.516058 0.070323 0.094891
13 0.400844 0.082482 0.064698 0.089051
13 0.682841 0.588321 0.080169 0.081752
14 0.375527 0.610219 0.053446 0.099270
14 0.193390 0.665693 0.091421 0.040876
15 0.722222 0.146715 0.085795 0.056934
15 0.415612 0.240146 0.046414 0.083212
16 0.924051 0.516788 0.047820 0.099270
16 0.500703 0.567883 0.073136 0.055474
17 0.841772 0.310949 0.063291 0.078832
17 0.227145 0.762044 0.060478 0.055474
18 0.645570 0.100730 0.078762 0.055474
18 0.928270 0.394161 0.064698 0.055474
19 0.691280 0.667153 0.066104 0.052555
19 0.436006 0.654015 0.056259 0.049635
20 0.197609 0.949635 0.046414 0.059854
20 0.624473 0.548175 0.047820 0.042336
21 0.774965 0.359854 0.056259 0.056934
21 0.464135 0.648175 0.056259 0.049635
22 0.106188 0.324818 0.085795 0.080292
22 0.371308 0.501460 0.098453 0.089051