0 0.399334 0.323379 0.153078 0.121160
0 0.592346 0.385666 0.212978 0.143345
1 0.883527 0.583618 0.183028 0.139932
1 0.733777 0.596416 0.113145 0.196246
2 0.669717 0.860922 0.227953 0.076792
2 0.312812 0.581058 0.133111 0.189420
3 0.252080 0.843857 0.141431 0.182594
3 0.215474 0.311433 0.154742 0.162116
4 0.526622 0.458191 0.154742 0.165529
4 0.588186 0.185154 0.098170 0.189420
5 0.393511 0.818259 0.044925 0.182594
5 0.177205 0.643345 0.068220 0.174061
6 0.578203 0.306314 0.071547 0.158703
6 0.515807 0.201365 0.083195 0.153584
7 0.251248 0.768771 0.103161 0.138225
7 0.141431 0.764505 0.093178 0.139932
8 0.472546 0.650171 0.139767 0.102389
8 0.536606 0.714164 0.054908 0.151877
9 0.329451 0.627133 0.096506 0.131399
9 0.223794 0.280717 0.091514 0.145051
10 0.186356 0.609215 0.153078 0.068259
10 0.581531 0.821672 0.154742 0.059727
11 0.434276 0.165529 0.059900 0.146758
11 0.420965 0.592150 0.123128 0.078498
12 0.569052 0.895904 0.113145 0.064846
12 0.455075 0.855802 0.064892 0.114334
13 0.403494 0.431741 0.084859 0.105802
13 0.455075 0.543515 0.118136 0.052901
14 0.154742 0.428328 0.109817 0.040956
14 0.336106 0.502560 0.079867 0.110922
15 0.700499 0.760239 0.113145 0.063140
15 0.337770 0.759386 0.066556 0.095563
16 0.495840 0.292662 0.069884 0.093857
16 0.571547 0.438567 0.098170 0.047782
17 0.430948 0.761945 0.049917 0.093857
17 0.256240 0.367747 0.083195 0.063140
18 0.346090 0.197099 0.079867 0.066553
18 0.311980 0.396758 0.048253 0.087031
19 0.489185 0.834471 0.076539 0.075085
19 0.636439 0.401877 0.071547 0.056314
20 0.349418 0.105802 0.079867 0.068259
20 0.513311 0.105802 0.064892 0.054608
21 0.821963 0.704778 0.059900 0.061433
21 0.253744 0.425768 0.064892 0.059727
22 0.733777 0.633106 0.159734 0.081911
22 0.169717 0.488055 0.126456 0.098976