0 0.193750 0.169702 0.115625 0.127483
0 0.893750 0.437914 0.131250 0.124172
1 0.710156 0.722682 0.242188 0.067881
1 0.555469 0.443709 0.095312 0.208609
2 0.167187 0.470199 0.093750 0.162252
2 0.353125 0.865894 0.134375 0.105960
3 0.150781 0.350166 0.167187 0.077815
3 0.258594 0.552980 0.160938 0.056291
4 0.655469 0.730960 0.114062 0.137417
4 0.089063 0.221026 0.128125 0.127483
5 0.261719 0.616722 0.160938 0.064570
5 0.466406 0.888245 0.142187 0.120861
6 0.290625 0.177980 0.081250 0.074503
6 0.718750 0.493377 0.112500 0.059603
7 0.382812 0.276490 0.103125 0.102649
7 0.638281 0.434603 0.139063 0.038079
8 0.498437 0.375828 0.081250 0.069536
8 0.779687 0.365066 0.112500 0.057947
9 0.440625 0.654801 0.109375 0.094371
9 0.525781 0.567881 0.107813 0.082781
10 0.182031 0.649007 0.098437 0.096026
10 0.457031 0.393212 0.101562 0.051325
11 0.651563 0.866722 0.093750 0.117550
11 0.711719 0.859272 0.110937 0.096026
12 0.314063 0.269040 0.090625 0.051325
12 0.693750 0.376656 0.078125 0.084437
13 0.593750 0.835265 0.071875 0.091060
13 0.784375 0.587748 0.056250 0.099338
14 0.781250 0.444536 0.081250 0.057947
14 0.717187 0.632450 0.040625 0.099338
15 0.175781 0.084437 0.085938 0.043046
15 0.673438 0.536424 0.087500 0.029801
16 0.465625 0.734272 0.084375 0.061258
16 0.705469 0.562086 0.076563 0.044702
17 0.683594 0.930464 0.064062 0.076159
17 0.631250 0.378311 0.071875 0.041391
18 0.922656 0.584437 0.070312 0.056291
18 0.788281 0.678808 0.076563 0.046358
19 0.305469 0.688742 0.048438 0.069536
19 0.686719 0.667219 0.042188 0.069536
20 0.240625 0.500000 0.050000 0.049669
20 0.844531 0.670530 0.045312 0.066225
21 0.620313 0.519868 0.068750 0.039735
21 0.850000 0.504139 0.056250 0.054636
22 0.382031 0.775662 0.132812 0.084437
22 0.704688 0.610927 0.143750 0.052980