0 0.642487 0.254109 0.059585 0.106195
0 0.441710 0.873578 0.199482 0.078382
1 0.203368 0.676359 0.155440 0.108723
1 0.398316 0.558786 0.081606 0.176991
2 0.723446 0.209861 0.063472 0.146650
2 0.661269 0.204804 0.099741 0.118837
3 0.685233 0.424147 0.124352 0.084703
3 0.422280 0.708597 0.124352 0.079646
4 0.569301 0.128951 0.097150 0.128951
4 0.132124 0.388116 0.044041 0.134008
5 0.505829 0.537927 0.133420 0.067004
5 0.332902 0.685209 0.116580 0.073325
6 0.759715 0.604298 0.089378 0.078382
6 0.224093 0.592288 0.124352 0.056890
7 0.481865 0.418458 0.069948 0.080910
7 0.181347 0.388116 0.054404 0.098609
8 0.781088 0.386220 0.101036 0.049305
8 0.256477 0.885588 0.113990 0.041719
9 0.828368 0.510746 0.104922 0.037927
9 0.398316 0.658028 0.076425 0.084703
10 0.326425 0.652971 0.056995 0.082174
10 0.383420 0.383692 0.098446 0.039191
11 0.445596 0.822377 0.095855 0.059418
11 0.314119 0.390013 0.063472 0.099874
12 0.474741 0.939317 0.045337 0.101138
12 0.102979 0.390013 0.058290 0.079646
13 0.913860 0.414033 0.058290 0.082174
13 0.605570 0.673198 0.060881 0.077118
14 0.485104 0.761062 0.060881 0.070796
14 0.210492 0.541087 0.058290 0.078382
15 0.335492 0.785082 0.082902 0.045512
15 0.228627 0.474716 0.037565 0.077118
16 0.566062 0.458913 0.072539 0.032870
16 0.560881 0.606827 0.072539 0.037927
17 0.616580 0.467762 0.041451 0.060683
17 0.082254 0.678887 0.034974 0.073325
18 0.713083 0.649810 0.055699 0.037927
18 0.216969 0.348925 0.053109 0.048040
19 0.665155 0.148546 0.053109 0.041719
19 0.905440 0.620733 0.041451 0.040455
20 0.487694 0.372314 0.050518 0.034134
20 0.193653 0.478508 0.047927 0.041719
21 0.757124 0.527181 0.053109 0.035398
21 0.094560 0.540455 0.041451 0.054362
22 0.276554 0.192162 0.042746 0.126422
23 0.851684 0.300885 0.050518 0.050569