0 0.193013 0.239979 0.134021 0.081192
0 0.459336 0.070401 0.187858 0.099692
1 0.791523 0.658273 0.171821 0.089414
1 0.320160 0.471223 0.134021 0.153135
2 0.765178 0.812436 0.107675 0.112025
2 0.473654 0.725591 0.069874 0.104830
3 0.715922 0.654162 0.137457 0.114080
3 0.139175 0.385920 0.081329 0.159301
4 0.515464 0.474306 0.107675 0.134635
4 0.275487 0.529291 0.063001 0.160329
5 0.474800 0.910586 0.079038 0.170606
5 0.584765 0.302158 0.081329 0.086331
6 0.412944 0.251285 0.085911 0.095581
6 0.217068 0.429599 0.063001 0.125385
7 0.150630 0.332477 0.095074 0.124358
7 0.395762 0.139774 0.088202 0.113052
8 0.670103 0.297533 0.132875 0.054471
8 0.451317 0.106372 0.036655 0.136691
9 0.604811 0.105344 0.082474 0.114080
9 0.553265 0.385920 0.091638 0.072970
10 0.681558 0.553443 0.142039 0.052415
10 0.765178 0.234327 0.089347 0.119219
11 0.758877 0.753340 0.124857 0.063720
11 0.643184 0.229702 0.097365 0.066804
12 0.643184 0.722508 0.117984 0.061665
12 0.491982 0.762076 0.081329 0.087359
13 0.426117 0.418294 0.100802 0.065776
13 0.176976 0.183453 0.120275 0.056526
14 0.806987 0.674717 0.056128 0.093525
14 0.688431 0.689106 0.123711 0.075026
15 0.690149 0.550874 0.072165 0.073998
15 0.132875 0.157760 0.093929 0.066804
16 0.195876 0.323741 0.061856 0.080164
16 0.583620 0.373073 0.067583 0.065776
17 0.268041 0.381295 0.084765 0.032888
17 0.396907 0.316547 0.040092 0.073998
18 0.506300 0.499486 0.066438 0.049332
18 0.538946 0.246660 0.049255 0.061665
19 0.219359 0.164954 0.037801 0.064748
19 0.452463 0.310894 0.075601 0.033916
20 0.219931 0.500514 0.064147 0.030832
20 0.186140 0.198869 0.060710 0.031860
21 0.540092 0.391572 0.046964 0.043165
21 0.489118 0.204008 0.059565 0.033916
22 0.610538 0.479959 0.054983 0.131552
23 0.222795 0.260021 0.067583 0.024666