0 0.175966 0.321162 0.128755 0.198212
0 0.148784 0.239195 0.131617 0.236960
1 0.397711 0.292846 0.108727 0.129657
1 0.259657 0.125186 0.133047 0.080477
2 0.660229 0.763785 0.095851 0.219076
2 0.386981 0.461252 0.155937 0.150522
3 0.434907 0.758569 0.103004 0.160954
3 0.452074 0.777198 0.165951 0.144560
4 0.811159 0.596870 0.157368 0.084948
4 0.663805 0.521610 0.148784 0.137109
5 0.231760 0.779434 0.077253 0.172876
5 0.332618 0.392697 0.130186 0.117735
6 0.648784 0.394933 0.158798 0.110283
6 0.515737 0.608048 0.144492 0.101341
7 0.482117 0.870343 0.120172 0.125186
7 0.193133 0.319672 0.120172 0.123696
8 0.515021 0.192996 0.131617 0.037258
8 0.298999 0.488077 0.108727 0.105812
9 0.548641 0.412072 0.052933 0.135618
9 0.507153 0.232489 0.127325 0.041729
10 0.364092 0.697466 0.081545 0.122206
10 0.271817 0.567064 0.128755 0.052161
11 0.123033 0.650522 0.120172 0.129657
11 0.628040 0.720566 0.134478 0.099851
12 0.442775 0.570045 0.121602 0.055142
12 0.489270 0.274218 0.094421 0.056632
13 0.635908 0.350224 0.052933 0.116244
13 0.263233 0.621461 0.108727 0.083458
14 0.418455 0.694486 0.061516 0.110283
14 0.387697 0.529061 0.080114 0.065574
15 0.600143 0.338301 0.044349 0.101341
15 0.524320 0.643815 0.090129 0.053651
16 0.859084 0.462742 0.084406 0.081967
16 0.699571 0.480626 0.091559 0.052161
17 0.678112 0.409091 0.060086 0.081967
17 0.545064 0.152757 0.088698 0.040238
18 0.798999 0.692250 0.067239 0.090909
18 0.538627 0.342772 0.055794 0.071535
19 0.180973 0.461997 0.064378 0.071535
19 0.113019 0.476155 0.045780 0.078987
20 0.480687 0.469449 0.060086 0.041729
20 0.513591 0.316692 0.054363 0.058122
21 0.246781 0.479136 0.070100 0.043219
21 0.254649 0.440387 0.068670 0.037258
22 0.557225 0.839791 0.081545 0.159463
23 0.535765 0.534277 0.041488 0.055142