0 0.368018 0.367488 0.120482 0.134052
0 0.451260 0.398305 0.142388 0.118644
1 0.490142 0.257319 0.042716 0.237288
1 0.405805 0.445300 0.130340 0.175655
2 0.636911 0.712635 0.130340 0.063174
2 0.465498 0.685670 0.102957 0.144838
3 0.422782 0.840524 0.124863 0.087827
3 0.181271 0.288136 0.082147 0.172573
4 0.637459 0.771957 0.111720 0.098613
4 0.352683 0.600924 0.118291 0.058552
5 0.345016 0.664099 0.094195 0.092450
5 0.607338 0.571649 0.042716 0.160247
6 0.593647 0.757319 0.094195 0.078582
6 0.401972 0.174884 0.124863 0.044684
7 0.265608 0.400616 0.093100 0.070878
7 0.617744 0.568567 0.096386 0.073960
8 0.763965 0.602465 0.031763 0.141757
8 0.481380 0.296610 0.099671 0.053929
9 0.325849 0.232666 0.049288 0.138675
9 0.558050 0.382126 0.079956 0.080123
10 0.846659 0.596302 0.035049 0.141757
10 0.730559 0.694145 0.067908 0.109399
11 0.239321 0.255778 0.025192 0.141757
11 0.249726 0.395223 0.072289 0.112481
12 0.200986 0.641757 0.027382 0.112481
12 0.393209 0.542373 0.028478 0.098613
13 0.264513 0.632512 0.040526 0.093991
13 0.461117 0.535439 0.052574 0.084746
14 0.596386 0.886749 0.071194 0.063174
14 0.621577 0.403698 0.055860 0.092450
15 0.250274 0.683359 0.047097 0.078582
15 0.329135 0.491525 0.062432 0.052388
16 0.336802 0.442989 0.060241 0.053929
16 0.422234 0.544684 0.031763 0.084746
17 0.804491 0.576271 0.044907 0.083205
17 0.678532 0.629430 0.044907 0.063174
18 0.496166 0.818952 0.050383 0.053929
18 0.399781 0.392142 0.054765 0.044684
19 0.150602 0.700308 0.044907 0.060092
19 0.576123 0.542373 0.041621 0.049307
20 0.267798 0.566256 0.031763 0.047766
20 0.242059 0.508475 0.043812 0.052388
21 0.423330 0.678737 0.036145 0.047766
21 0.344469 0.562404 0.033954 0.061633
22 0.550383 0.506163 0.075575 0.106317
22 0.647864 0.771957 0.095290 0.089368