0 0.531899 0.183333 0.179525 0.203030
0 0.376113 0.315152 0.164688 0.260606
1 0.366469 0.249242 0.145401 0.107576
1 0.718843 0.566667 0.164688 0.130303
2 0.787092 0.743182 0.135015 0.150000
2 0.551929 0.772727 0.195846 0.093939
3 0.577151 0.833333 0.201780 0.075758
3 0.357567 0.365152 0.097923 0.172727
4 0.216617 0.355303 0.157270 0.162121
4 0.204006 0.685606 0.194362 0.098485
5 0.226261 0.790152 0.123145 0.165152
5 0.849407 0.568939 0.072700 0.204545
6 0.433976 0.881818 0.093472 0.124242
6 0.416172 0.777273 0.123145 0.106061
7 0.477745 0.360606 0.059347 0.142424
7 0.658012 0.456061 0.093472 0.145455
8 0.670623 0.337121 0.118694 0.131818
8 0.623887 0.511364 0.045994 0.150000
9 0.432493 0.552273 0.117211 0.116667
9 0.488872 0.740909 0.140950 0.103030
10 0.514837 0.537879 0.097923 0.081818
10 0.784125 0.694697 0.057864 0.165152
11 0.399852 0.642424 0.066766 0.145455
11 0.309347 0.834848 0.099407 0.145455
12 0.342730 0.495455 0.044510 0.124242
12 0.572700 0.551515 0.071217 0.103030
13 0.268546 0.456061 0.056380 0.112121
13 0.597923 0.656818 0.130564 0.059091
14 0.585312 0.390909 0.078635 0.118182
14 0.534866 0.669697 0.102374 0.096970
15 0.637240 0.731061 0.072700 0.098485
15 0.586795 0.741667 0.066766 0.107576
16 0.520772 0.262121 0.091988 0.093939
16 0.373887 0.790909 0.103858 0.066667
17 0.548220 0.325000 0.099407 0.050000
17 0.419881 0.369697 0.059347 0.087879
18 0.287092 0.620455 0.087537 0.040909
18 0.395401 0.890152 0.081602 0.068182
19 0.460682 0.462121 0.075668 0.057576
19 0.179525 0.602273 0.065282 0.086364
20 0.328635 0.585606 0.060831 0.040909
20 0.410979 0.481061 0.053412 0.059091
21 0.301187 0.557576 0.068249 0.042424
21 0.508160 0.634091 0.045994 0.080303
22 0.218101 0.443182 0.083086 0.159091
22 0.315282 0.694697 0.152819 0.116667