0 0.879386 0.561905 0.109649 0.161905
0 0.639620 0.562698 0.156433 0.103175
1 0.375731 0.193651 0.225146 0.085714
1 0.818713 0.577778 0.084795 0.263492
2 0.398392 0.255556 0.059942 0.187302
2 0.476608 0.772222 0.067251 0.214286
3 0.156433 0.565873 0.140351 0.176190
3 0.800439 0.411905 0.138889 0.141270
4 0.163012 0.208730 0.159357 0.138095
4 0.745614 0.216667 0.131579 0.153968
5 0.756579 0.400794 0.118421 0.157143
5 0.711257 0.111905 0.106725 0.185714
6 0.331140 0.676984 0.057018 0.176190
6 0.569444 0.368254 0.133041 0.133333
7 0.382310 0.635714 0.135965 0.074603
7 0.448099 0.690476 0.133041 0.069841
8 0.677632 0.356349 0.138889 0.058730
8 0.592105 0.244444 0.058480 0.130159
9 0.364035 0.465873 0.125731 0.071429
9 0.707602 0.265079 0.090643 0.095238
10 0.554825 0.796032 0.077485 0.131746
10 0.752924 0.775397 0.134503 0.061905
11 0.338450 0.545238 0.103801 0.115873
11 0.554094 0.465873 0.119883 0.074603
12 0.266082 0.254762 0.067251 0.119048
12 0.240497 0.513492 0.065789 0.125397
13 0.698099 0.719048 0.083333 0.079365
13 0.594298 0.492063 0.103801 0.044444
14 0.630117 0.599206 0.061404 0.106349
14 0.687865 0.411111 0.095029 0.053968
15 0.711257 0.615079 0.083333 0.039683
15 0.549708 0.249206 0.040936 0.107937
16 0.445175 0.274603 0.080409 0.085714
16 0.774854 0.595238 0.043860 0.098413
17 0.644006 0.763492 0.036550 0.085714
17 0.515351 0.415873 0.045322 0.085714
18 0.199561 0.447619 0.054094 0.082540
18 0.747807 0.661111 0.051170 0.071429
19 0.586988 0.784127 0.071637 0.034921
19 0.582602 0.746032 0.071637 0.038095
20 0.343567 0.319048 0.038012 0.069841
20 0.528509 0.534921 0.057018 0.057143
21 0.317251 0.504762 0.040936 0.057143
21 0.652778 0.547619 0.059942 0.044444
22 0.650585 0.204762 0.099415 0.133333
23 0.500731 0.591270 0.042398 0.074603