0 0.184122 0.422156 0.185811 0.155689
0 0.563063 0.850299 0.150901 0.104790
1 0.341216 0.837575 0.103604 0.193114
1 0.453829 0.693862 0.072072 0.172156
2 0.654842 0.139970 0.152027 0.133234
2 0.321509 0.342814 0.091216 0.197605
3 0.421734 0.151946 0.122748 0.106287
3 0.134009 0.572605 0.045045 0.220060
4 0.211149 0.264970 0.091216 0.191617
4 0.351914 0.862275 0.170045 0.080838
5 0.388514 0.696108 0.087838 0.155689
5 0.409910 0.625749 0.110360 0.218563
6 0.773649 0.578593 0.135135 0.076347
6 0.211712 0.812126 0.078829 0.106287
7 0.877252 0.530689 0.060811 0.172156
7 0.181306 0.751497 0.069820 0.149701
8 0.636261 0.347305 0.112613 0.092814
8 0.418356 0.560629 0.134009 0.076347
9 0.225225 0.500749 0.038288 0.178144
9 0.840090 0.433383 0.065315 0.163174
10 0.710586 0.270210 0.117117 0.088323
10 0.662725 0.668413 0.097973 0.121257
11 0.323761 0.588323 0.037162 0.167665
11 0.817568 0.556138 0.099099 0.088323
12 0.247185 0.557635 0.095721 0.094311
12 0.668919 0.554641 0.067568 0.103293
13 0.306869 0.196856 0.084459 0.088323
13 0.394144 0.482784 0.092342 0.055389
14 0.541104 0.278443 0.066441 0.110778
14 0.340090 0.723802 0.040541 0.139222
15 0.121622 0.387725 0.060811 0.071856
15 0.288288 0.704341 0.067568 0.100299
16 0.637950 0.444611 0.068694 0.086826
16 0.587275 0.583832 0.073198 0.077844
17 0.462275 0.264222 0.073198 0.046407
17 0.402027 0.265719 0.054054 0.085329
18 0.716216 0.307635 0.060811 0.076347
18 0.554054 0.488772 0.040541 0.085329
19 0.587275 0.695359 0.043919 0.082335
19 0.588964 0.444611 0.065315 0.041916
20 0.287725 0.410180 0.028153 0.071856
20 0.627252 0.404940 0.047297 0.037425
21 0.664977 0.369012 0.057432 0.052395
21 0.731419 0.505988 0.043919 0.080838
22 0.179617 0.544162 0.048423 0.157186
22 0.751689 0.602545 0.041667 0.166168