0 0.315900 0.643994 0.177127 0.124457
0 0.372385 0.635311 0.195258 0.127352
1 0.643654 0.234443 0.221757 0.240232
1 0.684798 0.634588 0.111576 0.163531
2 0.801953 0.314038 0.175732 0.196816
2 0.584379 0.735166 0.161785 0.136035
3 0.341702 0.849493 0.083682 0.167873
3 0.442817 0.290883 0.096234 0.185239
4 0.468619 0.713459 0.105997 0.089725
4 0.408647 0.559334 0.172943 0.091172
5 0.647141 0.529667 0.142259 0.112880
5 0.693166 0.409551 0.092050 0.162084
6 0.244073 0.293777 0.100418 0.127352
6 0.729428 0.546310 0.122734 0.143271
7 0.740586 0.730101 0.114365 0.082489
7 0.516039 0.295948 0.105997 0.120116
8 0.239191 0.404486 0.126918 0.065123
8 0.328452 0.367583 0.118550 0.092619
9 0.491632 0.569465 0.099024 0.094067
9 0.294282 0.151230 0.075314 0.128799
10 0.299163 0.452967 0.129707 0.034732
10 0.827057 0.507236 0.052999 0.157742
11 0.464435 0.831404 0.128312 0.065123
11 0.571827 0.712012 0.064156 0.121563
12 0.238494 0.206946 0.114365 0.066570
12 0.350767 0.248915 0.104603 0.089725
13 0.735007 0.517366 0.089261 0.088278
13 0.604603 0.596961 0.082287 0.079595
14 0.638773 0.354559 0.117155 0.052098
14 0.357043 0.159190 0.100418 0.098408
15 0.513250 0.441389 0.089261 0.052098
15 0.453975 0.730101 0.068340 0.094067
16 0.628312 0.368307 0.046025 0.108538
16 0.675035 0.640376 0.092050 0.056440
17 0.354254 0.324891 0.058577 0.094067
17 0.389121 0.183792 0.078103 0.072359
18 0.592748 0.529667 0.075314 0.040521
18 0.540446 0.197540 0.062762 0.076700
19 0.560669 0.379161 0.066946 0.046310
19 0.518131 0.498553 0.040446 0.073806
20 0.071130 0.256874 0.050209 0.065123
20 0.518131 0.221418 0.059972 0.052098
21 0.414226 0.351664 0.044630 0.063676
21 0.645746 0.456585 0.039052 0.062229
22 0.684798 0.722142 0.125523 0.092619
22 0.358438 0.694645 0.125523 0.063676