0 0.328221 0.850377 0.241718 0.049516
0 0.347239 0.659311 0.184049 0.054898
1 0.631902 0.437567 0.152147 0.072121
1 0.719018 0.504844 0.051534 0.148547
2 0.514110 0.090420 0.130061 0.105490
2 0.139264 0.362756 0.065031 0.124865
3 0.279141 0.425727 0.121472 0.067815
3 0.176687 0.209365 0.085890 0.106566
4 0.650920 0.609795 0.126380 0.041981
4 0.204908 0.540904 0.098160 0.091496
5 0.249080 0.698062 0.122699 0.078579
5 0.566871 0.226588 0.115337 0.069968
6 0.326994 0.304090 0.067485 0.089343
6 0.362577 0.137244 0.119018 0.069968
7 0.377914 0.298170 0.036810 0.086114
7 0.209202 0.152314 0.050307 0.095802
8 0.838650 0.177072 0.082209 0.082885
8 0.417178 0.652314 0.056442 0.092573
9 0.493252 0.297632 0.088344 0.067815
9 0.224540 0.347686 0.103067 0.040904
10 0.573620 0.300323 0.047853 0.090420
10 0.626380 0.651776 0.104294 0.048439
11 0.236196 0.465554 0.050307 0.085038
11 0.274233 0.206136 0.065031 0.082885
12 0.452761 0.430571 0.039264 0.066738
12 0.416564 0.224973 0.055215 0.071044
13 0.548466 0.396125 0.056442 0.062433
13 0.769939 0.093649 0.074847 0.066738
14 0.680982 0.061356 0.098160 0.049516
14 0.182822 0.284715 0.071166 0.033369
15 0.518405 0.357912 0.069939 0.046286
15 0.485890 0.393434 0.066258 0.052745
16 0.568712 0.164693 0.074847 0.043057
16 0.473006 0.650161 0.069939 0.040904
17 0.328834 0.371367 0.068712 0.038751
17 0.585890 0.379440 0.045399 0.052745
18 0.421472 0.290097 0.052761 0.048439
18 0.749080 0.972013 0.062577 0.038751
19 0.700000 0.915501 0.074847 0.057051
19 0.283436 0.259419 0.051534 0.040904
20 0.446012 0.480624 0.050307 0.041981
20 0.248466 0.296017 0.035583 0.040904
21 0.134356 0.532293 0.057669 0.035522
21 0.236810 0.257804 0.051534 0.044133
22 0.627607 0.358450 0.050307 0.090420
22 0.379755 0.437029 0.077301 0.062433