0 0.326560 0.594653 0.290276 0.073699
0 0.631350 0.344653 0.153846 0.171965
1 0.183599 0.377890 0.100145 0.226879
1 0.602322 0.275289 0.153846 0.203757
2 0.496372 0.894509 0.194485 0.132948
2 0.739478 0.123555 0.056604 0.192197
3 0.329463 0.759393 0.142235 0.145954
3 0.404209 0.500000 0.155298 0.118497
4 0.432511 0.331647 0.063861 0.174855
4 0.820755 0.234827 0.152395 0.157514
5 0.447750 0.731936 0.161103 0.085260
5 0.640784 0.494220 0.108853 0.138728
6 0.555878 0.765173 0.139332 0.117052
6 0.489115 0.373555 0.081277 0.148844
7 0.153846 0.686416 0.110305 0.153179
7 0.674165 0.082370 0.108853 0.118497
8 0.819303 0.797688 0.079826 0.132948
8 0.648766 0.869942 0.142235 0.069364
9 0.835269 0.175578 0.097242 0.131503
9 0.313498 0.752890 0.121916 0.135838
10 0.135704 0.565751 0.097242 0.140173
10 0.467344 0.246387 0.116110 0.105491
11 0.785922 0.372832 0.111756 0.078035
11 0.500726 0.142341 0.116110 0.114162
12 0.711176 0.700867 0.104499 0.066474
12 0.506531 0.687139 0.087083 0.082370
13 0.781567 0.605491 0.105951 0.063584
13 0.687228 0.269509 0.074020 0.093931
14 0.269956 0.372832 0.087083 0.104046
14 0.785922 0.200867 0.044993 0.092486
15 0.619013 0.565751 0.074020 0.096821
15 0.348331 0.523844 0.098694 0.065029
16 0.505806 0.868497 0.094340 0.098266
16 0.484035 0.494942 0.100145 0.056358
17 0.608853 0.643786 0.056604 0.085260
17 0.816401 0.301301 0.082729 0.059249
18 0.747460 0.424855 0.066763 0.075145
18 0.449202 0.459538 0.074020 0.046243
19 0.373730 0.378613 0.082729 0.060694
19 0.342525 0.330202 0.058055 0.079480
20 0.588534 0.399566 0.056604 0.050578
20 0.664006 0.213873 0.050798 0.054913
21 0.714078 0.578757 0.066763 0.047688
21 0.704644 0.511561 0.056604 0.054913
22 0.791001 0.465318 0.130624 0.075145
22 0.484761 0.591763 0.130624 0.102601