0 0.110879 0.859073 0.126918 0.225225
0 0.654812 0.727156 0.121339 0.198198
1 0.319386 0.546332 0.189679 0.135135
1 0.336820 0.555341 0.177127 0.168597
2 0.547420 0.709781 0.171548 0.075933
2 0.332636 0.476190 0.138075 0.077220
3 0.292887 0.131274 0.181311 0.095238
3 0.264296 0.279923 0.143654 0.117117
4 0.244770 0.946589 0.099024 0.078507
4 0.771269 0.569498 0.097629 0.093951
5 0.289400 0.835907 0.126918 0.075933
5 0.486750 0.390605 0.094840 0.109395
6 0.326360 0.648649 0.150628 0.033462
6 0.222455 0.507079 0.068340 0.120978
7 0.926081 0.545689 0.097629 0.102960
7 0.658298 0.521236 0.125523 0.056628
8 0.786611 0.477477 0.089261 0.100386
8 0.369596 0.351351 0.133891 0.069498
9 0.480474 0.310811 0.104603 0.065637
9 0.245467 0.282497 0.128312 0.091377
10 0.317992 0.780566 0.108787 0.091377
10 0.544630 0.546332 0.037657 0.117117
11 0.546025 0.702703 0.093445 0.100386
11 0.594840 0.559846 0.051604 0.102960
12 0.729428 0.701416 0.033473 0.095238
12 0.775453 0.702059 0.052999 0.104247
13 0.386332 0.756113 0.069735 0.081081
13 0.368201 0.687259 0.094840 0.054054
14 0.449791 0.714286 0.082287 0.072072
14 0.442817 0.529601 0.099024 0.050193
15 0.466527 0.393179 0.071130 0.052767
15 0.363319 0.582368 0.082287 0.050193
16 0.288006 0.702059 0.082287 0.068211
16 0.607392 0.481982 0.090656 0.047619
17 0.868898 0.517375 0.066946 0.056628
17 0.832636 0.489060 0.039052 0.074646
18 0.476987 0.785071 0.055788 0.069498
18 0.303347 0.819176 0.073919 0.034749
19 0.407950 0.835907 0.071130 0.042471
19 0.711994 0.606821 0.062762 0.047619
20 0.513947 0.485199 0.043236 0.054054
20 0.557183 0.438224 0.065551 0.042471
21 0.448396 0.638996 0.051604 0.052767
21 0.540446 0.534749 0.062762 0.037323
22 0.578801 0.630631 0.114365 0.064350
23 0.546722 0.771557 0.036262 0.057915