0 0.324441 0.294821 0.218589 0.131474
0 0.337349 0.630478 0.110155 0.161355
1 0.658348 0.574701 0.067126 0.237052
1 0.723752 0.348606 0.215146 0.123506
2 0.554217 0.439243 0.061962 0.205179
2 0.493115 0.157371 0.132530 0.163347
3 0.331325 0.550797 0.149742 0.113546
3 0.564544 0.592629 0.113597 0.177291
4 0.496558 0.740040 0.098107 0.117530
4 0.407057 0.635458 0.149742 0.115538
5 0.471601 0.244024 0.079174 0.157371
5 0.154045 0.437251 0.146299 0.113546
6 0.363167 0.395418 0.120482 0.117530
6 0.230637 0.388446 0.123924 0.123506
7 0.745267 0.426295 0.123924 0.099602
7 0.518072 0.605578 0.089501 0.143426
8 0.627367 0.423307 0.070568 0.141434
8 0.399312 0.210159 0.072289 0.121514
9 0.244406 0.492032 0.048193 0.147410
9 0.259897 0.639442 0.055077 0.139442
10 0.543890 0.834661 0.127367 0.087649
10 0.648881 0.592629 0.130809 0.085657
11 0.826162 0.544821 0.065404 0.153386
11 0.574010 0.171315 0.118761 0.119522
12 0.381239 0.286853 0.046472 0.127490
12 0.469019 0.480080 0.108434 0.059761
13 0.543029 0.267928 0.070568 0.093625
13 0.462995 0.408367 0.061962 0.115538
14 0.710843 0.499004 0.075731 0.109562
14 0.332186 0.225100 0.044750 0.119522
15 0.442341 0.546813 0.072289 0.081673
15 0.308090 0.397410 0.079174 0.089641
16 0.423408 0.855578 0.086059 0.105578
16 0.397590 0.514940 0.058520 0.097610
17 0.617040 0.866534 0.063683 0.091633
17 0.535284 0.334661 0.065404 0.079681
18 0.555077 0.765936 0.084337 0.057769
18 0.327883 0.750996 0.060241 0.087649
19 0.596386 0.686255 0.049914 0.093625
19 0.586059 0.428287 0.067126 0.047809
20 0.474182 0.626494 0.053356 0.053785
20 0.299484 0.453187 0.044750 0.057769
21 0.427711 0.780876 0.067126 0.051793
21 0.422547 0.714143 0.053356 0.073705
22 0.908778 0.531873 0.099828 0.163347