0 0.380988 0.316485 0.217066 0.097978
0 0.288174 0.595645 0.118263 0.199067
1 0.258982 0.354588 0.086826 0.189736
1 0.389970 0.506998 0.169162 0.102644
2 0.535180 0.419907 0.115269 0.143079
2 0.275449 0.859253 0.140719 0.129082
3 0.565868 0.648523 0.128743 0.143079
3 0.612275 0.802488 0.131737 0.127527
4 0.455838 0.237947 0.163174 0.080871
4 0.402695 0.824261 0.086826 0.152411
5 0.796407 0.305599 0.110778 0.166407
5 0.323353 0.685070 0.146707 0.094868
6 0.180389 0.563764 0.064371 0.150855
6 0.291916 0.594090 0.125749 0.108865
7 0.607036 0.303266 0.046407 0.136858
7 0.520210 0.517107 0.109281 0.079316
8 0.346557 0.409020 0.100299 0.071540
8 0.220808 0.758942 0.133234 0.062208
9 0.672904 0.538880 0.091317 0.101089
9 0.143713 0.419129 0.116766 0.091757
10 0.519461 0.138414 0.128743 0.062208
10 0.424401 0.692846 0.124251 0.051322
11 0.411677 0.545879 0.116766 0.090202
11 0.440120 0.909798 0.131737 0.083981
12 0.086078 0.478227 0.073353 0.101089
12 0.413174 0.737947 0.098802 0.048212
13 0.425898 0.634526 0.085329 0.065319
13 0.608533 0.857698 0.073353 0.101089
14 0.560629 0.280715 0.061377 0.104199
14 0.201347 0.412131 0.079341 0.068429
15 0.628743 0.708398 0.089820 0.069984
15 0.456587 0.854588 0.086826 0.048212
16 0.643713 0.344479 0.044910 0.097978
16 0.471557 0.423795 0.086826 0.045101
17 0.317365 0.752722 0.065868 0.068429
17 0.562874 0.784603 0.062874 0.073095
18 0.502246 0.328927 0.058383 0.069984
18 0.217066 0.597201 0.038922 0.071540
19 0.497006 0.188180 0.065868 0.065319
19 0.289671 0.506998 0.049401 0.071540
20 0.905689 0.278383 0.068862 0.065319
20 0.605539 0.442457 0.043413 0.073095
21 0.547156 0.358476 0.055389 0.054432
21 0.523952 0.783048 0.044910 0.066874
22 0.140719 0.520995 0.056886 0.136858
22 0.576347 0.578538 0.116766 0.080871