0 0.706577 0.392913 0.252951 0.196850
0 0.661046 0.193701 0.158516 0.141732
1 0.183811 0.767717 0.134907 0.190551
1 0.532040 0.634646 0.109612 0.248819
2 0.735245 0.712598 0.138280 0.111811
2 0.836425 0.459843 0.178752 0.132283
3 0.619730 0.603150 0.062395 0.182677
3 0.403879 0.245669 0.082631 0.135433
4 0.569983 0.593701 0.202361 0.085039
4 0.485666 0.445669 0.124789 0.132283
5 0.098651 0.561417 0.133221 0.159055
5 0.865093 0.538583 0.182125 0.097638
6 0.649241 0.521260 0.172007 0.100787
6 0.277403 0.400787 0.119730 0.092913
7 0.225126 0.739370 0.055649 0.155906
7 0.476391 0.734646 0.092749 0.155906
8 0.844013 0.365354 0.106239 0.085039
8 0.458685 0.130709 0.091062 0.081890
9 0.357504 0.881890 0.097808 0.144882
9 0.548904 0.386614 0.150084 0.074016
10 0.393761 0.792913 0.160202 0.051969
10 0.359191 0.248819 0.087690 0.122835
11 0.390388 0.550394 0.150084 0.045669
11 0.559022 0.074016 0.119730 0.066142
12 0.743676 0.328346 0.121417 0.055118
12 0.548061 0.303150 0.057336 0.121260
13 0.289207 0.760630 0.133221 0.072441
13 0.674536 0.417323 0.124789 0.059843
14 0.440978 0.428346 0.129848 0.053543
14 0.378583 0.671654 0.119730 0.070866
15 0.438449 0.723622 0.053963 0.080315
15 0.707420 0.376378 0.106239 0.053543
16 0.336425 0.448031 0.086003 0.070866
16 0.420742 0.879528 0.096121 0.077165
17 0.251265 0.609449 0.104553 0.050394
17 0.477234 0.246457 0.097808 0.039370
18 0.410624 0.608661 0.065767 0.074016
18 0.451096 0.856693 0.072513 0.059843
19 0.586847 0.706299 0.080944 0.048819
19 0.108769 0.667717 0.086003 0.044094
20 0.900506 0.612598 0.064081 0.062992
20 0.489882 0.395276 0.055649 0.069291
21 0.520236 0.200000 0.062395 0.047244
21 0.493255 0.661417 0.089376 0.044094
22 0.677066 0.161417 0.150084 0.083465
23 0.377740 0.735433 0.043845 0.072441