0 0.736047 0.182441 0.097674 0.160648
0 0.748837 0.343711 0.116279 0.154421
1 0.583721 0.242217 0.137209 0.113325
1 0.673837 0.749066 0.145349 0.105853
2 0.776744 0.506849 0.111628 0.114570
2 0.462209 0.306351 0.108140 0.119552
3 0.799419 0.292653 0.112791 0.092154
3 0.473837 0.533624 0.047674 0.125778
4 0.698256 0.182441 0.094186 0.110834
4 0.451163 0.812578 0.123256 0.041096
5 0.560465 0.470735 0.074419 0.124533
5 0.388953 0.574720 0.115116 0.046077
6 0.694186 0.525529 0.102326 0.049813
6 0.570930 0.665006 0.081395 0.099626
7 0.663372 0.568493 0.103488 0.043587
7 0.398837 0.595268 0.046512 0.112080
8 0.256977 0.294521 0.083721 0.088418
8 0.309302 0.513076 0.095349 0.062267
9 0.256977 0.424658 0.088372 0.074720
9 0.427326 0.190535 0.098837 0.044832
10 0.339535 0.370486 0.090698 0.068493
10 0.776163 0.509963 0.070930 0.098381
11 0.912791 0.516189 0.067442 0.100872
11 0.465116 0.377335 0.093023 0.067248
12 0.438372 0.139477 0.046512 0.082192
12 0.516279 0.683686 0.067442 0.069738
13 0.325000 0.313200 0.070930 0.066002
13 0.477907 0.766501 0.079070 0.046077
14 0.813953 0.245330 0.086047 0.049813
14 0.831977 0.661270 0.087209 0.062267
15 0.472093 0.093400 0.074419 0.059776
15 0.590116 0.448319 0.063953 0.044832
16 0.601163 0.176214 0.039535 0.073474
16 0.424419 0.694894 0.044186 0.077210
17 0.465698 0.237235 0.056977 0.061021
17 0.817442 0.206102 0.062791 0.058531
18 0.298256 0.448941 0.040698 0.058531
18 0.874419 0.288917 0.065116 0.044832
19 0.620349 0.381071 0.047674 0.064757
19 0.105233 0.352428 0.059302 0.062267
20 0.376744 0.314446 0.053488 0.043587
20 0.567442 0.094022 0.053488 0.051059
21 0.654651 0.181818 0.053488 0.044832
21 0.524419 0.727273 0.048837 0.044832
22 0.906977 0.404732 0.060465 0.112080
23 0.697093 0.666252 0.050000 0.052304