0 0.731651 0.655922 0.105505 0.127436
0 0.553517 0.398051 0.073394 0.226387
1 0.538991 0.182159 0.206422 0.115442
1 0.422783 0.718891 0.151376 0.187406
2 0.645260 0.872564 0.146789 0.140930
2 0.269113 0.719640 0.186544 0.068966
3 0.719419 0.220390 0.062691 0.173913
3 0.274465 0.354573 0.178899 0.076462
4 0.441896 0.338081 0.076453 0.157421
4 0.119266 0.350075 0.152905 0.094453
5 0.535933 0.593703 0.129969 0.122939
5 0.478593 0.306597 0.045872 0.169415
6 0.569572 0.835832 0.139144 0.118441
6 0.163609 0.547226 0.140673 0.089955
7 0.659021 0.870315 0.162080 0.046477
7 0.318807 0.748876 0.111621 0.115442
8 0.428899 0.931034 0.142202 0.080960
8 0.668196 0.883808 0.076453 0.106447
9 0.426606 0.517991 0.064220 0.100450
9 0.382263 0.605697 0.097859 0.119940
10 0.592508 0.743628 0.081040 0.116942
10 0.653670 0.366567 0.114679 0.100450
11 0.825688 0.190405 0.070336 0.122939
11 0.299694 0.823088 0.085627 0.128936
12 0.386086 0.254873 0.068807 0.113943
12 0.306575 0.300600 0.041284 0.106447
13 0.456422 0.862819 0.084098 0.100450
13 0.416667 0.153673 0.074924 0.106447
14 0.664373 0.633433 0.056575 0.103448
14 0.590979 0.272114 0.102446 0.061469
15 0.186544 0.424288 0.094801 0.074963
15 0.288991 0.622939 0.091743 0.046477
16 0.423547 0.416792 0.085627 0.062969
16 0.428899 0.583958 0.090214 0.055472
17 0.545107 0.674663 0.050459 0.080960
17 0.668196 0.199400 0.045872 0.083958
18 0.499235 0.740630 0.053517 0.074963
18 0.349388 0.456522 0.087156 0.049475
19 0.538991 0.528486 0.081040 0.043478
19 0.447248 0.643928 0.035168 0.076462
20 0.440367 0.833583 0.051988 0.059970
20 0.621560 0.664918 0.035168 0.052474
21 0.555810 0.736132 0.065749 0.044978
21 0.495413 0.684408 0.058104 0.043478
22 0.708716 0.724138 0.151376 0.062969
23 0.533639 0.229385 0.067278 0.038981