0 0.474708 0.192427 0.129702 0.224111
0 0.349546 0.238022 0.232166 0.095827
1 0.525940 0.339258 0.050584 0.273570
1 0.316472 0.827666 0.202335 0.128284
2 0.664073 0.620556 0.067445 0.177743
2 0.174449 0.343895 0.102464 0.153014
3 0.802205 0.267388 0.105058 0.188563
3 0.437095 0.683926 0.051881 0.187017
4 0.861219 0.585008 0.054475 0.190108
4 0.495460 0.853941 0.153048 0.044822
5 0.710765 0.405719 0.046693 0.183926
5 0.264591 0.535549 0.132296 0.128284
6 0.806096 0.370170 0.133593 0.106646
6 0.287289 0.486862 0.050584 0.163833
7 0.776913 0.458269 0.054475 0.146832
7 0.607004 0.257342 0.103761 0.119011
8 0.177043 0.751159 0.058366 0.157651
8 0.257458 0.222566 0.092088 0.098918
9 0.530480 0.523957 0.108949 0.086553
9 0.382620 0.629830 0.080415 0.122102
10 0.639429 0.205564 0.095979 0.080371
10 0.353437 0.401082 0.102464 0.103555
11 0.594682 0.686244 0.058366 0.132921
11 0.588197 0.897218 0.120623 0.054096
12 0.302853 0.629830 0.045396 0.112828
12 0.355383 0.513138 0.075227 0.095827
13 0.532425 0.380989 0.102464 0.041731
13 0.241245 0.470634 0.067445 0.094281
14 0.663424 0.739567 0.076524 0.103555
14 0.245785 0.638331 0.084306 0.071097
15 0.654994 0.437403 0.041505 0.098918
15 0.625811 0.197063 0.063554 0.100464
16 0.880674 0.336940 0.041505 0.102009
16 0.425422 0.523957 0.085603 0.061824
17 0.418936 0.142195 0.077821 0.071097
17 0.333982 0.163833 0.058366 0.083462
18 0.563554 0.289026 0.053178 0.064915
18 0.467575 0.654560 0.058366 0.063369
19 0.873541 0.550232 0.073930 0.043277
19 0.689364 0.607419 0.058366 0.046368
20 0.924125 0.574189 0.055772 0.047913
20 0.832036 0.506182 0.037613 0.063369
21 0.612840 0.545595 0.040208 0.068006
21 0.721141 0.660742 0.041505 0.075734
22 0.766537 0.717929 0.106355 0.066461
22 0.457847 0.734930 0.124514 0.051005