0 0.609632 0.422914 0.157161 0.214993
0 0.448035 0.766620 0.237009 0.161245
1 0.520913 0.202263 0.111534 0.203678
1 0.136248 0.398161 0.128010 0.111740
2 0.441698 0.205092 0.067174 0.198020
2 0.595691 0.671853 0.157161 0.079208
3 0.768061 0.219236 0.043093 0.178218
3 0.286439 0.771570 0.108999 0.086280
4 0.466413 0.739745 0.038023 0.175389
4 0.435361 0.921499 0.140684 0.131542
5 0.202788 0.175389 0.078580 0.172560
5 0.930925 0.450495 0.125475 0.137199
6 0.130545 0.186704 0.116603 0.101839
6 0.773764 0.516973 0.128010 0.094767
7 0.780735 0.406648 0.119138 0.055163
7 0.605830 0.613154 0.035488 0.137199
8 0.303549 0.403819 0.057034 0.131542
8 0.259189 0.657709 0.115336 0.053748
9 0.064639 0.267327 0.093790 0.141443
9 0.296578 0.147100 0.068441 0.127298
10 0.294043 0.262376 0.091255 0.077793
10 0.776299 0.369873 0.115336 0.069307
11 0.358682 0.364215 0.030418 0.123055
11 0.580482 0.785714 0.063371 0.131542
12 0.264259 0.196605 0.077313 0.050919
12 0.510139 0.891796 0.105196 0.074965
13 0.365653 0.462518 0.087452 0.048091
13 0.387199 0.922914 0.072243 0.097595
14 0.470849 0.066478 0.105196 0.059406
14 0.705957 0.504950 0.083650 0.059406
15 0.668568 0.266620 0.049430 0.080622
15 0.503169 0.153465 0.055767 0.077793
16 0.631812 0.587694 0.041825 0.089109
16 0.473384 0.315417 0.084918 0.059406
17 0.534854 0.774399 0.055767 0.066478
17 0.504436 0.701556 0.040558 0.076379
18 0.736375 0.293494 0.040558 0.080622
18 0.230038 0.371994 0.044360 0.090523
19 0.579214 0.239745 0.073511 0.046676
19 0.169202 0.646393 0.054499 0.059406
20 0.501901 0.467468 0.050697 0.057992
20 0.517744 0.842999 0.051965 0.067893
21 0.269962 0.859264 0.055767 0.043847
21 0.326996 0.098303 0.043093 0.066478
22 0.361850 0.763083 0.115336 0.106082
22 0.335868 0.872702 0.078580 0.118812