0 0.546875 0.398480 0.268092 0.069490
0 0.283717 0.624864 0.215461 0.070575
1 0.434211 0.742671 0.141447 0.152009
1 0.537007 0.138436 0.202303 0.142237
2 0.292763 0.446797 0.161184 0.114007
2 0.380757 0.908795 0.146382 0.136808
3 0.259046 0.254072 0.116776 0.123779
3 0.416941 0.643865 0.129934 0.112921
4 0.417763 0.781759 0.125000 0.110749
4 0.161184 0.810532 0.065789 0.129207
5 0.614309 0.247557 0.123355 0.123779
5 0.595395 0.434853 0.144737 0.092291
6 0.562500 0.263301 0.180921 0.061889
6 0.537829 0.667210 0.125000 0.081433
7 0.879934 0.097177 0.174342 0.044517
7 0.189967 0.681325 0.139803 0.070575
8 0.445724 0.517372 0.105263 0.087948
8 0.307566 0.889794 0.105263 0.092291
9 0.328125 0.659609 0.097039 0.087948
9 0.097862 0.692182 0.060855 0.094463
10 0.598684 0.505972 0.157895 0.039088
10 0.576480 0.596634 0.087171 0.090119
11 0.550164 0.112378 0.106908 0.094463
11 0.316612 0.564604 0.136513 0.069490
12 0.465461 0.273616 0.118421 0.043431
12 0.209704 0.880565 0.113487 0.058632
13 0.509868 0.325733 0.062500 0.071661
13 0.394737 0.396851 0.055921 0.081433
14 0.552632 0.196526 0.069079 0.082519
14 0.299342 0.515201 0.118421 0.033659
15 0.318257 0.327904 0.050987 0.078176
15 0.306743 0.727470 0.060855 0.067318
16 0.443257 0.301303 0.103618 0.042345
16 0.414474 0.579805 0.078947 0.060803
17 0.307566 0.399566 0.095395 0.047774
17 0.421053 0.456569 0.085526 0.046688
18 0.435855 0.334962 0.075658 0.051031
18 0.546053 0.534745 0.088816 0.042345
19 0.859375 0.546145 0.077303 0.054289
19 0.507401 0.578176 0.083882 0.044517
20 0.482730 0.423453 0.054276 0.043431
20 0.628289 0.591748 0.065789 0.034745
21 0.534539 0.455483 0.075658 0.038002
21 0.438322 0.412052 0.054276 0.046688
22 0.168586 0.763301 0.146382 0.084691
23 0.393914 0.229642 0.083882 0.040174