0 0.221418 0.517241 0.199711 0.155922
0 0.889291 0.577961 0.160637 0.196402
1 0.752533 0.858321 0.164978 0.115442
1 0.829957 0.485007 0.085384 0.190405
2 0.515195 0.255622 0.153401 0.073463
2 0.109986 0.757121 0.092619 0.143928
3 0.353111 0.395802 0.086831 0.101949
3 0.403763 0.507496 0.138929 0.100450
4 0.282923 0.760120 0.102750 0.155922
4 0.799566 0.555472 0.056440 0.148426
5 0.492764 0.311094 0.073806 0.133433
5 0.594790 0.394303 0.150507 0.062969
6 0.549928 0.117691 0.138929 0.124438
6 0.819826 0.755622 0.094067 0.116942
7 0.654124 0.709895 0.092619 0.109445
7 0.739508 0.578711 0.089725 0.122939
8 0.188133 0.464018 0.052098 0.127436
8 0.429088 0.703898 0.102750 0.097451
9 0.730101 0.837331 0.079595 0.112444
9 0.903763 0.562219 0.076700 0.107946
10 0.277858 0.716642 0.112880 0.086957
10 0.667873 0.597451 0.073806 0.121439
11 0.233719 0.543478 0.056440 0.130435
11 0.226483 0.898801 0.085384 0.130435
12 0.520260 0.884558 0.050651 0.101949
12 0.326339 0.792354 0.094067 0.049475
13 0.507236 0.625937 0.085384 0.088456
13 0.750362 0.492504 0.091172 0.070465
14 0.638205 0.294603 0.078148 0.073463
14 0.638205 0.515742 0.046310 0.095952
15 0.149059 0.529985 0.081042 0.052474
15 0.397974 0.655172 0.095514 0.050975
16 0.905210 0.370315 0.105644 0.071964
16 0.581766 0.357571 0.086831 0.046477
17 0.617945 0.257871 0.075253 0.062969
17 0.407381 0.349325 0.076700 0.059970
18 0.472504 0.441529 0.068017 0.049475
18 0.589001 0.610195 0.063676 0.071964
19 0.151954 0.701649 0.066570 0.080960
19 0.509407 0.786357 0.083936 0.046477
20 0.259045 0.478261 0.052098 0.056972
20 0.343705 0.885307 0.062229 0.052474
21 0.282200 0.619190 0.063676 0.038981
21 0.466715 0.606447 0.053546 0.049475
22 0.353835 0.924288 0.143271 0.049475
23 0.583213 0.455022 0.046310 0.052474