0 0.850619 0.704874 0.230650 0.178700
0 0.427245 0.557762 0.238390 0.140794
1 0.715944 0.491877 0.153251 0.265343
1 0.739938 0.477437 0.142415 0.268953
2 0.440402 0.417870 0.178019 0.138989
2 0.238390 0.422383 0.142415 0.234657
3 0.739164 0.585740 0.088235 0.218412
3 0.315015 0.169675 0.137771 0.191336
4 0.435759 0.784296 0.078947 0.211191
4 0.368421 0.184116 0.160991 0.184116
5 0.579721 0.498195 0.088235 0.194946
5 0.436533 0.198556 0.142415 0.137184
6 0.577399 0.314982 0.092879 0.182310
6 0.356811 0.836643 0.106811 0.146209
7 0.797988 0.497292 0.116099 0.146209
7 0.194272 0.306859 0.109907 0.144404
8 0.179567 0.768051 0.120743 0.113718
8 0.264706 0.393502 0.142415 0.083032
9 0.231424 0.824910 0.137771 0.097473
9 0.400929 0.383574 0.120743 0.128159
10 0.583591 0.797834 0.139319 0.101083
10 0.219040 0.451264 0.150155 0.083032
11 0.490712 0.361011 0.052632 0.162455
11 0.267028 0.683213 0.143963 0.052347
12 0.626935 0.478339 0.074303 0.115523
12 0.373839 0.330325 0.116099 0.064982
13 0.584365 0.848375 0.113003 0.079422
13 0.413313 0.696751 0.117647 0.068592
14 0.766254 0.591155 0.061920 0.120939
14 0.387771 0.552347 0.106811 0.075812
15 0.493034 0.690433 0.063467 0.113718
15 0.346749 0.656137 0.095975 0.059567
16 0.426471 0.684116 0.051084 0.122744
16 0.327399 0.747292 0.100619 0.061372
17 0.496904 0.792419 0.086687 0.043321
17 0.370743 0.481949 0.085139 0.043321
18 0.435759 0.408845 0.075851 0.041516
18 0.351393 0.864621 0.077399 0.046931
19 0.262384 0.926895 0.066563 0.092058
19 0.252322 0.504513 0.068111 0.070397
20 0.366099 0.829422 0.044892 0.059567
20 0.456656 0.173285 0.049536 0.083032
21 0.529412 0.314079 0.034056 0.083032
21 0.617647 0.916065 0.083591 0.048736
22 0.328947 0.541516 0.143963 0.090253
23 0.777090 0.670578 0.089783 0.055957