0 0.454435 0.211826 0.087485 0.175150
0 0.250911 0.096557 0.212637 0.100299
1 0.916768 0.399701 0.132442 0.212575
1 0.547995 0.669162 0.123937 0.194611
2 0.298299 0.482784 0.086270 0.142216
2 0.320170 0.179641 0.164034 0.062874
3 0.509113 0.566617 0.153098 0.073353
3 0.076549 0.404192 0.068044 0.179641
4 0.798906 0.451347 0.127582 0.124251
4 0.431956 0.381737 0.147023 0.062874
5 0.364520 0.671407 0.089915 0.094311
5 0.863305 0.160928 0.127582 0.118263
6 0.478736 0.872006 0.080194 0.157186
6 0.594168 0.512725 0.121507 0.097305
7 0.129405 0.634731 0.091130 0.125749
7 0.291616 0.197605 0.055893 0.092814
8 0.421628 0.635479 0.036452 0.148204
8 0.241191 0.142216 0.117861 0.035928
9 0.572296 0.312126 0.106926 0.091317
9 0.455043 0.226796 0.125152 0.052395
10 0.578372 0.857036 0.106926 0.073353
10 0.342041 0.456587 0.081409 0.125749
11 0.326853 0.810629 0.077764 0.088323
11 0.260632 0.363772 0.081409 0.104790
12 0.192588 0.577096 0.100851 0.058383
12 0.063183 0.275449 0.063183 0.110778
13 0.395504 0.875000 0.030377 0.124251
13 0.334143 0.160180 0.038882 0.119760
14 0.755164 0.573353 0.052248 0.107784
14 0.123937 0.099551 0.077764 0.103293
15 0.170717 0.506737 0.054678 0.088323
15 0.222357 0.455090 0.043742 0.086826
16 0.567436 0.630240 0.075334 0.071856
16 0.153098 0.330090 0.031592 0.100299
17 0.627582 0.798653 0.066829 0.046407
17 0.584447 0.442365 0.060753 0.073353
18 0.427096 0.841317 0.030377 0.074850
18 0.503038 0.739521 0.038882 0.068862
19 0.708384 0.556138 0.048603 0.064371
19 0.267922 0.448353 0.061968 0.049401
20 0.777643 0.802395 0.038882 0.074850
20 0.419198 0.318114 0.036452 0.058383
21 0.226610 0.619760 0.030377 0.074850
21 0.164034 0.433383 0.031592 0.061377
22 0.544350 0.912425 0.126367 0.052395
22 0.104496 0.373503 0.036452 0.154192