0 0.166147 0.580442 0.132605 0.217666
0 0.620125 0.836751 0.170047 0.197161
1 0.371295 0.665615 0.053042 0.208202
1 0.539002 0.890379 0.188768 0.165615
2 0.232449 0.577287 0.087363 0.182965
2 0.781591 0.791009 0.171607 0.077287
3 0.659126 0.362776 0.060842 0.148265
3 0.422777 0.379338 0.124805 0.134069
4 0.473479 0.401420 0.154446 0.042587
4 0.878315 0.581230 0.074883 0.124606
5 0.779251 0.548896 0.117005 0.126183
5 0.803432 0.660883 0.046802 0.164038
6 0.481279 0.114353 0.098284 0.118297
6 0.393916 0.502366 0.120125 0.102524
7 0.265211 0.104101 0.084243 0.138801
7 0.647426 0.863565 0.140406 0.077287
8 0.325273 0.354101 0.129485 0.061514
8 0.536661 0.608833 0.106084 0.085174
9 0.531201 0.880915 0.085803 0.115142
9 0.495320 0.784700 0.113885 0.077287
10 0.349454 0.281546 0.127925 0.045741
10 0.457878 0.716877 0.110764 0.067823
11 0.131825 0.376972 0.057722 0.138801
11 0.879095 0.723975 0.126365 0.075710
12 0.219969 0.432965 0.065523 0.099369
12 0.315133 0.506309 0.037441 0.104101
13 0.542902 0.291009 0.071763 0.086751
13 0.512480 0.507098 0.079563 0.077287
14 0.490640 0.218454 0.092044 0.052050
14 0.433697 0.626183 0.087363 0.066246
15 0.814353 0.438486 0.090484 0.047319
15 0.269111 0.443218 0.063963 0.075710
16 0.606864 0.220032 0.087363 0.077287
16 0.714509 0.396688 0.040562 0.089905
17 0.460998 0.265773 0.054602 0.077287
17 0.603744 0.581230 0.068643 0.070978
18 0.443838 0.513407 0.060842 0.064669
18 0.437598 0.854101 0.051482 0.080442
19 0.568643 0.434543 0.039002 0.074132
19 0.382215 0.837539 0.081123 0.044164
20 0.330733 0.640379 0.049922 0.047319
20 0.659126 0.632492 0.048362 0.069401
21 0.527301 0.346215 0.040562 0.058360
21 0.496880 0.642744 0.067083 0.039432
22 0.686427 0.482650 0.102964 0.085174
22 0.093604 0.539432 0.093604 0.126183