0 0.742133 0.587156 0.288462 0.122324
0 0.684441 0.754587 0.267483 0.151376
1 0.805070 0.733180 0.267483 0.227829
1 0.430944 0.113150 0.291958 0.079511
2 0.068182 0.588685 0.055944 0.241590
2 0.259615 0.366208 0.145105 0.215596
3 0.222902 0.455657 0.078671 0.125382
3 0.479895 0.056575 0.243007 0.048930
4 0.149476 0.624618 0.103147 0.185015
4 0.590909 0.496177 0.206294 0.059633
5 0.458916 0.467125 0.064685 0.172783
5 0.258741 0.255352 0.104895 0.177370
6 0.480769 0.806575 0.069930 0.178899
6 0.581294 0.671254 0.180070 0.122324
7 0.746503 0.931193 0.153846 0.103976
7 0.678322 0.742355 0.083916 0.139144
8 0.812937 0.591743 0.157343 0.064220
8 0.638986 0.396789 0.061189 0.133028
9 0.210664 0.746942 0.082168 0.154434
9 0.489510 0.871560 0.150350 0.079511
10 0.508741 0.824924 0.153846 0.096330
10 0.648601 0.042049 0.171329 0.074924
11 0.604021 0.427370 0.089161 0.117737
11 0.211538 0.185015 0.055944 0.149847
12 0.148601 0.486239 0.041958 0.131498
12 0.605769 0.146024 0.138112 0.044343
13 0.305944 0.529052 0.069930 0.134557
13 0.333042 0.218654 0.103147 0.103976
14 0.533217 0.502294 0.101399 0.093272
14 0.418706 0.195719 0.043706 0.122324
15 0.189685 0.363914 0.120629 0.055046
15 0.588287 0.084862 0.113636 0.056575
16 0.389860 0.431193 0.048951 0.100917
16 0.574301 0.268349 0.089161 0.096330
17 0.934441 0.658257 0.085664 0.059633
17 0.250000 0.164373 0.059441 0.084098
18 0.542832 0.380734 0.043706 0.076453
18 0.459790 0.217890 0.048951 0.081040
19 0.634615 0.416667 0.080420 0.050459
19 0.271853 0.337156 0.082168 0.065749
20 0.474650 0.575688 0.068182 0.050459
20 0.425699 0.608563 0.064685 0.058104
21 0.633741 0.280581 0.054196 0.068807
21 0.701923 0.136850 0.064685 0.056575
22 0.494755 0.405199 0.129371 0.134557
23 0.358392 0.465596 0.059441 0.056575