0 0.621392 0.740798 0.213922 0.144172
0 0.350594 0.359663 0.232598 0.084356
1 0.232598 0.484663 0.169779 0.159509
1 0.623090 0.165644 0.224109 0.073620
2 0.536503 0.929448 0.193548 0.049080
2 0.760611 0.524540 0.149406 0.101227
3 0.414261 0.501534 0.169779 0.036810
3 0.584890 0.290644 0.147708 0.075153
4 0.606961 0.783742 0.083192 0.153374
4 0.612054 0.213190 0.181664 0.042945
5 0.442275 0.818252 0.086587 0.145706
5 0.373514 0.571319 0.159593 0.059816
6 0.774194 0.611196 0.146010 0.081288
6 0.214771 0.523773 0.151104 0.096626
7 0.666384 0.835890 0.113752 0.088957
7 0.539898 0.139571 0.142615 0.039877
8 0.406621 0.671012 0.106961 0.093558
8 0.404075 0.273006 0.108659 0.067485
9 0.247029 0.086656 0.154499 0.050613
9 0.363328 0.209356 0.135823 0.044479
10 0.723260 0.703221 0.112054 0.087423
10 0.264007 0.351227 0.120543 0.088957
11 0.359083 0.724693 0.093379 0.108896
11 0.575552 0.395706 0.112054 0.082822
12 0.334465 0.639571 0.067912 0.082822
12 0.334465 0.280675 0.040747 0.095092
13 0.236842 0.473926 0.073005 0.088957
13 0.154499 0.422546 0.095076 0.075153
14 0.580645 0.585890 0.050934 0.104294
14 0.707131 0.285276 0.096774 0.064417
15 0.671477 0.508436 0.052632 0.084356
15 0.544143 0.345859 0.093379 0.059816
16 0.835314 0.559049 0.067912 0.081288
16 0.612054 0.528374 0.052632 0.093558
17 0.641766 0.602761 0.084890 0.042945
17 0.404924 0.161043 0.076401 0.064417
18 0.592530 0.080521 0.081494 0.050613
18 0.440577 0.463957 0.076401 0.053681
19 0.510187 0.883436 0.079796 0.049080
19 0.487267 0.293712 0.047538 0.065951
20 0.468591 0.424847 0.071307 0.042945
20 0.417657 0.348160 0.064516 0.039877
21 0.528014 0.538344 0.044143 0.070552
21 0.242784 0.416411 0.040747 0.062883
22 0.202037 0.338957 0.078098 0.088957
22 0.578098 0.284509 0.059423 0.121166