0 0.235060 0.880353 0.143426 0.173804
0 0.873174 0.758816 0.192563 0.172544
1 0.897742 0.091940 0.084993 0.110831
1 0.390438 0.492443 0.071713 0.166247
2 0.717795 0.396725 0.152722 0.110831
2 0.149402 0.741814 0.110226 0.118388
3 0.349934 0.470403 0.147410 0.034005
3 0.674635 0.597607 0.124834 0.112091
4 0.123506 0.591940 0.146082 0.060453
4 0.741036 0.869018 0.092961 0.146096
5 0.467463 0.534005 0.127490 0.065491
5 0.452855 0.510076 0.132802 0.057935
6 0.307437 0.702771 0.110226 0.080605
6 0.685259 0.678841 0.087649 0.118388
7 0.234396 0.603275 0.073041 0.103275
7 0.646746 0.891688 0.063745 0.120907
8 0.150066 0.847607 0.114210 0.062972
8 0.834661 0.582494 0.081009 0.112091
9 0.768924 0.937028 0.047809 0.120907
9 0.861222 0.728589 0.088977 0.112091
10 0.064409 0.440806 0.038513 0.123426
10 0.695883 0.671285 0.069057 0.108312
11 0.625498 0.498111 0.095618 0.081864
11 0.367862 0.631612 0.100930 0.051637
12 0.158035 0.680730 0.031873 0.094458
12 0.760292 0.639169 0.067729 0.074307
13 0.371182 0.907431 0.091633 0.084383
13 0.447543 0.735516 0.053121 0.088161
14 0.349270 0.580605 0.090305 0.055416
14 0.728420 0.607683 0.088977 0.039043
15 0.794821 0.333123 0.059761 0.071788
16 0.605578 0.451511 0.077025 0.061713
16 0.531208 0.556045 0.077025 0.056675
17 0.633466 0.553526 0.047809 0.061713
17 0.588977 0.706549 0.081009 0.030227
18 0.452855 0.369647 0.037185 0.059194
18 0.482736 0.442695 0.038513 0.061713
19 0.397078 0.668766 0.063745 0.035264
19 0.406375 0.765113 0.045153 0.064232
20 0.258300 0.804156 0.057105 0.041562
20 0.580345 0.755668 0.053121 0.042821
21 0.581009 0.579975 0.059761 0.028967
21 0.578353 0.615239 0.057105 0.036524
22 0.694555 0.425693 0.098274 0.080605
23 0.275564 0.511965 0.051793 0.036524