0 0.213274 0.492411 0.238938 0.145025
0 0.657522 0.875211 0.224779 0.202361
1 0.493805 0.299325 0.205310 0.153457
1 0.799115 0.462901 0.083186 0.231029
2 0.577876 0.597808 0.189381 0.150084
2 0.379646 0.876897 0.203540 0.114671
3 0.371681 0.134907 0.109735 0.172007
3 0.198230 0.540472 0.099115 0.163575
4 0.485841 0.374368 0.076106 0.182125
4 0.634513 0.912310 0.231858 0.074199
5 0.205310 0.720911 0.141593 0.166948
5 0.500000 0.217538 0.175221 0.074199
6 0.223894 0.808600 0.175221 0.106239
6 0.599115 0.439292 0.129204 0.092749
7 0.220354 0.139123 0.122124 0.119730
7 0.791150 0.283305 0.155752 0.091062
8 0.462832 0.762226 0.079646 0.134907
8 0.577876 0.646712 0.125664 0.079258
9 0.584071 0.700675 0.077876 0.099494
9 0.792035 0.806071 0.104425 0.121417
10 0.695575 0.827993 0.123894 0.124789
10 0.092920 0.337268 0.132743 0.080944
11 0.338053 0.570826 0.152212 0.072513
11 0.541593 0.378583 0.084956 0.092749
12 0.549558 0.530354 0.132743 0.065767
12 0.500885 0.598651 0.113274 0.064081
13 0.673451 0.500843 0.058407 0.121417
13 0.180531 0.596965 0.081416 0.101180
14 0.292920 0.329680 0.079646 0.096121
14 0.769027 0.894604 0.090265 0.119730
15 0.374336 0.483137 0.069027 0.092749
15 0.927434 0.669477 0.074336 0.080944
16 0.727434 0.655143 0.116814 0.065767
16 0.422124 0.779089 0.061947 0.104553
17 0.312389 0.413997 0.061947 0.099494
17 0.175221 0.317875 0.088496 0.072513
18 0.292920 0.645025 0.079646 0.082631
18 0.728319 0.477234 0.086726 0.057336
19 0.361947 0.862563 0.065487 0.092749
19 0.606195 0.768971 0.086726 0.053963
20 0.507965 0.935919 0.084956 0.060708
20 0.335398 0.758010 0.065487 0.055649
21 0.416814 0.607083 0.061947 0.064081
21 0.288496 0.748735 0.070796 0.070826
22 0.709735 0.602867 0.145133 0.089376
22 0.230088 0.449410 0.088496 0.166948