0 0.584808 0.533333 0.240413 0.101587
0 0.463127 0.207143 0.165192 0.119048
1 0.879056 0.573810 0.230088 0.223810
1 0.395280 0.400000 0.194690 0.209524
2 0.111357 0.569841 0.128319 0.231746
2 0.231563 0.200794 0.097345 0.214286
3 0.632006 0.792063 0.098820 0.234921
3 0.248525 0.657937 0.202065 0.103175
4 0.763274 0.302381 0.140118 0.176190
4 0.314159 0.697619 0.150442 0.173016
5 0.364307 0.091270 0.150442 0.169841
5 0.563422 0.612698 0.120944 0.076190
6 0.568584 0.311111 0.110619 0.155556
6 0.771386 0.100000 0.176991 0.060317
7 0.700590 0.084127 0.138643 0.085714
7 0.801622 0.243651 0.101770 0.147619
8 0.848083 0.743651 0.073746 0.188889
8 0.455752 0.777778 0.120944 0.098413
9 0.183628 0.365873 0.137168 0.100000
9 0.443953 0.923810 0.150442 0.098413
10 0.332596 0.473016 0.101770 0.107937
10 0.297198 0.419048 0.137168 0.082540
11 0.726401 0.322222 0.137168 0.092063
11 0.286873 0.411111 0.063422 0.152381
12 0.587758 0.897619 0.119469 0.109524
12 0.404130 0.400794 0.073746 0.115873
13 0.674041 0.444444 0.120944 0.060317
13 0.140855 0.231746 0.069322 0.152381
14 0.385693 0.716667 0.095870 0.112698
14 0.469027 0.867460 0.123894 0.052381
15 0.122419 0.485714 0.085546 0.076190
15 0.277286 0.742857 0.067847 0.114286
16 0.238938 0.512698 0.112094 0.060317
16 0.277286 0.579365 0.088496 0.092063
17 0.623156 0.261905 0.072271 0.098413
17 0.831858 0.180952 0.073746 0.092063
18 0.216814 0.396825 0.091445 0.050794
18 0.589971 0.517460 0.070796 0.076190
19 0.539823 0.785714 0.073746 0.079365
19 0.752212 0.632540 0.056047 0.090476
20 0.457227 0.688095 0.070796 0.071429
20 0.457227 0.193651 0.061947 0.053968
21 0.831858 0.664286 0.064897 0.065079
21 0.380531 0.831746 0.056047 0.088889
22 0.836283 0.477778 0.132743 0.142857
23 0.671091 0.715079 0.056047 0.065079