0 0.743172 0.127128 0.064076 0.215664
0 0.733718 0.658343 0.074580 0.170261
1 0.879202 0.356981 0.115546 0.148695
1 0.286239 0.899546 0.070378 0.112372
2 0.888655 0.448354 0.081933 0.106697
2 0.359244 0.901249 0.084034 0.083995
3 0.542017 0.657208 0.098739 0.086266
3 0.252626 0.716232 0.125000 0.038593
4 0.919643 0.492622 0.034664 0.133939
4 0.535189 0.822928 0.097689 0.102157
5 0.530987 0.691260 0.095588 0.097616
5 0.219013 0.803065 0.040966 0.130533
6 0.363445 0.840522 0.107143 0.041998
6 0.070378 0.912599 0.054622 0.106697
7 0.059874 0.752554 0.081933 0.088536
7 0.125000 0.936436 0.063025 0.106697
8 0.564076 0.093644 0.067227 0.107832
8 0.580882 0.287741 0.071429 0.105562
9 0.183824 0.902951 0.086134 0.053348
9 0.126050 0.585698 0.098739 0.038593
10 0.607668 0.358683 0.080882 0.061294
10 0.293592 0.663451 0.059874 0.091941
11 0.457458 0.598751 0.093487 0.055619
11 0.181197 0.675369 0.080882 0.068104
12 0.359769 0.692395 0.074580 0.031782
12 0.180672 0.933598 0.054622 0.069240
13 0.141807 0.830874 0.048319 0.081725
13 0.179097 0.853575 0.057773 0.063564
14 0.471113 0.678207 0.061975 0.073780
14 0.393382 0.728150 0.078782 0.037457
15 0.563550 0.749716 0.066176 0.037457
15 0.231618 0.668558 0.045168 0.065834
16 0.245273 0.757094 0.053571 0.061294
16 0.359769 0.801362 0.045168 0.068104
17 0.868697 0.766742 0.063025 0.060159
17 0.350840 0.628831 0.046218 0.063564
17 0.258403 0.833144 0.056723 0.040863
18 0.665441 0.866061 0.061975 0.038593
18 0.122899 0.738365 0.042017 0.048808
19 0.895483 0.053348 0.032563 0.065834
19 0.417017 0.671964 0.031513 0.054484
20 0.109769 0.663451 0.040966 0.035187
20 0.126576 0.767877 0.040966 0.035187
21 0.422794 0.803065 0.055672 0.037457
21 0.086134 0.752554 0.042017 0.049943
22 0.564076 0.703746 0.056723 0.072645
22 0.136029 0.660045 0.047269 0.085131