0 0.230769 0.233737 0.195266 0.219365
0 0.768491 0.481846 0.078402 0.316188
1 0.357249 0.793495 0.119822 0.198185
1 0.400888 0.295764 0.106509 0.246596
2 0.840237 0.633132 0.192308 0.110439
2 0.605769 0.759455 0.184911 0.069592
3 0.419379 0.328290 0.190828 0.075643
3 0.664941 0.784418 0.131657 0.125567
4 0.321006 0.086989 0.186391 0.119516
4 0.400888 0.710287 0.118343 0.180030
5 0.156065 0.474281 0.110947 0.131619
5 0.391272 0.664145 0.107988 0.169440
6 0.278846 0.881241 0.051775 0.173979
6 0.281805 0.702723 0.051775 0.170953
7 0.094675 0.548411 0.115385 0.092284
7 0.260355 0.661120 0.142012 0.057489
8 0.775888 0.262481 0.057692 0.155825
8 0.209320 0.457640 0.093195 0.104387
9 0.667160 0.120272 0.100592 0.134644
9 0.599112 0.343419 0.053254 0.145234
10 0.383136 0.403933 0.047337 0.136157
10 0.838757 0.560514 0.094675 0.152799
11 0.372781 0.504539 0.147929 0.055976
11 0.626479 0.575643 0.078402 0.152799
12 0.778107 0.453101 0.115385 0.077156
12 0.439349 0.861573 0.071006 0.125567
13 0.670118 0.455371 0.109467 0.063540
13 0.578402 0.801059 0.103550 0.059002
14 0.794379 0.331316 0.047337 0.111952
14 0.614645 0.144478 0.099112 0.095310
15 0.888314 0.425113 0.099112 0.063540
15 0.482249 0.516641 0.079882 0.055976
16 0.341716 0.556732 0.091716 0.057489
16 0.629438 0.556732 0.102071 0.069592
17 0.437130 0.130862 0.057692 0.095310
17 0.681213 0.208018 0.090237 0.055976
18 0.815828 0.388048 0.078402 0.068079
18 0.641272 0.618759 0.063609 0.069592
19 0.545858 0.492436 0.044379 0.083207
19 0.359467 0.668684 0.071006 0.051437
20 0.629438 0.673979 0.051775 0.059002
20 0.470414 0.559758 0.065089 0.042360
21 0.644231 0.401664 0.069527 0.059002
21 0.144231 0.656581 0.066568 0.075643
22 0.361686 0.940242 0.122781 0.089259
23 0.563609 0.568835 0.059172 0.048411