0 0.276659 0.301438 0.162322 0.105088
0 0.186019 0.512168 0.130332 0.110619
1 0.514810 0.615044 0.136256 0.161504
1 0.126185 0.307522 0.129147 0.170354
2 0.459123 0.126106 0.162322 0.128319
2 0.413507 0.461836 0.172986 0.069690
3 0.648104 0.593473 0.142180 0.136062
3 0.473341 0.097898 0.058057 0.167035
4 0.435427 0.921460 0.122038 0.084071
4 0.177133 0.360619 0.110190 0.126106
5 0.600711 0.191372 0.125592 0.073009
5 0.565758 0.662058 0.114929 0.127212
6 0.463270 0.556416 0.109005 0.112832
6 0.613744 0.356195 0.137441 0.086283
7 0.749408 0.412058 0.048578 0.133850
7 0.590640 0.280420 0.140995 0.043142
8 0.388626 0.449115 0.082938 0.115044
8 0.114929 0.494469 0.106635 0.073009
9 0.131517 0.409292 0.073460 0.086283
9 0.921209 0.591261 0.126777 0.065265
10 0.613744 0.502765 0.120853 0.058628
10 0.334123 0.508850 0.068720 0.134956
11 0.396327 0.284845 0.077014 0.125000
11 0.072275 0.384956 0.063981 0.128319
12 0.480450 0.436394 0.117299 0.038717
12 0.276659 0.568031 0.107820 0.049779
13 0.326422 0.726217 0.105450 0.069690
13 0.267180 0.445243 0.086493 0.071903
14 0.293246 0.337389 0.095972 0.073009
14 0.233412 0.469027 0.094787 0.044248
15 0.534360 0.543142 0.059242 0.086283
15 0.540877 0.409292 0.091232 0.042035
16 0.357820 0.783739 0.085308 0.063053
16 0.385664 0.717367 0.043839 0.085177
17 0.480450 0.211836 0.053318 0.080752
17 0.502370 0.521571 0.066351 0.058628
18 0.600118 0.464049 0.069905 0.049779
18 0.455569 0.860066 0.046209 0.080752
19 0.350118 0.651549 0.036730 0.070796
19 0.301540 0.305310 0.046209 0.066372
20 0.447867 0.950774 0.047393 0.049779
20 0.547986 0.648230 0.041469 0.055310
21 0.408768 0.495575 0.063981 0.042035
21 0.279621 0.378319 0.061611 0.037611
22 0.210900 0.629425 0.113744 0.119469
23 0.052725 0.423673 0.036730 0.061947