0 0.156355 0.224458 0.225753 0.151703
0 0.562709 0.425697 0.222408 0.092879
1 0.333612 0.259288 0.192308 0.159443
1 0.428094 0.779412 0.157191 0.100619
2 0.719064 0.235294 0.137124 0.160991
2 0.338629 0.774768 0.195652 0.063467
3 0.703177 0.852941 0.091973 0.179567
3 0.898829 0.691950 0.098662 0.179567
4 0.556856 0.390867 0.160535 0.094427
4 0.604515 0.529412 0.132107 0.142415
5 0.269231 0.673375 0.160535 0.086687
5 0.735786 0.722136 0.080268 0.168731
6 0.456522 0.450464 0.093645 0.133127
6 0.515886 0.081269 0.162207 0.063467
7 0.391304 0.474458 0.060201 0.131579
7 0.356187 0.449690 0.056856 0.128483
8 0.877926 0.265480 0.143813 0.091331
8 0.426421 0.524768 0.060201 0.130031
9 0.780936 0.717492 0.090301 0.119195
9 0.257525 0.273220 0.096990 0.072755
10 0.609532 0.892415 0.128763 0.103715
10 0.805184 0.229876 0.135452 0.085139
11 0.536789 0.311146 0.127090 0.077399
11 0.699833 0.451238 0.132107 0.072755
12 0.794314 0.338235 0.103679 0.088235
12 0.525920 0.457430 0.058528 0.094427
13 0.522575 0.735294 0.075251 0.102167
13 0.495819 0.166409 0.115385 0.051084
14 0.668896 0.368421 0.093645 0.089783
14 0.688963 0.222910 0.076923 0.074303
15 0.556020 0.237616 0.091973 0.069659
15 0.311873 0.222136 0.068562 0.091331
16 0.479097 0.132353 0.091973 0.069659
16 0.191472 0.142415 0.071906 0.065015
17 0.540134 0.048762 0.096990 0.057276
17 0.656355 0.075851 0.102007 0.055728
18 0.332776 0.153251 0.086957 0.049536
18 0.637124 0.198142 0.083612 0.052632
19 0.288462 0.622291 0.078595 0.052632
19 0.407191 0.160991 0.075251 0.068111
20 0.621237 0.270124 0.055184 0.072755
20 0.346990 0.189628 0.058528 0.051084
21 0.562709 0.153251 0.051839 0.065015
21 0.658027 0.239164 0.051839 0.057276
22 0.536789 0.929567 0.143813 0.078947
22 0.637124 0.542570 0.140468 0.063467