0 0.438679 0.547619 0.141509 0.129568
0 0.643396 0.273533 0.233962 0.132890
1 0.178302 0.599114 0.190566 0.126246
1 0.878302 0.297342 0.171698 0.100775
2 0.938679 0.556478 0.103774 0.191584
2 0.233962 0.459025 0.143396 0.180509
3 0.183019 0.691584 0.109434 0.149502
3 0.233019 0.490587 0.277358 0.081949
4 0.800000 0.919158 0.132075 0.152824
4 0.136792 0.593577 0.175472 0.068660
5 0.278302 0.636766 0.198113 0.135105
5 0.721698 0.430786 0.118868 0.115172
6 0.816981 0.525471 0.075472 0.158361
6 0.571698 0.190476 0.267925 0.050941
7 0.480189 0.453488 0.156604 0.107420
7 0.476415 0.380952 0.232075 0.059801
8 0.456604 0.086932 0.211321 0.054264
8 0.599057 0.053156 0.254717 0.081949
9 0.773585 0.574197 0.162264 0.111849
9 0.623585 0.189922 0.088679 0.109635
10 0.788679 0.683278 0.222642 0.070875
10 0.731132 0.353267 0.179245 0.075305
11 0.572642 0.384828 0.167925 0.109635
11 0.258491 0.289590 0.075472 0.156146
12 0.827358 0.772425 0.118868 0.091916
12 0.266038 0.666113 0.060377 0.114064
13 0.752830 0.675526 0.060377 0.106312
13 0.494340 0.565338 0.181132 0.034330
14 0.311321 0.636213 0.094340 0.085271
14 0.287736 0.362126 0.126415 0.070875
15 0.850943 0.688261 0.132075 0.074197
15 0.206604 0.748616 0.054717 0.086379
16 0.591509 0.559247 0.137736 0.066445
16 0.400943 0.145626 0.103774 0.067553
17 0.726415 0.163898 0.079245 0.062016
17 0.366038 0.261905 0.064151 0.078627
18 0.807547 0.186600 0.064151 0.056478
18 0.548113 0.112403 0.137736 0.032115
19 0.486792 0.237542 0.116981 0.034330
19 0.692453 0.437984 0.120755 0.032115
20 0.400943 0.480066 0.069811 0.040975
20 0.323585 0.401993 0.054717 0.050941
21 0.724528 0.545404 0.079245 0.052049
21 0.399057 0.196567 0.084906 0.029900
22 0.395283 0.846069 0.088679 0.101883
22 0.838679 0.199889 0.160377 0.111849