0 0.172185 0.747685 0.158940 0.149691
0 0.463576 0.870370 0.294702 0.145062
1 0.349338 0.799383 0.122517 0.141975
1 0.255795 0.490741 0.153974 0.123457
2 0.584437 0.734568 0.205298 0.240741
2 0.830298 0.440586 0.104305 0.248457
3 0.480960 0.350309 0.197020 0.108025
3 0.446192 0.189043 0.203642 0.168210
4 0.748344 0.402778 0.059603 0.231481
4 0.260762 0.315586 0.100993 0.214506
5 0.480132 0.907407 0.149007 0.104938
5 0.745033 0.222222 0.238411 0.064815
6 0.411424 0.204475 0.193709 0.140432
6 0.494205 0.108796 0.187086 0.081790
7 0.145695 0.570988 0.086093 0.179012
7 0.168874 0.331790 0.122517 0.098765
8 0.737583 0.544753 0.157285 0.114198
8 0.416391 0.645833 0.150662 0.063272
9 0.124172 0.895062 0.178808 0.070988
9 0.205298 0.514660 0.155629 0.094136
10 0.620033 0.608796 0.130795 0.152778
10 0.240894 0.217593 0.054636 0.169753
11 0.908113 0.574074 0.160596 0.092593
11 0.261589 0.369599 0.195364 0.057099
12 0.179636 0.739198 0.157285 0.064815
12 0.371689 0.671296 0.134106 0.043210
13 0.250828 0.858025 0.144040 0.061728
13 0.380795 0.587963 0.152318 0.049383
14 0.407285 0.516204 0.149007 0.041667
14 0.572848 0.547068 0.089404 0.121914
15 0.374172 0.710648 0.119205 0.050926
15 0.903974 0.390432 0.066225 0.123457
16 0.454470 0.581790 0.061258 0.101852
16 0.523179 0.456790 0.082781 0.108025
17 0.431291 0.456019 0.104305 0.038580
17 0.597682 0.187500 0.043046 0.097222
18 0.447020 0.295525 0.089404 0.060185
18 0.447020 0.342593 0.105960 0.058642
19 0.360099 0.550154 0.091060 0.038580
19 0.526490 0.199074 0.099338 0.049383
20 0.432119 0.490741 0.072848 0.033951
20 0.653146 0.135802 0.077815 0.052469
21 0.591887 0.476080 0.084437 0.069444
21 0.694536 0.175154 0.074503 0.072531
22 0.604305 0.324074 0.198675 0.061728
23 0.470199 0.773148 0.069536 0.055556