0 0.612770 0.563514 0.129763 0.110811
0 0.410917 0.280405 0.105046 0.198649
1 0.456231 0.529054 0.140062 0.139189
1 0.519567 0.380405 0.151390 0.122973
2 0.235839 0.483108 0.051493 0.174324
2 0.472709 0.168919 0.055613 0.167568
3 0.414521 0.581757 0.124614 0.068919
3 0.551493 0.115541 0.114315 0.150000
4 0.390319 0.612162 0.111226 0.062162
4 0.652420 0.289865 0.060762 0.171622
5 0.332647 0.267568 0.065911 0.145946
5 0.387745 0.110135 0.110196 0.063514
6 0.702369 0.484459 0.094748 0.125676
6 0.692070 0.353378 0.047374 0.160811
7 0.540165 0.203378 0.048404 0.139189
7 0.412976 0.681757 0.045314 0.131081
8 0.515448 0.636486 0.077240 0.089189
8 0.316169 0.489865 0.059732 0.114865
9 0.487127 0.710135 0.055613 0.122973
9 0.324923 0.345270 0.058702 0.125676
10 0.588568 0.483784 0.056643 0.097297
10 0.387230 0.290541 0.074150 0.078378
11 0.331102 0.733108 0.075180 0.098649
11 0.374871 0.765541 0.059732 0.128378
12 0.529866 0.500676 0.029866 0.101351
12 0.506179 0.413514 0.036045 0.116216
13 0.547374 0.758784 0.069001 0.087838
13 0.625129 0.465541 0.047374 0.095946
14 0.615345 0.656081 0.048404 0.068919
14 0.620494 0.575000 0.054583 0.093243
15 0.463440 0.800676 0.072091 0.052703
15 0.404737 0.671622 0.072091 0.051351
16 0.434604 0.523649 0.059732 0.079730
16 0.499485 0.218919 0.035015 0.094595
17 0.568486 0.622297 0.032956 0.074324
17 0.609681 0.235135 0.065911 0.054054
18 0.642636 0.400000 0.053553 0.043243
18 0.595263 0.414865 0.051493 0.056757
19 0.591658 0.585811 0.040165 0.068919
19 0.676107 0.500676 0.038105 0.063514
20 0.211637 0.451351 0.033986 0.064865
20 0.390834 0.402027 0.054583 0.047297
21 0.489186 0.506081 0.043254 0.055405
21 0.427394 0.387838 0.030896 0.067568
22 0.401133 0.165541 0.110196 0.058108
23 0.561277 0.472297 0.028836 0.066216