0 0.412969 0.753968 0.201365 0.121693
0 0.308020 0.386243 0.114334 0.292769
1 0.670648 0.116402 0.269625 0.116402
1 0.350683 0.414462 0.209898 0.151675
2 0.885666 0.397707 0.133106 0.195767
2 0.613481 0.356261 0.165529 0.091711
3 0.186860 0.728395 0.158703 0.208113
3 0.676621 0.646384 0.131399 0.209877
4 0.526451 0.461199 0.087031 0.195767
4 0.541809 0.314815 0.104096 0.167549
5 0.290956 0.643739 0.056314 0.222222
5 0.773891 0.319224 0.073379 0.197531
6 0.468430 0.548501 0.151877 0.126984
6 0.140785 0.394180 0.117747 0.107584
7 0.178328 0.604056 0.131399 0.160494
7 0.589590 0.129630 0.158703 0.079365
8 0.710751 0.214286 0.080205 0.149912
8 0.186860 0.290123 0.138225 0.097002
9 0.462457 0.804233 0.160410 0.067019
9 0.647611 0.663139 0.145051 0.084656
10 0.482935 0.635802 0.119454 0.128748
10 0.728669 0.559083 0.088737 0.116402
11 0.450512 0.900353 0.143345 0.086420
11 0.567406 0.223986 0.148464 0.063492
12 0.571672 0.806878 0.068259 0.132275
12 0.587884 0.589065 0.087031 0.116402
13 0.848976 0.578483 0.110922 0.112875
13 0.250853 0.290123 0.092150 0.107584
14 0.711604 0.362434 0.092150 0.107584
14 0.466724 0.303351 0.063140 0.109347
15 0.191126 0.460317 0.102389 0.059965
15 0.793515 0.517637 0.068259 0.097002
16 0.610922 0.304233 0.071672 0.089947
16 0.553754 0.423280 0.100683 0.063492
17 0.859215 0.282187 0.093857 0.056437
17 0.240614 0.632275 0.075085 0.082892
18 0.373720 0.738977 0.085324 0.074074
18 0.643345 0.537919 0.058020 0.077601
19 0.451365 0.835979 0.083618 0.045855
19 0.369454 0.391534 0.056314 0.077601
20 0.192833 0.547619 0.061433 0.061728
20 0.415529 0.566138 0.059727 0.067019
21 0.938567 0.294533 0.075085 0.052910
21 0.414676 0.298060 0.061433 0.081129
22 0.835324 0.455026 0.059727 0.194004
22 0.589590 0.465608 0.073379 0.119929