0 0.425581 0.742694 0.181395 0.120712
0 0.261240 0.555909 0.172093 0.158831
1 0.169767 0.369759 0.110078 0.167726
1 0.583721 0.141677 0.286822 0.120712
2 0.282946 0.109276 0.200000 0.106734
2 0.766667 0.343710 0.224806 0.133418
3 0.362016 0.663278 0.156589 0.149936
3 0.775194 0.265565 0.124031 0.096569
4 0.668217 0.545108 0.213953 0.068615
4 0.591473 0.432020 0.206202 0.058450
5 0.908527 0.519695 0.111628 0.109276
5 0.685271 0.510801 0.127132 0.083863
6 0.252713 0.668361 0.186047 0.066074
6 0.873643 0.457433 0.116279 0.086404
7 0.569767 0.103558 0.172093 0.064803
7 0.341860 0.205845 0.147287 0.091487
8 0.441085 0.916773 0.097674 0.095299
8 0.428682 0.097205 0.085271 0.090216
9 0.513953 0.663914 0.134884 0.074968
9 0.085271 0.094028 0.080620 0.124524
10 0.344186 0.094663 0.111628 0.095299
10 0.665891 0.273825 0.091473 0.120712
11 0.570543 0.354511 0.065116 0.121982
11 0.232558 0.171537 0.130233 0.088945
12 0.333333 0.401525 0.077519 0.106734
12 0.527132 0.214104 0.124031 0.052097
13 0.491473 0.748412 0.139535 0.066074
13 0.477519 0.334816 0.096124 0.074968
14 0.497674 0.519060 0.124031 0.069886
14 0.537209 0.221093 0.082171 0.083863
15 0.432558 0.377382 0.080620 0.081321
15 0.701550 0.285260 0.057364 0.092757
16 0.597674 0.484117 0.079070 0.073698
16 0.517829 0.390089 0.046512 0.086404
17 0.317829 0.459339 0.086822 0.054638
17 0.448837 0.458069 0.091473 0.057179
18 0.393023 0.411690 0.082171 0.033037
18 0.422481 0.248412 0.063566 0.067344
19 0.205426 0.498094 0.051163 0.078780
19 0.313953 0.273825 0.091473 0.036849
20 0.623256 0.366582 0.068217 0.054638
20 0.398450 0.297332 0.052713 0.058450
21 0.483721 0.590851 0.096124 0.043202
21 0.360465 0.346252 0.075969 0.044473
22 0.215504 0.274460 0.111628 0.132147
23 0.434884 0.206480 0.048062 0.054638