0 0.695876 0.611534 0.122239 0.173638
0 0.798969 0.286439 0.113402 0.159696
1 0.527982 0.469582 0.192931 0.074778
1 0.694404 0.403042 0.122239 0.162231
2 0.733432 0.226869 0.061856 0.167300
2 0.245214 0.892269 0.069219 0.162231
3 0.075110 0.486058 0.091311 0.140684
3 0.399116 0.527250 0.153166 0.053232
4 0.390280 0.820659 0.135493 0.115336
4 0.235641 0.739544 0.162003 0.072243
5 0.414580 0.228137 0.122239 0.106464
5 0.812224 0.519011 0.110457 0.120406
6 0.897644 0.330798 0.154639 0.058302
6 0.318851 0.368188 0.122239 0.062104
7 0.474963 0.301648 0.113402 0.081115
7 0.568483 0.365019 0.067747 0.114068
8 0.875552 0.544994 0.131075 0.055767
8 0.656112 0.517110 0.101620 0.086185
9 0.590574 0.735108 0.094256 0.096324
9 0.749632 0.768695 0.073638 0.105196
10 0.923417 0.393536 0.053019 0.112801
10 0.432253 0.170469 0.128130 0.041825
11 0.366716 0.094423 0.117820 0.095057
11 0.562592 0.195184 0.106038 0.073511
12 0.364507 0.546261 0.057437 0.088720
12 0.457290 0.738910 0.089838 0.068441
13 0.463181 0.832066 0.107511 0.049430
13 0.309278 0.469582 0.106038 0.039290
14 0.637703 0.193283 0.082474 0.064639
14 0.444772 0.708492 0.117820 0.040558
15 0.324006 0.778834 0.100147 0.051965
15 0.106038 0.611534 0.082474 0.069708
16 0.396907 0.398606 0.092784 0.041825
16 0.473490 0.541191 0.066274 0.070976
17 0.341679 0.688847 0.085420 0.049430
17 0.752577 0.851077 0.050074 0.072243
18 0.846834 0.733207 0.070692 0.064639
18 0.218704 0.371990 0.060383 0.067174
19 0.226068 0.560203 0.078056 0.053232
19 0.838733 0.610266 0.057437 0.059569
20 0.312960 0.543726 0.057437 0.043093
20 0.597202 0.397338 0.042710 0.049430
21 0.351252 0.435995 0.069219 0.038023
21 0.659057 0.295944 0.078056 0.036755
22 0.244477 0.610266 0.132548 0.079848
23 0.938144 0.721166 0.067747 0.065906