0 0.092571 0.936988 0.112028 0.107582
0 0.920401 0.318135 0.088443 0.162910
1 0.830189 0.058914 0.209906 0.087090
1 0.759434 0.225410 0.117925 0.079918
2 0.602594 0.302254 0.110849 0.127049
2 0.281250 0.740266 0.133255 0.123975
3 0.749410 0.545594 0.166274 0.060451
3 0.728774 0.909324 0.122642 0.085041
4 0.289505 0.907275 0.161557 0.050205
4 0.391509 0.781250 0.049528 0.142418
5 0.823703 0.387807 0.123821 0.105533
5 0.504717 0.451332 0.063679 0.119877
6 0.415094 0.781250 0.143868 0.046107
6 0.522406 0.576332 0.108491 0.095287
7 0.394458 0.096311 0.079009 0.073770
7 0.326061 0.825307 0.045991 0.109631
8 0.783019 0.274590 0.108491 0.063525
8 0.653302 0.682889 0.125000 0.029713
9 0.885613 0.331455 0.087264 0.068648
9 0.925118 0.377049 0.053066 0.100410
10 0.339623 0.113217 0.035377 0.105533
10 0.590802 0.795594 0.091981 0.066598
11 0.614976 0.223873 0.034198 0.109631
11 0.266509 0.684426 0.075472 0.104508
12 0.125000 0.838115 0.040094 0.098361
12 0.558962 0.545594 0.066038 0.085041
13 0.437500 0.610656 0.080189 0.086066
13 0.724057 0.132684 0.075472 0.060451
14 0.636203 0.385246 0.086085 0.057377
14 0.670991 0.334016 0.096698 0.049180
15 0.303066 0.526127 0.080189 0.054303
15 0.644458 0.334529 0.076651 0.058402
16 0.965802 0.156762 0.068396 0.077869
16 0.816627 0.427766 0.038915 0.072746
17 0.736439 0.177766 0.071934 0.031762
17 0.857311 0.195697 0.051887 0.061475
18 0.843750 0.033299 0.076651 0.039959
18 0.762382 0.497439 0.064858 0.039959
19 0.745873 0.343750 0.034198 0.058402
19 0.389151 0.831967 0.063679 0.051230
20 0.848467 0.241291 0.060142 0.031762
20 0.859670 0.384221 0.042453 0.034836
21 0.943986 0.053279 0.053066 0.043033
21 0.806604 0.331967 0.035377 0.053279
22 0.892689 0.200820 0.040094 0.120902
23 0.787736 0.462090 0.044811 0.036885