0 0.338100 0.386729 0.083759 0.180965
0 0.237487 0.449732 0.064351 0.105898
1 0.451481 0.312332 0.110317 0.104558
1 0.236977 0.914879 0.089888 0.167560
2 0.420838 0.249330 0.067416 0.150134
2 0.353422 0.289544 0.049030 0.144772
3 0.279367 0.229893 0.111338 0.073727
3 0.265577 0.404826 0.089888 0.085791
4 0.377426 0.110590 0.105209 0.100536
4 0.124617 0.542895 0.108274 0.050938
5 0.345250 0.554290 0.053115 0.132708
5 0.506639 0.146113 0.102145 0.061662
6 0.374362 0.491957 0.076609 0.088472
6 0.131256 0.396113 0.054137 0.138070
7 0.230337 0.205764 0.082737 0.071046
7 0.127171 0.426273 0.094995 0.056300
8 0.274770 0.296917 0.053115 0.100536
8 0.295710 0.223190 0.041879 0.095174
9 0.409602 0.428954 0.067416 0.058981
9 0.141982 0.394102 0.069459 0.077748
10 0.173136 0.124665 0.068437 0.088472
10 0.283963 0.441689 0.030644 0.108579
11 0.173647 0.448391 0.069459 0.081769
11 0.044944 0.777480 0.067416 0.088472
12 0.207354 0.184987 0.071502 0.061662
12 0.215526 0.114611 0.067416 0.036193
13 0.099081 0.471850 0.059244 0.064343
13 0.700715 0.073056 0.044944 0.095174
14 0.032686 0.473861 0.057201 0.079088
14 0.386108 0.349866 0.040858 0.085791
15 0.264556 0.088472 0.059244 0.056300
15 0.037283 0.552949 0.048008 0.076408
16 0.288049 0.558311 0.042901 0.071046
16 0.326864 0.506702 0.036772 0.067024
17 0.243616 0.340483 0.050051 0.048257
17 0.174668 0.518767 0.049030 0.032172
18 0.405005 0.246649 0.035751 0.061662
18 0.972932 0.115952 0.033708 0.065684
19 0.374872 0.275469 0.042901 0.041555
19 0.191011 0.359920 0.046987 0.041555
20 0.262002 0.516086 0.041879 0.037534
20 0.441267 0.491957 0.036772 0.042895
21 0.165475 0.491287 0.042901 0.036193
21 0.358529 0.421582 0.028601 0.054960
22 0.425945 0.180295 0.083759 0.057641
22 0.374872 0.396783 0.083759 0.067024