0 0.440202 0.252782 0.171470 0.146264
0 0.840778 0.669316 0.200288 0.127186
1 0.371758 0.849762 0.152738 0.122417
1 0.780980 0.567568 0.146974 0.143084
2 0.501441 0.393482 0.167147 0.100159
2 0.747839 0.633545 0.074928 0.176471
3 0.116715 0.689189 0.141210 0.128776
3 0.283862 0.438792 0.057637 0.165342
4 0.582133 0.891097 0.057637 0.176471
4 0.360951 0.455485 0.119597 0.128776
5 0.356628 0.575517 0.139769 0.085851
5 0.532421 0.109698 0.056196 0.178060
6 0.616715 0.651828 0.129683 0.085851
6 0.769452 0.437997 0.118156 0.084261
7 0.363112 0.446741 0.126801 0.057234
7 0.488473 0.808426 0.083573 0.131955
8 0.633285 0.789348 0.096542 0.081081
8 0.525216 0.549285 0.134006 0.058824
9 0.448847 0.695548 0.119597 0.052464
9 0.704611 0.220191 0.112392 0.103339
10 0.629683 0.741653 0.121037 0.062003
10 0.533141 0.550079 0.080692 0.124006
11 0.134726 0.472178 0.079251 0.089030
11 0.343660 0.398251 0.110951 0.062003
12 0.400576 0.763116 0.063401 0.108108
12 0.512968 0.806041 0.092219 0.089030
13 0.528818 0.751987 0.100865 0.069952
13 0.210375 0.787758 0.097983 0.100159
14 0.215418 0.406200 0.085014 0.103339
14 0.355908 0.308426 0.083573 0.085851
15 0.723343 0.329094 0.074928 0.076312
15 0.416427 0.496025 0.077810 0.057234
16 0.227666 0.538951 0.074928 0.089030
16 0.433718 0.535771 0.077810 0.073132
17 0.708934 0.875199 0.069164 0.087440
17 0.792507 0.347377 0.057637 0.081081
18 0.147695 0.777424 0.082133 0.050874
18 0.644813 0.468998 0.073487 0.066773
19 0.308357 0.701908 0.054755 0.077901
19 0.471182 0.331479 0.063401 0.074722
20 0.556196 0.586645 0.057637 0.054054
20 0.698127 0.770270 0.044669 0.071542
21 0.445245 0.581876 0.063401 0.044515
21 0.374640 0.739269 0.060519 0.066773
22 0.653458 0.220191 0.128242 0.096979
22 0.803314 0.724165 0.070605 0.131955