0 0.395833 0.729323 0.122024 0.127820
0 0.377976 0.720865 0.178571 0.238722
1 0.710565 0.291353 0.239583 0.146617
1 0.595982 0.748120 0.072917 0.266917
2 0.083333 0.473684 0.077381 0.300752
2 0.357143 0.151316 0.181548 0.159774
3 0.770089 0.550752 0.061012 0.229323
3 0.716518 0.676692 0.034226 0.240602
4 0.639881 0.435150 0.154762 0.156015
4 0.533482 0.420113 0.046131 0.208647
5 0.578125 0.125940 0.188988 0.142857
5 0.565476 0.390038 0.166667 0.080827
6 0.227679 0.484023 0.098214 0.197368
6 0.449405 0.165414 0.178571 0.071429
7 0.570685 0.504699 0.058036 0.156015
7 0.675595 0.680451 0.062500 0.150376
8 0.281994 0.822368 0.120536 0.118421
8 0.463542 0.212406 0.150298 0.063910
9 0.416667 0.408835 0.074405 0.118421
9 0.420387 0.570489 0.072917 0.152256
10 0.144345 0.553571 0.086310 0.171053
10 0.288690 0.471805 0.133929 0.097744
11 0.370536 0.888158 0.139881 0.062030
11 0.313244 0.797932 0.102679 0.125940
12 0.454613 0.309211 0.081845 0.125940
12 0.665923 0.460526 0.055060 0.116541
13 0.266369 0.269737 0.098214 0.092105
13 0.179315 0.706767 0.093750 0.120301
14 0.156994 0.718045 0.066964 0.139098
14 0.518601 0.675752 0.093750 0.062030
15 0.357887 0.734023 0.090774 0.069549
15 0.618304 0.692669 0.063988 0.114662
16 0.624256 0.706767 0.066964 0.086466
16 0.472470 0.585526 0.046131 0.099624
17 0.500744 0.757519 0.075893 0.082707
17 0.654018 0.775376 0.078869 0.062030
18 0.340774 0.564850 0.071429 0.058271
18 0.537946 0.801692 0.066964 0.069549
19 0.270833 0.394737 0.068452 0.078947
19 0.601935 0.582707 0.063988 0.086466
20 0.472470 0.862782 0.043155 0.067669
20 0.498512 0.570489 0.038690 0.054511
21 0.566964 0.265038 0.053571 0.082707
21 0.508929 0.879699 0.035714 0.078947
22 0.308780 0.298872 0.096726 0.157895
22 0.470238 0.545113 0.089286 0.101504