0 0.665523 0.532051 0.181818 0.125000
0 0.335334 0.715545 0.193825 0.155449
1 0.506861 0.185096 0.132075 0.206731
1 0.296741 0.225962 0.181818 0.099359
2 0.459691 0.082532 0.246998 0.065705
2 0.807033 0.839744 0.135506 0.141026
3 0.554889 0.304487 0.162950 0.166667
3 0.380789 0.849359 0.099485 0.089744
4 0.346484 0.459936 0.102916 0.179487
4 0.383362 0.192308 0.108062 0.086538
5 0.136364 0.310897 0.145798 0.131410
5 0.727273 0.304487 0.212693 0.057692
6 0.724700 0.282853 0.080617 0.158654
6 0.795883 0.697917 0.150943 0.107372
7 0.530017 0.737981 0.065180 0.145833
7 0.590909 0.852564 0.121784 0.073718
8 0.495712 0.205929 0.150943 0.084936
8 0.355918 0.292468 0.152659 0.068910
9 0.603774 0.733173 0.102916 0.142628
9 0.396226 0.128205 0.140652 0.076923
10 0.786449 0.859776 0.128645 0.107372
10 0.341338 0.692308 0.078902 0.108974
11 0.820755 0.645833 0.111492 0.137821
11 0.239280 0.599359 0.063465 0.150641
12 0.611492 0.629006 0.101201 0.104167
12 0.610635 0.893429 0.061750 0.129808
13 0.697256 0.840545 0.114923 0.059295
13 0.861921 0.418269 0.077187 0.099359
14 0.298456 0.499199 0.072041 0.129808
14 0.331046 0.781250 0.085763 0.097756
15 0.665523 0.142628 0.123499 0.060897
15 0.480274 0.604167 0.099485 0.057692
16 0.530875 0.667468 0.090909 0.084936
16 0.440823 0.416667 0.085763 0.083333
17 0.833619 0.349359 0.065180 0.092949
17 0.629503 0.219551 0.092624 0.070513
18 0.457976 0.520032 0.068611 0.068910
18 0.680961 0.905449 0.072041 0.060897
19 0.190395 0.591346 0.058319 0.080128
19 0.649228 0.386218 0.063465 0.067308
20 0.506003 0.499199 0.054889 0.068910
20 0.358491 0.633013 0.078902 0.051282
21 0.410806 0.368590 0.087479 0.051282
21 0.605489 0.314904 0.054889 0.078526
22 0.123499 0.576923 0.075472 0.169872
22 0.893654 0.549679 0.092624 0.115385