0 0.401672 0.134298 0.085546 0.239669
0 0.900197 0.205062 0.195674 0.100207
1 0.635202 0.486570 0.080629 0.163223
1 0.076696 0.516529 0.129794 0.142562
2 0.516716 0.790806 0.097345 0.153926
2 0.733530 0.071798 0.098328 0.085744
3 0.325467 0.858471 0.047198 0.188017
3 0.310718 0.529959 0.161259 0.059917
4 0.247296 0.089360 0.091445 0.160124
4 0.572763 0.264463 0.050147 0.179752
5 0.589479 0.728822 0.115044 0.127066
5 0.301377 0.405992 0.154376 0.049587
6 0.232055 0.210227 0.121927 0.104339
6 0.436578 0.274793 0.108161 0.126033
7 0.675516 0.637397 0.047198 0.101240
7 0.478368 0.107955 0.052114 0.085744
8 0.374631 0.426136 0.117994 0.040289
8 0.782694 0.186983 0.104228 0.099174
9 0.173550 0.945248 0.077679 0.088843
9 0.265487 0.409091 0.074730 0.117769
10 0.168633 0.364669 0.115044 0.059917
10 0.182891 0.295971 0.096362 0.089876
11 0.171583 0.482955 0.063913 0.133264
11 0.657817 0.180269 0.090462 0.091942
12 0.672075 0.574380 0.079646 0.088843
12 0.083088 0.219525 0.079646 0.083678
13 0.098820 0.215909 0.103245 0.049587
13 0.339233 0.128616 0.102262 0.032025
14 0.330383 0.091426 0.096362 0.032025
14 0.294002 0.182851 0.047198 0.088843
15 0.615536 0.703512 0.066863 0.066116
15 0.331367 0.229855 0.068830 0.044421
16 0.080629 0.675620 0.066863 0.066116
16 0.118486 0.483988 0.081613 0.044421
17 0.396755 0.419421 0.032448 0.090909
17 0.539331 0.109504 0.063913 0.043388
18 0.630777 0.659091 0.059980 0.057851
18 0.713864 0.595558 0.043265 0.058884
19 0.481318 0.586777 0.042281 0.064050
19 0.086037 0.273760 0.063913 0.041322
20 0.270403 0.481405 0.058997 0.028926
20 0.758604 0.242252 0.036382 0.050620
21 0.254671 0.135847 0.033432 0.050620
21 0.697640 0.126550 0.040315 0.046488
22 0.755654 0.143595 0.128810 0.068182
23 0.253196 0.298554 0.030482 0.045455