0 0.273458 0.329942 0.104558 0.220930
0 0.825737 0.753634 0.123324 0.146802
1 0.160188 0.117733 0.221180 0.139535
1 0.717158 0.777616 0.093834 0.148256
2 0.294906 0.633721 0.120643 0.188953
2 0.780161 0.431686 0.166220 0.183140
3 0.824397 0.426599 0.160858 0.135174
3 0.589142 0.749273 0.116622 0.149709
4 0.169571 0.537791 0.148794 0.151163
4 0.514075 0.789244 0.046917 0.191860
5 0.360590 0.682413 0.067024 0.175872
5 0.705094 0.574855 0.056300 0.184593
6 0.374665 0.200581 0.146113 0.098837
6 0.241957 0.458576 0.159517 0.053779
7 0.476542 0.118459 0.065684 0.140988
7 0.794236 0.911337 0.103217 0.154070
8 0.453753 0.707849 0.116622 0.098837
8 0.949732 0.751453 0.084450 0.151163
9 0.558311 0.261628 0.116622 0.122093
9 0.376005 0.226017 0.116622 0.082849
10 0.565684 0.648983 0.093834 0.100291
10 0.670241 0.895349 0.112601 0.136628
11 0.460456 0.234012 0.105898 0.101744
11 0.885389 0.663517 0.092493 0.077035
12 0.378016 0.303779 0.112601 0.081395
12 0.727212 0.550872 0.116622 0.063953
13 0.379357 0.290698 0.104558 0.072674
13 0.846515 0.630087 0.103217 0.082849
14 0.415550 0.460029 0.075067 0.100291
14 0.598525 0.446221 0.084450 0.063953
15 0.638740 0.484738 0.092493 0.050872
15 0.603887 0.541424 0.089812 0.062500
16 0.379357 0.516715 0.050938 0.094477
16 0.546917 0.755087 0.101877 0.062500
17 0.453753 0.428052 0.044236 0.082849
17 0.493968 0.529797 0.049598 0.088663
18 0.298928 0.527616 0.067024 0.066860
18 0.571716 0.581395 0.049598 0.055233
19 0.290214 0.358285 0.063003 0.053779
19 0.550938 0.498547 0.040214 0.078488
20 0.630027 0.577762 0.053619 0.045058
20 0.644102 0.636628 0.054960 0.055233
21 0.495308 0.593750 0.063003 0.045058
21 0.800268 0.569041 0.064343 0.053779
22 0.410188 0.643895 0.144772 0.061047
23 0.712466 0.884448 0.060322 0.039244