0 0.583190 0.661372 0.144082 0.120712
0 0.510292 0.754130 0.090909 0.209657
1 0.299314 0.932020 0.286449 0.082592
1 0.283019 0.342440 0.116638 0.141042
2 0.686106 0.498729 0.106346 0.153748
2 0.524871 0.739517 0.168096 0.149936
3 0.852487 0.730623 0.243568 0.050826
3 0.436535 0.561626 0.101201 0.160102
4 0.224700 0.756671 0.188679 0.128335
4 0.442539 0.616264 0.192110 0.081321
5 0.591767 0.155654 0.168096 0.110546
5 0.100343 0.558450 0.118353 0.141042
6 0.331904 0.224269 0.183533 0.095299
6 0.357633 0.140407 0.156089 0.085133
7 0.411664 0.719187 0.078902 0.124524
7 0.344768 0.064803 0.106346 0.104193
8 0.502573 0.456798 0.140652 0.077510
8 0.725557 0.357687 0.099485 0.090216
9 0.502573 0.247776 0.120069 0.091487
9 0.088336 0.553367 0.132075 0.100381
10 0.731561 0.447903 0.138937 0.097840
10 0.594340 0.449809 0.128645 0.104193
11 0.606346 0.299873 0.114923 0.124524
11 0.541166 0.182973 0.080617 0.119441
12 0.283019 0.605464 0.123499 0.087675
12 0.728988 0.602922 0.140652 0.062262
13 0.324185 0.494282 0.113208 0.071156
13 0.740137 0.860864 0.156089 0.054638
14 0.673242 0.742058 0.118353 0.068615
14 0.881647 0.670267 0.072041 0.102922
15 0.608919 0.581321 0.075472 0.082592
15 0.251286 0.388183 0.121784 0.069886
16 0.765866 0.526684 0.063465 0.092757
16 0.646655 0.501271 0.106346 0.074968
17 0.646655 0.256671 0.054889 0.086404
17 0.359348 0.917408 0.118353 0.048285
18 0.517153 0.319568 0.077187 0.072427
18 0.866209 0.533672 0.102916 0.063532
19 0.506861 0.393901 0.090909 0.053367
19 0.393654 0.121982 0.084048 0.063532
20 0.583190 0.715375 0.054889 0.055909
20 0.251286 0.167090 0.084048 0.059720
21 0.584906 0.191233 0.065180 0.069886
21 0.246141 0.198221 0.077187 0.058450
22 0.439966 0.119441 0.159520 0.094028
23 0.124357 0.663914 0.056604 0.059720