0 0.294900 0.445892 0.168514 0.154309
0 0.679601 0.472946 0.126386 0.332665
1 0.308204 0.262525 0.341463 0.128257
1 0.708426 0.260521 0.144124 0.184369
2 0.579823 0.749499 0.263858 0.208417
2 0.332594 0.756513 0.283814 0.138277
3 0.118625 0.597194 0.197339 0.220441
3 0.610865 0.259519 0.139690 0.162325
4 0.426829 0.307615 0.232816 0.106212
4 0.113082 0.553106 0.141907 0.204409
5 0.151885 0.403808 0.184035 0.202405
5 0.820399 0.340681 0.124169 0.216433
6 0.378049 0.461924 0.228381 0.122244
6 0.634146 0.851703 0.212860 0.120240
7 0.783814 0.780561 0.104213 0.210421
7 0.470067 0.885772 0.243902 0.116232
8 0.876940 0.520040 0.179601 0.118236
8 0.156319 0.402806 0.161863 0.196393
9 0.348115 0.108216 0.203991 0.140281
9 0.480044 0.842685 0.215078 0.094188
10 0.239468 0.731463 0.093126 0.212425
10 0.381375 0.600200 0.075388 0.198397
11 0.374723 0.608216 0.186253 0.090180
11 0.529933 0.174349 0.115299 0.112224
12 0.450111 0.113226 0.172949 0.094188
12 0.400222 0.205411 0.108647 0.122244
13 0.557650 0.404810 0.130820 0.112224
13 0.754989 0.326653 0.144124 0.120240
14 0.670732 0.801603 0.152993 0.092184
14 0.798226 0.452906 0.164080 0.068136
15 0.442350 0.416834 0.095344 0.112224
15 0.468958 0.179359 0.064302 0.130261
16 0.522173 0.625251 0.117517 0.096192
16 0.449002 0.753507 0.152993 0.080160
17 0.607539 0.661323 0.141907 0.080160
17 0.231707 0.604208 0.099778 0.110220
18 0.213969 0.532064 0.090909 0.102204
18 0.760532 0.698397 0.066519 0.114228
19 0.324834 0.348697 0.104213 0.080160
19 0.587583 0.363727 0.110865 0.074148
20 0.695122 0.841683 0.090909 0.068136
20 0.707317 0.732465 0.070953 0.086172
21 0.630820 0.762525 0.090909 0.082164
21 0.313747 0.641283 0.104213 0.068136
22 0.347007 0.903808 0.175166 0.120240
22 0.679601 0.571142 0.259424 0.072144