0 0.665210 0.652991 0.103147 0.249573
0 0.687063 0.464957 0.255245 0.054701
1 0.256993 0.533333 0.171329 0.157265
1 0.455420 0.226496 0.263986 0.063248
2 0.800699 0.425641 0.143357 0.133333
2 0.395979 0.258120 0.127622 0.188034
3 0.213287 0.865812 0.101399 0.158974
3 0.821678 0.589744 0.090909 0.150427
4 0.164336 0.423932 0.076923 0.157265
4 0.429196 0.092308 0.166084 0.088889
5 0.520105 0.457265 0.082168 0.148718
5 0.573427 0.374359 0.164336 0.044444
6 0.389860 0.725641 0.164336 0.056410
6 0.548951 0.683761 0.059441 0.150427
7 0.248252 0.681197 0.146853 0.056410
7 0.660839 0.285470 0.069930 0.140171
8 0.222902 0.476923 0.050699 0.126496
8 0.721154 0.554701 0.134615 0.063248
9 0.618007 0.628205 0.127622 0.094017
9 0.379371 0.316239 0.125874 0.085470
10 0.317308 0.778632 0.134615 0.063248
10 0.763112 0.063248 0.145105 0.047863
11 0.484266 0.135043 0.122378 0.109402
11 0.569930 0.300855 0.087413 0.099145
12 0.405594 0.793162 0.059441 0.109402
12 0.343531 0.660684 0.047203 0.111111
13 0.460664 0.512821 0.089161 0.054701
13 0.490385 0.277778 0.057692 0.100855
14 0.519231 0.744444 0.066434 0.094017
14 0.409965 0.705983 0.057692 0.092308
15 0.409091 0.518803 0.048951 0.090598
15 0.300699 0.561538 0.073427 0.070085
16 0.754371 0.649573 0.054196 0.092308
16 0.680070 0.664957 0.076923 0.085470
17 0.570804 0.415385 0.064685 0.075214
17 0.243881 0.397436 0.085664 0.042735
18 0.405594 0.355556 0.062937 0.061538
18 0.295455 0.528205 0.045455 0.068376
19 0.739510 0.505983 0.066434 0.041026
19 0.836538 0.351282 0.050699 0.070085
20 0.491259 0.546154 0.041958 0.049573
20 0.347028 0.517949 0.043706 0.061538
21 0.127622 0.534188 0.073427 0.056410
21 0.301573 0.436752 0.061189 0.049573
22 0.678322 0.455556 0.066434 0.138462