0 0.627273 0.400578 0.127273 0.146821
0 0.500000 0.188439 0.134545 0.101734
1 0.295909 0.478035 0.128182 0.126012
1 0.167727 0.465318 0.080909 0.121387
2 0.634545 0.447399 0.096364 0.092486
2 0.090455 0.172254 0.046364 0.175723
3 0.576818 0.155491 0.086364 0.123699
3 0.325455 0.199422 0.105455 0.100578
4 0.405455 0.179769 0.049091 0.156069
4 0.265909 0.599422 0.042727 0.153757
5 0.826818 0.560116 0.111818 0.075145
5 0.347727 0.707514 0.117273 0.048555
6 0.222727 0.605780 0.078182 0.080925
6 0.460909 0.556069 0.034545 0.129480
7 0.575455 0.347399 0.034545 0.114451
7 0.055000 0.047399 0.073636 0.073988
8 0.364091 0.600578 0.077273 0.091329
8 0.285000 0.379191 0.044545 0.106358
9 0.810909 0.443353 0.083636 0.091329
9 0.545909 0.320231 0.040909 0.099422
10 0.723636 0.416763 0.038182 0.123699
10 0.115455 0.221965 0.041818 0.127168
11 0.636818 0.400000 0.042727 0.104046
11 0.351818 0.665896 0.100000 0.039306
12 0.680000 0.509249 0.070909 0.038150
12 0.485000 0.476879 0.031818 0.086705
13 0.339091 0.275145 0.083636 0.034682
13 0.434545 0.557803 0.041818 0.091329
14 0.500909 0.431792 0.072727 0.052023
14 0.605909 0.220231 0.059091 0.065896
15 0.941818 0.937572 0.043636 0.085549
15 0.795909 0.519653 0.064545 0.052023
16 0.574091 0.529480 0.051818 0.071676
16 0.509091 0.379769 0.036364 0.075145
17 0.558182 0.457225 0.023636 0.072832
17 0.322273 0.575145 0.055455 0.052023
18 0.526818 0.445087 0.030000 0.062428
18 0.440000 0.374566 0.034545 0.060116
19 0.465455 0.362428 0.025455 0.063584
19 0.478182 0.776879 0.040000 0.053179
20 0.626364 0.513295 0.040000 0.027746
20 0.408182 0.417919 0.041818 0.038150
21 0.368182 0.438150 0.050909 0.027746
21 0.498636 0.727746 0.024545 0.061272
22 0.610909 0.145087 0.067273 0.112139
23 0.410455 0.329480 0.028182 0.060116