0 0.905149 0.433702 0.184282 0.116022
0 0.536585 0.397099 0.089431 0.172652
1 0.905827 0.383978 0.082656 0.198895
1 0.613144 0.322514 0.120596 0.150552
2 0.611111 0.504834 0.154472 0.111878
2 0.611111 0.462707 0.121951 0.116022
3 0.259485 0.437845 0.153117 0.066298
3 0.638211 0.743094 0.149051 0.091160
4 0.723577 0.645718 0.149051 0.109116
4 0.585366 0.223757 0.132791 0.088398
5 0.516938 0.906768 0.077236 0.153315
5 0.218835 0.331492 0.096206 0.110497
6 0.266938 0.552486 0.046070 0.143646
6 0.059621 0.384669 0.046070 0.147790
7 0.706640 0.219613 0.085366 0.121547
7 0.387534 0.314227 0.094851 0.103591
8 0.086721 0.729972 0.065041 0.081492
8 0.154472 0.624309 0.037940 0.129834
9 0.915312 0.290746 0.071816 0.122928
9 0.630081 0.288674 0.119241 0.071823
10 0.289973 0.357044 0.067751 0.111878
10 0.457317 0.290055 0.104336 0.077348
11 0.589431 0.165055 0.119241 0.051105
11 0.338076 0.568370 0.096206 0.100829
12 0.137534 0.732044 0.033875 0.093923
12 0.399729 0.508978 0.051491 0.098066
13 0.495935 0.574586 0.065041 0.080110
13 0.347561 0.479972 0.047425 0.089779
14 0.735772 0.583564 0.084011 0.084254
14 0.222222 0.341851 0.051491 0.103591
15 0.618564 0.799724 0.079946 0.071823
15 0.162602 0.430249 0.070461 0.075967
16 0.564363 0.571823 0.088076 0.038674
16 0.300813 0.406077 0.051491 0.074586
17 0.544038 0.607735 0.079946 0.035912
17 0.559621 0.433702 0.054201 0.069061
18 0.806233 0.249309 0.048780 0.070442
18 0.363144 0.415746 0.059621 0.046961
19 0.348238 0.336326 0.043360 0.062155
19 0.317073 0.245856 0.067751 0.044199
20 0.392276 0.573895 0.036585 0.056630
20 0.263550 0.258287 0.047425 0.052486
21 0.464770 0.486878 0.054201 0.053867
21 0.675474 0.238260 0.060976 0.045580
22 0.869241 0.461326 0.112466 0.104972
23 0.512873 0.041436 0.050136 0.038674