0 0.318503 0.568823 0.221751 0.126036
0 0.762006 0.725539 0.108757 0.150912
1 0.826271 0.272803 0.138418 0.167496
1 0.605932 0.640133 0.194915 0.169154
2 0.196328 0.363184 0.175141 0.145937
2 0.169492 0.233002 0.158192 0.131012
3 0.452684 0.323383 0.128531 0.172471
3 0.703390 0.839138 0.152542 0.106136
4 0.314972 0.876451 0.081921 0.194030
4 0.458333 0.820066 0.137006 0.097844
5 0.488701 0.171642 0.124294 0.121061
5 0.041667 0.474295 0.077684 0.169154
6 0.938559 0.349917 0.063559 0.205638
6 0.689972 0.360697 0.066384 0.200663
7 0.370056 0.840796 0.127119 0.132670
7 0.596751 0.902985 0.153955 0.077944
8 0.079096 0.417910 0.062147 0.175788
8 0.561441 0.483416 0.063559 0.124378
9 0.298729 0.218905 0.151130 0.089552
9 0.356638 0.089552 0.094633 0.139303
10 0.434322 0.568823 0.100282 0.135987
10 0.550847 0.354063 0.050847 0.157546
11 0.701271 0.405473 0.120056 0.087894
11 0.142655 0.637645 0.059322 0.160862
12 0.821328 0.746269 0.094633 0.082919
12 0.470339 0.922056 0.093220 0.086235
13 0.124294 0.746269 0.115819 0.089552
13 0.614407 0.635158 0.045198 0.135987
14 0.321328 0.432007 0.077684 0.084577
14 0.747881 0.686567 0.069209 0.129353
15 0.625000 0.177446 0.055085 0.116086
15 0.370056 0.359038 0.064972 0.091211
16 0.344633 0.676617 0.087571 0.069652
16 0.290960 0.640133 0.045198 0.109453
17 0.593220 0.774461 0.062147 0.089552
17 0.708333 0.752073 0.049435 0.097844
18 0.620763 0.431177 0.066384 0.079602
18 0.219633 0.777778 0.046610 0.099502
19 0.740819 0.450249 0.049435 0.084577
19 0.483051 0.439469 0.073446 0.046434
20 0.478107 0.401327 0.060734 0.049751
20 0.528249 0.761194 0.053672 0.066335
21 0.624294 0.752902 0.062147 0.056385
21 0.507062 0.509121 0.056497 0.066335
22 0.312147 0.766998 0.135593 0.091211
23 0.281780 0.496683 0.074859 0.061360