0 0.297784 0.769287 0.235457 0.091703
0 0.454986 0.614265 0.173130 0.186317
1 0.247922 0.574236 0.202216 0.114993
1 0.379501 0.784571 0.127424 0.200873
2 0.574100 0.823144 0.117729 0.135371
2 0.617036 0.384279 0.109418 0.189229
3 0.708449 0.518195 0.103878 0.171761
3 0.665512 0.656477 0.184211 0.072780
4 0.110111 0.800582 0.067867 0.183406
4 0.739612 0.705240 0.132964 0.082969
5 0.413435 0.470888 0.134349 0.129549
5 0.495845 0.094614 0.113573 0.128093
6 0.297091 0.181951 0.123269 0.133916
6 0.421745 0.216157 0.150970 0.097525
7 0.112188 0.184134 0.094183 0.112082
7 0.666898 0.838428 0.101108 0.116448
8 0.278393 0.894469 0.096953 0.135371
8 0.659280 0.751092 0.121884 0.101892
9 0.504155 0.926492 0.138504 0.109170
9 0.530471 0.245997 0.069252 0.131004
10 0.605263 0.510917 0.072022 0.136827
10 0.743075 0.535662 0.106648 0.104803
11 0.908587 0.692140 0.080332 0.152838
11 0.760388 0.590975 0.091413 0.119360
12 0.172438 0.378457 0.065097 0.119360
12 0.110803 0.337700 0.085873 0.110626
13 0.452216 0.223435 0.073407 0.109170
13 0.563019 0.559680 0.059557 0.120815
14 0.555402 0.470160 0.102493 0.069869
14 0.586565 0.189956 0.114958 0.062591
15 0.810249 0.472344 0.099723 0.065502
15 0.379501 0.440320 0.094183 0.071325
16 0.310249 0.280932 0.080332 0.072780
16 0.824792 0.557496 0.067867 0.113537
17 0.391274 0.339884 0.084488 0.080058
17 0.230609 0.890102 0.095568 0.094614
18 0.388504 0.906114 0.062327 0.088792
18 0.494460 0.751820 0.074792 0.074236
19 0.622576 0.263464 0.054017 0.087336
19 0.951524 0.689229 0.066482 0.094614
20 0.144044 0.333333 0.052632 0.069869
20 0.685596 0.354440 0.063712 0.062591
21 0.701524 0.292576 0.051247 0.078603
21 0.759695 0.399563 0.062327 0.074236
22 0.689058 0.182678 0.145429 0.109170
23 0.566482 0.232169 0.074792 0.071325