0 0.568773 0.318750 0.065056 0.187500
0 0.691450 0.080556 0.154275 0.113889
1 0.478160 0.307639 0.108736 0.154167
1 0.723048 0.504861 0.144981 0.054167
2 0.294145 0.507639 0.112454 0.093056
2 0.652881 0.274306 0.026952 0.187500
3 0.728160 0.599306 0.106877 0.126389
3 0.506970 0.272222 0.086431 0.102778
4 0.299257 0.263194 0.035316 0.184722
4 0.818309 0.313889 0.084572 0.130556
5 0.744424 0.334028 0.074349 0.140278
5 0.786710 0.298611 0.110595 0.077778
6 0.530669 0.407639 0.092937 0.084722
6 0.649164 0.220139 0.106877 0.043056
7 0.576673 0.672917 0.078996 0.098611
7 0.616171 0.132639 0.085502 0.059722
8 0.528810 0.539583 0.076208 0.095833
8 0.890799 0.168750 0.093866 0.040278
9 0.409851 0.204861 0.044610 0.118056
9 0.428903 0.296528 0.086431 0.051389
10 0.349907 0.454861 0.093866 0.037500
10 0.699349 0.563194 0.071561 0.101389
11 0.627323 0.429167 0.033457 0.130556
11 0.864777 0.402083 0.080855 0.093056
12 0.440056 0.615278 0.078996 0.055556
12 0.537639 0.472222 0.065985 0.052778
13 0.558086 0.502083 0.064126 0.068056
13 0.945632 0.068056 0.069703 0.041667
14 0.799257 0.585417 0.066914 0.065278
14 0.739312 0.236111 0.051115 0.091667
15 0.481413 0.529861 0.039033 0.084722
15 0.456784 0.188194 0.047398 0.079167
16 0.291357 0.436111 0.062268 0.047222
16 0.798327 0.421528 0.040892 0.081944
17 0.277416 0.368056 0.030669 0.086111
17 0.821097 0.201389 0.052974 0.041667
18 0.718866 0.668750 0.026952 0.068056
18 0.822491 0.396528 0.037175 0.065278
19 0.298792 0.491667 0.051115 0.050000
19 0.604554 0.188889 0.041822 0.036111
20 0.746283 0.658333 0.026022 0.058333
20 0.864777 0.460417 0.026952 0.065278
21 0.704926 0.334028 0.036245 0.056944
21 0.617100 0.084028 0.039033 0.054167
22 0.438197 0.552778 0.064126 0.066667
22 0.550651 0.393750 0.075279 0.120833