0 0.458268 0.337227 0.148031 0.182243
0 0.861417 0.649533 0.204724 0.214953
1 0.605512 0.249221 0.193701 0.202492
1 0.856693 0.738318 0.176378 0.109034
2 0.277953 0.542835 0.155906 0.163551
2 0.852756 0.878505 0.124409 0.124611
3 0.484252 0.088006 0.105512 0.160436
3 0.635433 0.300623 0.089764 0.205607
4 0.484252 0.588785 0.165354 0.093458
4 0.256693 0.724299 0.148031 0.146417
5 0.655906 0.890966 0.089764 0.140187
5 0.325984 0.888629 0.113386 0.126168
6 0.349606 0.549844 0.129134 0.124611
6 0.118898 0.570093 0.143307 0.080997
7 0.323622 0.282710 0.130709 0.088785
7 0.159055 0.627726 0.148031 0.105919
8 0.439370 0.780374 0.113386 0.093458
8 0.842520 0.559969 0.081890 0.101246
9 0.396850 0.672897 0.113386 0.105919
9 0.611811 0.595016 0.083465 0.084112
10 0.447244 0.935358 0.116535 0.098131
10 0.327559 0.260903 0.116535 0.079439
11 0.233071 0.825545 0.141732 0.087227
11 0.298425 0.711838 0.133858 0.112150
12 0.570866 0.380062 0.080315 0.105919
12 0.903150 0.631620 0.118110 0.057632
13 0.673228 0.672897 0.118110 0.068536
13 0.670866 0.130062 0.091339 0.088785
14 0.214173 0.216511 0.097638 0.109034
14 0.460630 0.288162 0.067717 0.080997
15 0.367717 0.786604 0.067717 0.105919
15 0.448031 0.443925 0.099213 0.059190
16 0.684252 0.796729 0.108661 0.060748
16 0.137795 0.477414 0.080315 0.076324
17 0.165354 0.360592 0.085039 0.073209
17 0.739370 0.158100 0.055118 0.098131
18 0.087402 0.348910 0.055118 0.099688
18 0.247244 0.334891 0.059843 0.084112
19 0.358268 0.372274 0.070866 0.077882
19 0.159843 0.204829 0.055118 0.095016
20 0.801575 0.572430 0.066142 0.057632
20 0.419685 0.374611 0.051969 0.060748
21 0.336220 0.334891 0.058268 0.062305
21 0.559055 0.303738 0.075591 0.052960
22 0.200787 0.868380 0.137008 0.107477
23 0.691339 0.585670 0.050394 0.071651