0 0.313646 0.617967 0.097760 0.295826
0 0.523422 0.289474 0.154786 0.161525
1 0.731161 0.764065 0.272912 0.079855
1 0.353360 0.196915 0.303462 0.067151
2 0.490835 0.674229 0.179226 0.132486
2 0.178208 0.541742 0.103870 0.223230
3 0.672098 0.162432 0.073320 0.190563
3 0.554990 0.818512 0.160896 0.159710
4 0.672098 0.329401 0.150713 0.143376
4 0.813646 0.495463 0.217923 0.047187
5 0.483707 0.431942 0.197556 0.123412
5 0.425662 0.211434 0.114053 0.168784
6 0.766802 0.860254 0.160896 0.119782
6 0.334012 0.452813 0.134420 0.132486
7 0.817719 0.476407 0.083503 0.147005
7 0.151731 0.326679 0.046843 0.159710
8 0.223014 0.313067 0.103870 0.132486
8 0.497963 0.259528 0.079430 0.148820
9 0.414460 0.651543 0.128310 0.112523
9 0.180244 0.675136 0.116090 0.130672
10 0.651731 0.439201 0.097760 0.079855
10 0.369654 0.627042 0.116090 0.117967
11 0.778004 0.609800 0.146640 0.058076
11 0.491853 0.825771 0.132383 0.098004
12 0.344196 0.450091 0.093686 0.098004
12 0.752546 0.545372 0.132383 0.038113
13 0.755601 0.769510 0.073320 0.101633
13 0.532587 0.719601 0.132383 0.067151
14 0.873727 0.443739 0.097760 0.056261
14 0.521385 0.318512 0.093686 0.078040
15 0.244399 0.611615 0.073320 0.072595
16 0.648676 0.562613 0.083503 0.098004
16 0.240326 0.365699 0.093686 0.078040
17 0.510183 0.645191 0.050916 0.081670
17 0.609980 0.512704 0.095723 0.056261
18 0.576375 0.677858 0.085540 0.034483
18 0.572301 0.612523 0.073320 0.070780
19 0.099796 0.556261 0.073320 0.070780
19 0.306517 0.186025 0.054990 0.099819
20 0.284114 0.449183 0.054990 0.049002
20 0.446029 0.283122 0.052953 0.058076
21 0.228106 0.526316 0.065173 0.050817
21 0.481670 0.489111 0.071283 0.056261
22 0.532587 0.921960 0.152749 0.105263
23 0.855397 0.196007 0.085540 0.061706