0 0.566052 0.783465 0.225806 0.076115
0 0.704301 0.547244 0.207373 0.068241
1 0.248080 0.873360 0.152074 0.164042
1 0.453917 0.131890 0.121352 0.137795
2 0.808756 0.585302 0.130568 0.128609
2 0.294931 0.812992 0.110599 0.106299
3 0.504608 0.524278 0.130568 0.119423
3 0.111367 0.818241 0.161290 0.059055
4 0.411674 0.283465 0.055300 0.139108
4 0.777266 0.496063 0.162826 0.068241
5 0.106759 0.856299 0.170507 0.045932
5 0.860215 0.704724 0.089094 0.123360
6 0.413210 0.929790 0.138249 0.085302
6 0.295699 0.093832 0.139785 0.056430
7 0.384793 0.122047 0.096774 0.089239
7 0.766513 0.778871 0.086022 0.114173
8 0.558372 0.721129 0.121352 0.074803
8 0.256528 0.732940 0.116743 0.080052
9 0.903994 0.414698 0.093702 0.112861
9 0.078341 0.727034 0.122888 0.057743
10 0.544547 0.780840 0.062980 0.099738
10 0.622120 0.395669 0.107527 0.061680
11 0.860215 0.637795 0.101382 0.076115
11 0.394009 0.852362 0.124424 0.061680
12 0.718126 0.661417 0.050691 0.102362
12 0.770353 0.658793 0.087558 0.083990
13 0.244240 0.772966 0.095238 0.065617
13 0.261905 0.805118 0.090630 0.048556
14 0.238095 0.703412 0.095238 0.065617
14 0.633641 0.469816 0.090630 0.062992
15 0.466206 0.046588 0.075269 0.056430
15 0.725038 0.400919 0.067588 0.072178
16 0.505376 0.420604 0.079877 0.069554
16 0.443932 0.388451 0.064516 0.068241
17 0.579877 0.667979 0.081413 0.049869
17 0.801075 0.417979 0.078341 0.064304
18 0.506912 0.874016 0.070661 0.057743
18 0.668971 0.740814 0.053763 0.069554
19 0.441628 0.635827 0.087558 0.043307
19 0.506144 0.916667 0.075269 0.051181
20 0.845622 0.872047 0.075269 0.056430
20 0.569892 0.696850 0.055300 0.041995
21 0.608295 0.713911 0.064516 0.036745
21 0.265745 0.074803 0.082949 0.036745
22 0.584485 0.838583 0.139785 0.060367
22 0.586790 0.358924 0.132104 0.048556