0 0.208824 0.843750 0.127451 0.226190
0 0.384314 0.796131 0.231373 0.154762
1 0.732353 0.858631 0.339216 0.062500
1 0.570588 0.276786 0.156863 0.151786
2 0.494118 0.480655 0.188235 0.086310
2 0.761765 0.175595 0.225490 0.125000
3 0.798039 0.214286 0.090196 0.190476
3 0.636275 0.111607 0.217647 0.119048
4 0.198039 0.610119 0.145098 0.157738
4 0.486275 0.563988 0.219608 0.068452
5 0.854902 0.590774 0.215686 0.074405
5 0.426471 0.594494 0.217647 0.078869
6 0.328431 0.694940 0.123529 0.148810
6 0.880392 0.228423 0.074510 0.159226
7 0.118627 0.852679 0.076471 0.145833
7 0.678431 0.409226 0.086275 0.119048
8 0.245098 0.796131 0.070588 0.136905
8 0.355882 0.380952 0.076471 0.127976
9 0.727451 0.688244 0.168627 0.096726
9 0.540196 0.336310 0.147059 0.095238
10 0.786275 0.385417 0.164706 0.080357
10 0.617647 0.253720 0.188235 0.058036
11 0.643137 0.488839 0.133333 0.108631
11 0.728431 0.337054 0.154902 0.072917
12 0.787255 0.761905 0.139216 0.038690
12 0.822549 0.676339 0.119608 0.087798
13 0.568627 0.767113 0.137255 0.066964
13 0.454902 0.430060 0.105882 0.089286
14 0.697059 0.819196 0.045098 0.102679
14 0.640196 0.551339 0.111765 0.084821
15 0.461765 0.343006 0.119608 0.046131
15 0.803922 0.447917 0.086275 0.092262
16 0.172549 0.582589 0.058824 0.096726
16 0.749020 0.502232 0.113725 0.069940
17 0.167647 0.949405 0.107843 0.047619
17 0.305882 0.462798 0.074510 0.077381
18 0.255882 0.436012 0.103922 0.071429
18 0.541176 0.431548 0.078431 0.065476
19 0.502941 0.529018 0.084314 0.037202
19 0.892157 0.482143 0.090196 0.056548
20 0.420588 0.699405 0.076471 0.041667
20 0.894118 0.649554 0.082353 0.049107
21 0.528431 0.704613 0.103922 0.049107
21 0.711765 0.628720 0.086275 0.037202
22 0.512745 0.630952 0.147059 0.098214
23 0.656863 0.723214 0.078431 0.053571