0 0.476839 0.703827 0.111717 0.209651
0 0.122616 0.361065 0.133515 0.166389
1 0.167575 0.667221 0.065395 0.286190
1 0.123297 0.214642 0.113079 0.269551
2 0.298365 0.700499 0.087193 0.209651
2 0.444142 0.195507 0.073569 0.188020
3 0.886240 0.716306 0.123978 0.151414
3 0.401907 0.638935 0.073569 0.193012
4 0.644414 0.730449 0.070845 0.199667
4 0.442779 0.370216 0.100817 0.114809
5 0.206403 0.381864 0.094005 0.191348
5 0.292234 0.457571 0.118529 0.139767
6 0.647820 0.128120 0.118529 0.166389
6 0.362398 0.107321 0.108992 0.141431
7 0.779292 0.353577 0.073569 0.168053
7 0.856267 0.320300 0.129428 0.121464
8 0.264986 0.278702 0.104905 0.131448
8 0.358992 0.914309 0.143052 0.071547
9 0.529973 0.237937 0.081744 0.143095
9 0.482289 0.327787 0.092643 0.106489
10 0.108311 0.599834 0.099455 0.124792
10 0.766349 0.779534 0.094005 0.148087
11 0.659401 0.122296 0.128065 0.071547
11 0.290872 0.132280 0.077657 0.118136
12 0.660763 0.861065 0.065395 0.131448
12 0.416213 0.820300 0.104905 0.083195
13 0.598774 0.871048 0.102180 0.081531
13 0.742507 0.927621 0.119891 0.084859
14 0.468665 0.903494 0.103542 0.086522
14 0.337193 0.826123 0.058583 0.121464
15 0.794959 0.615641 0.074932 0.103161
15 0.078338 0.663062 0.066757 0.104825
16 0.200272 0.171381 0.054496 0.123128
16 0.123978 0.536606 0.070845 0.101498
17 0.591962 0.541597 0.058583 0.101498
17 0.423025 0.299501 0.072207 0.086522
18 0.324932 0.652246 0.042234 0.093178
18 0.647820 0.538270 0.066757 0.088186
19 0.715940 0.283694 0.055858 0.088186
19 0.316076 0.357737 0.065395 0.083195
20 0.856948 0.262063 0.062670 0.074875
20 0.907357 0.443428 0.062670 0.084859
21 0.482289 0.843594 0.049046 0.083195
21 0.224796 0.487521 0.040872 0.083195
22 0.809946 0.536606 0.134877 0.118136
23 0.786785 0.227121 0.053134 0.084859