0 0.161576 0.360030 0.120579 0.151198
0 0.293408 0.577096 0.056270 0.267964
1 0.717042 0.176647 0.218650 0.131737
1 0.494373 0.266467 0.139871 0.206587
2 0.494373 0.683383 0.101286 0.160180
2 0.510450 0.655689 0.181672 0.149701
3 0.494373 0.080838 0.181672 0.098802
3 0.755627 0.864521 0.176849 0.127246
4 0.774116 0.699102 0.123794 0.155689
4 0.613344 0.461078 0.104502 0.098802
5 0.710611 0.221557 0.138264 0.152695
5 0.638264 0.324102 0.115756 0.157186
6 0.857717 0.692365 0.155949 0.085329
6 0.429260 0.640719 0.135048 0.128743
7 0.744373 0.773952 0.151125 0.065868
7 0.372990 0.467066 0.080386 0.113772
8 0.515273 0.838323 0.127010 0.062874
8 0.744373 0.598802 0.122186 0.053892
9 0.527331 0.840569 0.102894 0.124251
9 0.811897 0.565868 0.067524 0.125749
10 0.541801 0.953593 0.154341 0.074850
10 0.401929 0.595808 0.093248 0.131737
11 0.073151 0.503743 0.139871 0.112275
11 0.961415 0.758234 0.064309 0.139222
12 0.614952 0.850299 0.088424 0.083832
12 0.551447 0.516467 0.038585 0.104790
13 0.212219 0.806886 0.064309 0.104790
13 0.383441 0.526198 0.081994 0.103293
14 0.680064 0.215569 0.070740 0.086826
14 0.454180 0.443862 0.056270 0.097305
15 0.559486 0.235030 0.051447 0.101796
15 0.459003 0.370509 0.059486 0.088323
16 0.329582 0.289671 0.112540 0.049401
16 0.110129 0.609281 0.104502 0.068862
17 0.714630 0.848054 0.049839 0.079341
17 0.647910 0.677395 0.090032 0.040419
18 0.290193 0.384731 0.078778 0.068862
18 0.816720 0.556138 0.051447 0.061377
19 0.872990 0.624251 0.054662 0.062874
19 0.463826 0.633234 0.049839 0.059880
20 0.217042 0.640719 0.051447 0.059880
20 0.711415 0.672904 0.033762 0.064371
21 0.699357 0.481287 0.048232 0.061377
21 0.687299 0.536677 0.056270 0.046407
22 0.756431 0.363024 0.088424 0.094311
22 0.231511 0.706587 0.090032 0.110778