0 0.729851 0.564862 0.096517 0.165475
0 0.532338 0.427988 0.095522 0.136874
1 0.280100 0.292646 0.150249 0.131767
1 0.658209 0.063330 0.164179 0.108274
2 0.166667 0.514300 0.066667 0.146067
2 0.455721 0.575077 0.041791 0.153218
3 0.609950 0.213994 0.133333 0.054137
3 0.465672 0.552094 0.093532 0.115424
4 0.469154 0.719101 0.106468 0.098059
4 0.555721 0.138407 0.056716 0.125638
5 0.679602 0.314096 0.065672 0.127681
5 0.677612 0.480592 0.075622 0.097038
6 0.878109 0.262002 0.082587 0.109295
6 0.604975 0.214505 0.083582 0.108274
7 0.695025 0.663432 0.104478 0.043922
7 0.300498 0.405516 0.087562 0.091931
8 0.784080 0.228294 0.085572 0.092952
8 0.556716 0.290092 0.058706 0.073544
9 0.727363 0.717569 0.063682 0.097038
9 0.791045 0.296221 0.105473 0.032686
10 0.948259 0.240552 0.057711 0.115424
10 0.488557 0.528090 0.059701 0.091931
11 0.597015 0.837589 0.103483 0.057201
11 0.812935 0.579673 0.051741 0.090909
12 0.635323 0.123596 0.074627 0.077630
12 0.660697 0.580184 0.081592 0.042901
13 0.669154 0.711951 0.036816 0.083759
13 0.727861 0.836568 0.072637 0.069459
14 0.711940 0.762002 0.034826 0.087845
14 0.622388 0.359551 0.078607 0.063330
15 0.485572 0.661389 0.067662 0.054137
15 0.683582 0.628192 0.069652 0.032686
16 0.650249 0.451481 0.032836 0.073544
16 0.560199 0.438202 0.045771 0.071502
17 0.911443 0.255363 0.035821 0.071502
17 0.752736 0.590398 0.050746 0.057201
18 0.297015 0.383555 0.052736 0.052094
18 0.561194 0.538815 0.037811 0.062308
19 0.523383 0.617978 0.051741 0.042901
19 0.624378 0.736977 0.058706 0.043922
20 0.042786 0.964760 0.041791 0.060266
20 0.527363 0.725230 0.031841 0.055158
21 0.824876 0.267620 0.045771 0.046987
21 0.454726 0.408580 0.035821 0.059244
22 0.369652 0.469356 0.102488 0.039837
23 0.505970 0.402962 0.050746 0.041879