0 0.240242 0.207500 0.106326 0.241667
0 0.281965 0.858333 0.125168 0.176667
1 0.823688 0.455833 0.191117 0.088333
1 0.246299 0.786667 0.158816 0.163333
2 0.331763 0.648333 0.157470 0.106667
2 0.712651 0.775000 0.106326 0.176667
3 0.469044 0.523333 0.119785 0.110000
3 0.390310 0.876667 0.088829 0.176667
4 0.530956 0.172500 0.122476 0.121667
4 0.467026 0.537500 0.145357 0.098333
5 0.885599 0.164167 0.069987 0.178333
5 0.666218 0.202500 0.099596 0.151667
6 0.334455 0.370000 0.125168 0.113333
6 0.327052 0.470833 0.123822 0.111667
7 0.671602 0.610833 0.115747 0.081667
7 0.432705 0.908333 0.119785 0.060000
8 0.533647 0.443333 0.098250 0.120000
8 0.072005 0.742500 0.065949 0.158333
9 0.471063 0.208333 0.064603 0.153333
9 0.547779 0.400000 0.083445 0.133333
10 0.341184 0.477500 0.117093 0.065000
10 0.411171 0.665833 0.095559 0.108333
11 0.389637 0.603333 0.117093 0.076667
11 0.664872 0.701667 0.056528 0.136667
12 0.603634 0.255000 0.030956 0.116667
12 0.511440 0.720000 0.099596 0.053333
13 0.925976 0.445000 0.096904 0.076667
13 0.407133 0.747500 0.103634 0.048333
14 0.706595 0.302500 0.094213 0.041667
14 0.558546 0.220000 0.069987 0.090000
15 0.589502 0.354167 0.091521 0.045000
15 0.446164 0.428333 0.087483 0.046667
16 0.548452 0.628333 0.044415 0.100000
16 0.321669 0.870833 0.088829 0.065000
17 0.684388 0.468333 0.074024 0.056667
17 0.474428 0.815833 0.068641 0.071667
18 0.502019 0.620000 0.037685 0.086667
18 0.557873 0.270000 0.065949 0.043333
19 0.373486 0.544167 0.060565 0.061667
19 0.180350 0.796667 0.067295 0.063333
20 0.580081 0.321667 0.043069 0.056667
20 0.535666 0.146667 0.048452 0.050000
21 0.711978 0.365833 0.051144 0.065000
21 0.358008 0.349167 0.061911 0.041667
22 0.635935 0.355833 0.076716 0.101667
22 0.300135 0.779167 0.094213 0.115000