0 0.385827 0.122257 0.239370 0.178683
0 0.277165 0.500784 0.116535 0.214734
1 0.437008 0.849530 0.121260 0.231975
1 0.288189 0.652821 0.229921 0.086207
2 0.387402 0.170846 0.094488 0.194357
2 0.755118 0.515674 0.099213 0.144201
3 0.905512 0.464734 0.062992 0.195925
3 0.089764 0.260972 0.059843 0.214734
4 0.239370 0.663793 0.091339 0.167712
4 0.691339 0.598746 0.078740 0.141066
5 0.749606 0.464734 0.075591 0.142633
5 0.814961 0.738245 0.165354 0.109718
6 0.509449 0.683386 0.159055 0.100313
6 0.493701 0.588558 0.099213 0.120690
7 0.466142 0.641066 0.085039 0.137931
7 0.348031 0.642633 0.100787 0.137931
8 0.120472 0.428683 0.096063 0.136364
8 0.231496 0.268809 0.062992 0.148903
9 0.305512 0.771160 0.125984 0.112853
9 0.751181 0.355799 0.107087 0.090909
10 0.781890 0.761755 0.080315 0.147335
10 0.289764 0.356583 0.148031 0.098746
11 0.277953 0.321317 0.089764 0.128527
11 0.613386 0.108150 0.130709 0.072100
12 0.651969 0.847962 0.119685 0.065831
12 0.736220 0.687304 0.077165 0.111285
13 0.901575 0.569749 0.096063 0.105016
13 0.926772 0.082288 0.102362 0.083072
14 0.584252 0.193574 0.075591 0.120690
14 0.726772 0.594828 0.086614 0.089342
15 0.292913 0.113636 0.075591 0.105016
15 0.811024 0.163793 0.107087 0.086207
16 0.585039 0.887147 0.077165 0.103448
16 0.424409 0.576803 0.080315 0.078370
17 0.571654 0.444357 0.097638 0.064263
17 0.661417 0.255486 0.066142 0.100313
18 0.689764 0.460815 0.072441 0.075235
18 0.471654 0.310345 0.070866 0.068966
19 0.904724 0.287618 0.070866 0.083072
19 0.859055 0.492947 0.048819 0.089342
20 0.881102 0.326019 0.077165 0.059561
20 0.675591 0.158307 0.069291 0.068966
21 0.636220 0.350313 0.066142 0.083072
21 0.845669 0.641066 0.085039 0.065831
22 0.500000 0.815047 0.118110 0.106583
23 0.814961 0.804859 0.080315 0.045455