0 0.221995 0.229368 0.045082 0.139335
0 0.812158 0.640407 0.162568 0.065380
1 0.527322 0.676849 0.147541 0.073955
1 0.280738 0.871919 0.135246 0.082529
2 0.185109 0.908896 0.135246 0.057878
2 0.540301 0.184352 0.107923 0.077170
3 0.719945 0.385852 0.112022 0.070740
3 0.448770 0.174169 0.069672 0.093248
4 0.717896 0.259914 0.077869 0.086817
4 0.886612 0.296892 0.117486 0.042872
5 0.529372 0.515541 0.086066 0.081458
5 0.557377 0.258307 0.092896 0.070740
6 0.549863 0.724009 0.066940 0.084673
6 0.652322 0.241693 0.102459 0.035370
7 0.780738 0.598071 0.072404 0.066452
7 0.410519 0.338692 0.091530 0.053591
8 0.349044 0.928725 0.069672 0.076099
8 0.833333 0.270632 0.062842 0.071811
9 0.506148 0.063237 0.096995 0.036442
9 0.246585 0.437835 0.039617 0.076099
10 0.380464 0.147910 0.050546 0.075027
10 0.278005 0.379957 0.094262 0.048232
11 0.240437 0.968382 0.098361 0.041801
11 0.620219 0.292069 0.084699 0.052519
12 0.560109 0.327974 0.073770 0.032154
12 0.602459 0.516077 0.043716 0.061093
13 0.383197 0.556806 0.075137 0.039657
13 0.318306 0.170954 0.057377 0.054662
14 0.170082 0.096999 0.050546 0.067524
14 0.767760 0.299035 0.076503 0.047160
15 0.306011 0.521436 0.076503 0.039657
15 0.435109 0.726152 0.066940 0.031083
16 0.575137 0.412111 0.071038 0.041801
16 0.513661 0.321543 0.046448 0.053591
17 0.609290 0.077170 0.068306 0.038585
17 0.439208 0.756699 0.058743 0.034298
18 0.417350 0.621651 0.047814 0.042872
18 0.262295 0.498392 0.054645 0.040729
19 0.275273 0.171490 0.036885 0.042872
19 0.479508 0.278671 0.046448 0.045016
20 0.491120 0.726688 0.045082 0.036442
20 0.482240 0.598607 0.046448 0.037513
21 0.413251 0.259378 0.056011 0.032154
21 0.265027 0.627546 0.049180 0.043944
22 0.443306 0.571275 0.045082 0.075027
23 0.583333 0.121115 0.046448 0.032154