0 0.305338 0.621123 0.124019 0.220089
0 0.542386 0.365583 0.287284 0.078287
1 0.113030 0.627770 0.100471 0.271787
1 0.527473 0.624815 0.235479 0.129985
2 0.595761 0.081241 0.243328 0.076809
2 0.461538 0.317578 0.235479 0.059084
3 0.471743 0.613737 0.111460 0.181684
3 0.309262 0.668390 0.056515 0.187592
4 0.413658 0.423929 0.136578 0.088626
4 0.357143 0.935746 0.211931 0.069424
5 0.702512 0.255539 0.120879 0.097489
5 0.466248 0.225258 0.169545 0.122600
6 0.798273 0.292467 0.073783 0.171344
6 0.600471 0.500000 0.174254 0.045790
7 0.458399 0.666913 0.160126 0.069424
7 0.462323 0.370015 0.136578 0.101920
8 0.784144 0.681684 0.120879 0.081241
8 0.372841 0.211226 0.111460 0.118168
9 0.696232 0.501477 0.080063 0.134417
9 0.803768 0.249631 0.144427 0.106352
10 0.627943 0.834564 0.078493 0.141802
10 0.389325 0.179468 0.131868 0.087149
11 0.888540 0.530281 0.119309 0.127031
11 0.248823 0.598227 0.089482 0.109306
12 0.354788 0.846381 0.109890 0.103397
12 0.219780 0.624815 0.100471 0.076809
13 0.215071 0.912112 0.053375 0.146233
13 0.437991 0.838257 0.106750 0.107829
14 0.474882 0.074594 0.070644 0.096012
14 0.359498 0.394387 0.113030 0.064993
15 0.654631 0.741507 0.053375 0.109306
15 0.736264 0.385524 0.069074 0.106352
16 0.843014 0.566470 0.053375 0.113737
16 0.304553 0.516987 0.087912 0.070901
17 0.902669 0.246677 0.050235 0.103397
17 0.158556 0.627031 0.056515 0.093058
18 0.507064 0.271787 0.072214 0.056130
18 0.222135 0.447563 0.076923 0.067947
19 0.554945 0.577548 0.080063 0.067947
19 0.672684 0.596012 0.089482 0.054653
20 0.419937 0.867799 0.051805 0.075332
20 0.457614 0.503693 0.064364 0.056130
21 0.536892 0.528065 0.059655 0.060561
21 0.461538 0.313146 0.059655 0.070901
22 0.241758 0.766617 0.097331 0.150665
22 0.767661 0.808715 0.185243 0.057607