0 0.268152 0.388785 0.136964 0.123364
0 0.424917 0.124299 0.259076 0.151402
1 0.743399 0.723364 0.097360 0.164486
1 0.599835 0.657009 0.140264 0.121495
2 0.150990 0.409346 0.130363 0.153271
2 0.528053 0.173832 0.194719 0.085981
3 0.315182 0.471963 0.089109 0.207477
3 0.895215 0.265421 0.136964 0.171963
4 0.551155 0.214953 0.145215 0.183178
4 0.673267 0.228972 0.168317 0.091589
5 0.116337 0.587850 0.051155 0.200000
5 0.459571 0.297196 0.160066 0.089720
6 0.778878 0.523364 0.118812 0.145794
6 0.735149 0.550467 0.163366 0.054206
7 0.592409 0.840187 0.141914 0.080374
7 0.796205 0.536449 0.113861 0.138318
8 0.671617 0.743925 0.062706 0.149533
8 0.548680 0.535514 0.120462 0.076636
9 0.728548 0.326168 0.130363 0.042991
9 0.742574 0.385981 0.092409 0.136449
10 0.169967 0.254206 0.145215 0.089720
10 0.304455 0.628037 0.084158 0.104673
11 0.546205 0.736449 0.062706 0.127103
11 0.796205 0.272897 0.127063 0.071028
12 0.259076 0.694393 0.108911 0.091589
12 0.474422 0.472897 0.084158 0.127103
13 0.599835 0.923364 0.110561 0.067290
13 0.133663 0.602804 0.125413 0.054206
14 0.630363 0.541121 0.095710 0.102804
14 0.393564 0.515888 0.087459 0.093458
15 0.225248 0.536449 0.061056 0.112150
15 0.736799 0.380374 0.094059 0.076636
16 0.646865 0.439252 0.075908 0.100935
16 0.552805 0.573832 0.095710 0.082243
17 0.773102 0.713084 0.077558 0.065421
17 0.518152 0.386916 0.082508 0.089720
18 0.476898 0.699065 0.079208 0.059813
18 0.671617 0.139252 0.072607 0.084112
19 0.824257 0.370093 0.074257 0.048598
19 0.853960 0.535514 0.061056 0.061682
20 0.870462 0.462617 0.041254 0.072897
20 0.910891 0.353271 0.052805 0.067290
21 0.767327 0.615888 0.066007 0.061682
21 0.825083 0.145794 0.049505 0.085981
22 0.472772 0.583178 0.051155 0.160748
22 0.672442 0.298131 0.110561 0.132710