0 0.446829 0.349215 0.089756 0.164398
0 0.664390 0.520419 0.056585 0.134031
1 0.541951 0.838743 0.084878 0.104712
1 0.677561 0.489529 0.141463 0.059686
2 0.658537 0.351832 0.091707 0.110995
2 0.211220 0.138220 0.108293 0.092147
3 0.097073 0.146597 0.108293 0.085864
3 0.387805 0.540838 0.053659 0.095288
4 0.271707 0.891099 0.084878 0.083770
4 0.938049 0.959162 0.112195 0.071204
5 0.237073 0.885864 0.078049 0.106806
5 0.206829 0.822513 0.101463 0.063874
6 0.687317 0.797906 0.059512 0.081675
6 0.790732 0.913613 0.106341 0.063874
7 0.393659 0.619895 0.065366 0.092147
7 0.586341 0.869110 0.072195 0.087958
8 0.486341 0.481675 0.075122 0.075393
8 0.720488 0.716230 0.100488 0.050262
9 0.141951 0.637173 0.051707 0.099476
9 0.587317 0.541361 0.039024 0.098429
10 0.745366 0.407330 0.068293 0.054450
10 0.264878 0.289529 0.051707 0.078534
11 0.928780 0.842932 0.078049 0.077487
11 0.782927 0.455497 0.071220 0.069110
12 0.500488 0.715183 0.087805 0.039791
12 0.660488 0.645550 0.081951 0.030366
13 0.574146 0.351309 0.073171 0.045026
13 0.511220 0.582199 0.054634 0.073298
14 0.621951 0.757068 0.071220 0.043979
14 0.232195 0.652880 0.066341 0.063874
15 0.624878 0.658115 0.041951 0.063874
15 0.204390 0.903141 0.041951 0.072251
16 0.687317 0.880628 0.043902 0.060733
16 0.239024 0.577487 0.040976 0.057592
17 0.511220 0.409948 0.062439 0.042932
17 0.245366 0.621990 0.041951 0.058639
18 0.299512 0.235602 0.046829 0.056545
18 0.430244 0.607330 0.033171 0.058639
19 0.190244 0.575393 0.058537 0.038743
19 0.698049 0.351309 0.055610 0.034555
20 0.167805 0.135079 0.037073 0.041885
20 0.735122 0.369634 0.045854 0.031414
21 0.485854 0.584817 0.042927 0.036649
21 0.929756 0.728272 0.054634 0.038743
22 0.074634 0.052880 0.102439 0.074346
22 0.814634 0.549215 0.076098 0.095288