0 0.173004 0.376712 0.237009 0.307241
0 0.628010 0.852250 0.171103 0.135029
1 0.808619 0.404110 0.141952 0.260274
1 0.739544 0.628180 0.092522 0.230920
2 0.178074 0.650685 0.138150 0.197652
2 0.683777 0.662427 0.135615 0.193738
3 0.526616 0.578278 0.133080 0.315068
3 0.110266 0.641879 0.106464 0.168297
4 0.377693 0.623288 0.187579 0.127202
4 0.332066 0.252446 0.169835 0.207436
5 0.278834 0.722114 0.103929 0.144814
5 0.283270 0.126223 0.117871 0.162427
6 0.472750 0.602740 0.129278 0.270059
6 0.704689 0.762231 0.207858 0.080235
7 0.471483 0.785714 0.126743 0.158513
7 0.330165 0.096869 0.148289 0.123288
8 0.334601 0.854207 0.083650 0.213307
8 0.686312 0.499022 0.160963 0.152642
9 0.387833 0.269080 0.136882 0.189824
9 0.817490 0.151663 0.177440 0.123288
10 0.762357 0.469667 0.122940 0.234834
10 0.802915 0.315068 0.150824 0.152642
11 0.462611 0.295499 0.108999 0.121331
11 0.384030 0.246575 0.065906 0.230920
12 0.118504 0.447162 0.072243 0.225049
12 0.629911 0.411937 0.141952 0.068493
13 0.915716 0.519569 0.082383 0.123288
13 0.382129 0.671233 0.067174 0.187867
14 0.863752 0.513699 0.089987 0.185910
14 0.544994 0.722114 0.078580 0.203523
15 0.729404 0.826810 0.097592 0.107632
15 0.653992 0.338552 0.101394 0.129159
16 0.596958 0.566536 0.055767 0.158513
16 0.893536 0.648728 0.091255 0.154599
17 0.798479 0.682975 0.065906 0.144814
17 0.670469 0.417808 0.068441 0.127202
18 0.555767 0.337573 0.049430 0.142857
18 0.460076 0.367906 0.073511 0.097847
19 0.787072 0.220157 0.093790 0.088063
19 0.504436 0.118395 0.096324 0.088063
20 0.681242 0.117417 0.059569 0.136986
20 0.292142 0.202544 0.082383 0.068493
21 0.397972 0.868885 0.053232 0.125245
21 0.669202 0.662427 0.048162 0.103718
23 0.258555 0.817025 0.083650 0.060665