0 0.070568 0.790343 0.106713 0.188056
0 0.318417 0.458704 0.237522 0.124524
1 0.318417 0.847522 0.213425 0.106734
1 0.161790 0.400889 0.161790 0.151207
2 0.268503 0.925032 0.209983 0.076239
2 0.161790 0.333545 0.068847 0.151207
3 0.148881 0.252224 0.180723 0.100381
3 0.631670 0.426302 0.089501 0.135959
4 0.653184 0.283990 0.170396 0.102922
4 0.313253 0.561626 0.117040 0.088945
5 0.147160 0.735705 0.098107 0.127065
5 0.421687 0.576239 0.127367 0.074968
6 0.548193 0.609911 0.129088 0.109276
6 0.716007 0.578145 0.154905 0.076239
7 0.723752 0.420584 0.156627 0.053367
7 0.503442 0.604193 0.094664 0.100381
8 0.518072 0.455527 0.117040 0.082592
8 0.290017 0.637230 0.108434 0.080051
9 0.579174 0.488564 0.053356 0.102922
9 0.603270 0.613723 0.118761 0.066074
10 0.586919 0.330368 0.134251 0.066074
10 0.621343 0.201398 0.158348 0.047014
11 0.715146 0.330368 0.142857 0.063532
11 0.299484 0.290978 0.072289 0.101652
12 0.480207 0.789072 0.103270 0.066074
12 0.219449 0.840534 0.063683 0.080051
13 0.521515 0.690597 0.113597 0.044473
13 0.860585 0.433291 0.096386 0.086404
14 0.385542 0.756036 0.106713 0.063532
14 0.504303 0.942821 0.096386 0.078780
15 0.346816 0.207751 0.098107 0.069886
15 0.722031 0.483482 0.077453 0.072427
16 0.485370 0.372935 0.055077 0.080051
16 0.290878 0.634053 0.096386 0.071156
17 0.425990 0.463787 0.098107 0.055909
17 0.159208 0.475858 0.098107 0.044473
18 0.457831 0.864676 0.096386 0.044473
18 0.212565 0.784625 0.074010 0.047014
19 0.351979 0.810038 0.053356 0.067344
19 0.400172 0.664549 0.067126 0.063532
20 0.261618 0.735070 0.068847 0.044473
20 0.554217 0.736341 0.051635 0.054638
21 0.466437 0.257306 0.068847 0.054638
21 0.528399 0.714104 0.048193 0.050826
22 0.223752 0.664549 0.058520 0.111817
23 0.456110 0.308767 0.068847 0.060991