0 0.385208 0.265217 0.243451 0.189565
0 0.285824 0.402609 0.115562 0.189565
1 0.195686 0.813913 0.058552 0.198261
1 0.385208 0.569565 0.089368 0.220870
2 0.113251 0.535652 0.109399 0.212174
2 0.917565 0.519130 0.106317 0.234783
3 0.707242 0.200000 0.191063 0.069565
3 0.547766 0.707826 0.063174 0.205217
4 0.130200 0.577391 0.075501 0.177391
4 0.571649 0.538261 0.114022 0.158261
5 0.234977 0.675652 0.084746 0.095652
5 0.876733 0.542609 0.098613 0.191304
6 0.533898 0.175652 0.143297 0.153043
6 0.896764 0.419130 0.114022 0.166957
7 0.144838 0.653913 0.070878 0.114783
7 0.694915 0.656522 0.067797 0.161739
8 0.326656 0.178261 0.157165 0.113043
8 0.465331 0.901739 0.049307 0.172174
9 0.618644 0.671304 0.078582 0.142609
9 0.641757 0.600870 0.072419 0.140870
10 0.200308 0.835652 0.083205 0.144348
10 0.306626 0.673913 0.055470 0.140870
11 0.861325 0.706087 0.095532 0.146087
11 0.345146 0.145217 0.101695 0.151304
12 0.403698 0.591304 0.070878 0.104348
12 0.804314 0.553913 0.040062 0.133913
13 0.568567 0.340870 0.104777 0.069565
13 0.375193 0.521739 0.060092 0.121739
14 0.466872 0.675652 0.104777 0.064348
14 0.505393 0.557391 0.033898 0.116522
15 0.251926 0.864348 0.057011 0.100870
15 0.297381 0.438261 0.080123 0.045217
16 0.696456 0.858261 0.086287 0.088696
16 0.190293 0.402609 0.069337 0.064348
17 0.426040 0.798261 0.078582 0.052174
17 0.487673 0.381739 0.084746 0.040000
18 0.738829 0.530435 0.069337 0.066087
18 0.263482 0.797391 0.052388 0.074783
19 0.285054 0.540870 0.055470 0.080000
19 0.463020 0.480870 0.038521 0.074783
20 0.154854 0.773043 0.029276 0.067826
20 0.459168 0.641739 0.030817 0.052174
21 0.277350 0.747826 0.055470 0.045217
21 0.566256 0.698261 0.057011 0.060870
22 0.635593 0.107826 0.152542 0.086957
23 0.461479 0.580870 0.041602 0.055652