0 0.596108 0.276013 0.112028 0.085433
0 0.578420 0.581599 0.116745 0.140197
1 0.198113 0.290800 0.075472 0.106243
1 0.623231 0.512596 0.090802 0.144578
2 0.396816 0.922782 0.114387 0.097481
2 0.252358 0.621030 0.136792 0.063527
3 0.461675 0.704819 0.086085 0.106243
3 0.567217 0.695509 0.084906 0.122673
4 0.686321 0.057503 0.132075 0.055860
4 0.535377 0.557503 0.103774 0.105148
5 0.267099 0.429901 0.128538 0.053669
5 0.920991 0.563527 0.099057 0.125958
6 0.405071 0.480285 0.100236 0.095290
6 0.544811 0.702629 0.061321 0.117196
7 0.252358 0.458927 0.094340 0.056955
7 0.476415 0.463855 0.110849 0.047097
8 0.291863 0.896495 0.097877 0.075575
8 0.355542 0.924973 0.093160 0.071194
9 0.286557 0.507119 0.099057 0.063527
9 0.401533 0.360350 0.074292 0.067908
10 0.517099 0.061336 0.123821 0.054765
10 0.478774 0.272180 0.054245 0.095290
11 0.384434 0.746440 0.058962 0.106243
11 0.158019 0.695509 0.054245 0.089814
12 0.224646 0.363089 0.083726 0.058050
12 0.510024 0.880066 0.095519 0.047097
13 0.642099 0.763417 0.076651 0.072289
13 0.530071 0.809967 0.043632 0.090909
14 0.452830 0.809967 0.082547 0.066813
14 0.321934 0.158817 0.080189 0.063527
15 0.323703 0.364732 0.076651 0.048193
15 0.335495 0.503286 0.038915 0.071194
16 0.360259 0.564074 0.081368 0.032859
16 0.526533 0.447974 0.074292 0.056955
17 0.401533 0.207010 0.074292 0.041621
17 0.433962 0.605148 0.063679 0.049288
18 0.383844 0.267798 0.041274 0.062432
18 0.479363 0.533406 0.053066 0.054765
19 0.552476 0.031763 0.069575 0.037240
19 0.303066 0.469332 0.030660 0.053669
20 0.287146 0.336254 0.055425 0.041621
20 0.250590 0.665936 0.057783 0.030668
21 0.230542 0.640745 0.038915 0.043812
21 0.563679 0.090361 0.040094 0.047097
22 0.070755 0.631982 0.094340 0.087623
23 0.341392 0.422782 0.053066 0.035049