0 0.291850 0.644077 0.077093 0.165148
0 0.860132 0.370729 0.081498 0.169704
1 0.427313 0.621868 0.081498 0.159453
1 0.696035 0.339408 0.085903 0.168565
2 0.238987 0.910592 0.105727 0.117312
2 0.336454 0.580296 0.051762 0.126424
3 0.569934 0.653189 0.064978 0.124146
3 0.836454 0.755695 0.049559 0.149203
4 0.379405 0.830296 0.124449 0.054670
4 0.519273 0.409453 0.089207 0.083144
5 0.386564 0.521071 0.046256 0.110478
5 0.624449 0.531321 0.125551 0.042141
6 0.426762 0.511959 0.040749 0.112756
6 0.631057 0.544989 0.044053 0.117312
7 0.505507 0.830296 0.101322 0.041002
7 0.553965 0.506264 0.092511 0.069476
8 0.640969 0.873576 0.103524 0.043280
8 0.829846 0.457859 0.069383 0.072893
9 0.697137 0.939636 0.105727 0.036446
9 0.480176 0.892369 0.074890 0.087699
10 0.550661 0.792711 0.092511 0.054670
10 0.525881 0.703872 0.036344 0.095672
11 0.068833 0.951595 0.098018 0.044419
11 0.621696 0.160023 0.093612 0.074032
12 0.428414 0.447039 0.070485 0.051253
12 0.828744 0.397494 0.067181 0.052392
13 0.779185 0.865034 0.084802 0.069476
13 0.919053 0.437927 0.025330 0.096811
14 0.604075 0.632118 0.045154 0.077449
14 0.849670 0.754556 0.091410 0.039863
15 0.347467 0.453303 0.045154 0.075171
15 0.529736 0.490319 0.063877 0.064920
16 0.397026 0.599089 0.064978 0.031891
16 0.882709 0.186788 0.053965 0.077449
17 0.397026 0.768793 0.053965 0.045558
17 0.503855 0.198747 0.060573 0.042141
18 0.373899 0.636674 0.056167 0.031891
18 0.683370 0.499431 0.051762 0.037585
19 0.441079 0.694761 0.031938 0.056948
19 0.564978 0.167995 0.033040 0.055809
20 0.639317 0.459567 0.038546 0.048975
20 0.964758 0.048975 0.041850 0.054670
21 0.800110 0.423690 0.042952 0.036446
21 0.789097 0.375854 0.029736 0.047836
22 0.497247 0.340547 0.104626 0.045558
23 0.725220 0.505125 0.034141 0.053531