0 0.313368 0.842576 0.227431 0.232558
0 0.188368 0.527728 0.088542 0.311270
1 0.426215 0.797853 0.182292 0.178891
1 0.388021 0.130590 0.251736 0.132379
2 0.894097 0.480322 0.135417 0.173524
2 0.633681 0.437388 0.232639 0.087657
3 0.315104 0.144007 0.230903 0.062612
3 0.480035 0.303220 0.123264 0.177102
4 0.665799 0.847943 0.095486 0.228980
4 0.092882 0.585868 0.085069 0.234347
5 0.268229 0.231664 0.137153 0.098390
5 0.699653 0.259392 0.201389 0.107335
6 0.867188 0.676208 0.171875 0.153846
6 0.875868 0.652952 0.157986 0.096601
7 0.318576 0.703936 0.171875 0.066190
7 0.399306 0.380143 0.152778 0.123435
8 0.337674 0.550089 0.092014 0.148479
8 0.145833 0.389088 0.107639 0.166369
9 0.299479 0.606440 0.147569 0.132379
9 0.641493 0.584973 0.085069 0.143113
10 0.559028 0.627013 0.166667 0.098390
10 0.289062 0.460644 0.130208 0.134168
11 0.432292 0.762970 0.059028 0.166369
11 0.618924 0.370304 0.157986 0.096601
12 0.817708 0.446333 0.114583 0.101968
12 0.428819 0.216458 0.142361 0.093023
13 0.135417 0.314848 0.059028 0.146691
13 0.397569 0.301431 0.156250 0.055456
14 0.780382 0.771020 0.133681 0.085868
14 0.230035 0.463327 0.109375 0.096601
15 0.499132 0.501789 0.109375 0.094812
15 0.723090 0.284436 0.074653 0.132379
16 0.261285 0.635063 0.109375 0.103757
16 0.786458 0.503578 0.045139 0.119857
17 0.541667 0.753131 0.055556 0.107335
17 0.209201 0.337209 0.078125 0.098390
18 0.268229 0.821109 0.067708 0.100179
18 0.358507 0.641324 0.085069 0.062612
19 0.748264 0.627013 0.072917 0.048301
19 0.419271 0.463327 0.053819 0.082290
20 0.739583 0.815742 0.072917 0.071556
20 0.621528 0.597496 0.059028 0.050089
21 0.293403 0.367621 0.048611 0.084079
21 0.690972 0.358676 0.083333 0.051878
22 0.862847 0.852415 0.128472 0.123435
22 0.717014 0.609123 0.079861 0.180680