0 0.142093 0.370968 0.155767 0.079404
0 0.702735 0.559553 0.154578 0.059553
1 0.437574 0.607940 0.040428 0.148883
1 0.380499 0.429280 0.142687 0.089330
2 0.282996 0.555831 0.042806 0.129032
2 0.152794 0.648883 0.086801 0.114144
3 0.596314 0.700993 0.060642 0.119107
3 0.105826 0.937965 0.099881 0.094293
4 0.264566 0.709677 0.051130 0.106700
4 0.576100 0.794665 0.105826 0.038462
5 0.313317 0.872829 0.034483 0.110422
5 0.463734 0.929901 0.097503 0.073201
6 0.579073 0.883375 0.057075 0.101737
6 0.923900 0.500000 0.092747 0.094293
7 0.356124 0.428660 0.036861 0.098015
7 0.199762 0.085608 0.097503 0.052109
8 0.342449 0.592432 0.080856 0.043424
8 0.513674 0.350496 0.054697 0.083127
9 0.566587 0.173077 0.082045 0.078164
9 0.184304 0.501861 0.052319 0.083127
10 0.305589 0.554591 0.092747 0.037221
10 0.425089 0.412531 0.053508 0.095533
11 0.681926 0.605459 0.082045 0.042184
11 0.531510 0.227047 0.080856 0.057072
12 0.806183 0.702854 0.073722 0.060794
12 0.498216 0.546526 0.068966 0.060794
13 0.597503 0.331266 0.055886 0.071960
13 0.141498 0.488213 0.064209 0.058313
14 0.554102 0.323821 0.059453 0.066998
14 0.772889 0.067618 0.071344 0.068238
15 0.480380 0.704094 0.040428 0.068238
15 0.853151 0.650124 0.070155 0.037221
16 0.435196 0.602357 0.066587 0.045906
16 0.236623 0.420596 0.049941 0.062035
17 0.485137 0.776675 0.045184 0.057072
17 0.770511 0.468983 0.059453 0.052109
18 0.268133 0.638958 0.051130 0.049628
18 0.382283 0.068859 0.067776 0.043424
19 0.176576 0.627792 0.046373 0.037221
19 0.270511 0.402605 0.036861 0.053350
20 0.680143 0.193548 0.042806 0.052109
20 0.376338 0.665633 0.046373 0.040943
21 0.898930 0.407568 0.066587 0.050868
21 0.174792 0.160670 0.042806 0.058313
22 0.344233 0.315757 0.041617 0.102978
22 0.240190 0.204715 0.040428 0.099256