0 0.647513 0.612776 0.197256 0.282334
0 0.796741 0.604890 0.231561 0.118297
1 0.668096 0.139590 0.269297 0.093060
1 0.087479 0.505521 0.120069 0.266562
2 0.407376 0.155363 0.238422 0.064669
2 0.282161 0.723186 0.156089 0.187697
3 0.290738 0.229495 0.210978 0.083596
3 0.632075 0.532334 0.097770 0.194006
4 0.506003 0.735016 0.212693 0.091483
4 0.738422 0.554416 0.149228 0.156151
5 0.240995 0.265773 0.210978 0.052050
5 0.790738 0.235804 0.116638 0.187697
6 0.254717 0.377760 0.176672 0.089905
6 0.866209 0.482650 0.164666 0.097792
7 0.288165 0.673502 0.154374 0.097792
7 0.726415 0.429022 0.162950 0.100946
8 0.295883 0.895110 0.142367 0.134069
8 0.453688 0.378549 0.135506 0.110410
9 0.445111 0.642744 0.118353 0.067823
9 0.615780 0.729495 0.072041 0.140379
10 0.535163 0.741325 0.068611 0.126183
10 0.753859 0.409306 0.073756 0.143533
11 0.241852 0.529180 0.150943 0.086751
11 0.524871 0.528391 0.113208 0.138801
12 0.503431 0.867508 0.138937 0.063091
12 0.445969 0.740536 0.078902 0.108833
13 0.409949 0.878549 0.099485 0.113565
13 0.642367 0.682965 0.070326 0.107256
14 0.478559 0.407729 0.109777 0.074132
14 0.396226 0.345426 0.085763 0.104101
15 0.449400 0.078076 0.116638 0.055205
15 0.728130 0.502366 0.063465 0.099369
16 0.815609 0.638013 0.084048 0.093060
16 0.549743 0.418770 0.056604 0.102524
17 0.448542 0.281546 0.070326 0.086751
17 0.466552 0.573344 0.072041 0.077287
18 0.271870 0.592271 0.063465 0.080442
18 0.638937 0.391956 0.080617 0.077287
19 0.316467 0.488959 0.084048 0.063091
19 0.387650 0.861987 0.085763 0.067823
20 0.669811 0.189274 0.080617 0.044164
20 0.294168 0.511830 0.056604 0.042587
21 0.406518 0.804416 0.068611 0.047319
21 0.468268 0.709779 0.058319 0.072555
22 0.186964 0.663249 0.065180 0.162461
23 0.207547 0.344637 0.072041 0.070978