0 0.472490 0.787420 0.166437 0.246815
0 0.324622 0.753981 0.280605 0.128981
1 0.665750 0.852707 0.231087 0.246815
1 0.632050 0.550955 0.295736 0.098726
2 0.563274 0.785828 0.122421 0.109873
2 0.547455 0.238057 0.217331 0.125796
3 0.779917 0.640924 0.134801 0.176752
3 0.125860 0.485669 0.152682 0.124204
4 0.127923 0.629777 0.134801 0.093949
4 0.173315 0.602707 0.173315 0.167197
5 0.695323 0.424363 0.191197 0.052548
5 0.658872 0.250000 0.167813 0.168790
6 0.400275 0.177548 0.132050 0.100318
6 0.653370 0.121019 0.115543 0.136943
7 0.436726 0.142516 0.130674 0.116242
7 0.403026 0.765924 0.104539 0.159236
8 0.275791 0.734076 0.125172 0.121019
8 0.166437 0.198248 0.132050 0.144904
9 0.339752 0.616242 0.151307 0.050955
9 0.758597 0.330414 0.141678 0.081210
10 0.909216 0.535828 0.126547 0.109873
10 0.197387 0.313694 0.075653 0.171975
11 0.440853 0.670382 0.133425 0.105096
11 0.334938 0.408439 0.050894 0.170382
12 0.075653 0.346338 0.110041 0.090764
12 0.744154 0.257166 0.126547 0.087580
13 0.762036 0.476911 0.112792 0.055732
13 0.150619 0.394904 0.105915 0.095541
14 0.709078 0.589172 0.070151 0.117834
14 0.440853 0.143312 0.108666 0.066879
15 0.727648 0.784236 0.071527 0.125796
15 0.548143 0.617834 0.056396 0.079618
16 0.743466 0.704618 0.103164 0.046178
16 0.186382 0.349522 0.105915 0.052548
17 0.944292 0.440287 0.083906 0.090764
17 0.447730 0.073248 0.075653 0.076433
18 0.356946 0.661624 0.081155 0.055732
18 0.255846 0.544586 0.060523 0.082803
19 0.280605 0.455414 0.055021 0.082803
19 0.299862 0.321656 0.060523 0.085987
20 0.211829 0.559713 0.038514 0.062102
20 0.279230 0.267516 0.063274 0.041401
21 0.670564 0.380573 0.059147 0.050955
21 0.241403 0.433121 0.067400 0.044586
22 0.596286 0.582006 0.116919 0.170382
23 0.076341 0.388535 0.034388 0.070064