0 0.542714 0.848986 0.130653 0.086446
0 0.371022 0.395945 0.132328 0.072572
1 0.317420 0.172359 0.132328 0.099253
1 0.475712 0.132871 0.274707 0.060832
2 0.214405 0.195838 0.100503 0.167556
2 0.446399 0.115795 0.262982 0.065101
3 0.324121 0.602455 0.209380 0.069370
3 0.155779 0.302561 0.234506 0.073639
4 0.563652 0.672892 0.209380 0.090715
4 0.922948 0.438100 0.120603 0.067236
5 0.469012 0.655816 0.157454 0.071505
5 0.553601 0.491996 0.229481 0.038420
6 0.645729 0.856457 0.075377 0.060832
6 0.487437 0.623266 0.157454 0.076841
7 0.669179 0.937033 0.102178 0.089648
7 0.640704 0.483991 0.185930 0.062967
8 0.752931 0.685165 0.112228 0.089648
8 0.714405 0.416222 0.155779 0.066169
9 0.760469 0.683031 0.137353 0.055496
9 0.721943 0.520811 0.130653 0.091782
10 0.589615 0.243330 0.130653 0.044824
10 0.394472 0.142476 0.082077 0.118463
11 0.484087 0.769477 0.154104 0.066169
11 0.634003 0.445037 0.092127 0.059765
12 0.603015 0.603522 0.113903 0.045891
12 0.803183 0.571505 0.128978 0.045891
13 0.639866 0.799360 0.077052 0.078975
13 0.207705 0.543223 0.070352 0.076841
14 0.610553 0.754002 0.072027 0.107791
14 0.460637 0.449840 0.130653 0.058698
15 0.715243 0.580576 0.056951 0.076841
15 0.242044 0.358591 0.078727 0.078975
16 0.400335 0.890608 0.060302 0.077908
16 0.659966 0.532017 0.097152 0.069370
17 0.525963 0.050694 0.053601 0.071505
17 0.479062 0.877801 0.087102 0.058698
18 0.478224 0.930630 0.102178 0.040555
18 0.448911 0.455710 0.097152 0.042689
19 0.450586 0.891676 0.060302 0.052295
19 0.679229 0.692102 0.065327 0.050160
20 0.567002 0.710245 0.055276 0.039488
20 0.753769 0.600320 0.067002 0.026681
21 0.571189 0.531483 0.077052 0.040555
21 0.440536 0.208645 0.100503 0.024546
22 0.730318 0.641942 0.150754 0.067236
22 0.495812 0.554429 0.093802 0.088581