0 0.289359 0.121880 0.173469 0.143906
0 0.464286 0.680617 0.161808 0.162996
1 0.156706 0.495595 0.161808 0.077827
1 0.380466 0.668135 0.128280 0.152717
2 0.330904 0.129956 0.154519 0.098385
2 0.798105 0.517621 0.135569 0.130690
3 0.524781 0.307636 0.099125 0.116006
3 0.787901 0.815712 0.135569 0.124816
4 0.309038 0.590308 0.131195 0.082232
4 0.932945 0.516887 0.049563 0.158590
5 0.314869 0.228341 0.137026 0.054332
5 0.771137 0.406755 0.125364 0.049927
6 0.166910 0.339207 0.103499 0.082232
6 0.870262 0.613069 0.093294 0.116006
7 0.314869 0.638767 0.061224 0.096916
7 0.332362 0.767988 0.113703 0.038179
8 0.522595 0.399413 0.071429 0.096916
8 0.446064 0.883994 0.113703 0.079295
9 0.462828 0.759178 0.100583 0.044053
9 0.572157 0.893539 0.080175 0.101322
10 0.791545 0.695301 0.046647 0.121880
10 0.585277 0.574890 0.103499 0.054332
11 0.601312 0.746696 0.094752 0.057269
11 0.755102 0.424376 0.046647 0.114537
12 0.327988 0.919236 0.087464 0.064611
12 0.667638 0.596916 0.046647 0.086637
13 0.263848 0.500000 0.040816 0.089574
13 0.636297 0.834802 0.036443 0.089574
14 0.325802 0.532305 0.086006 0.048458
14 0.682945 0.831865 0.042274 0.092511
15 0.505831 0.213656 0.049563 0.074890
15 0.594752 0.484581 0.034985 0.076358
16 0.550292 0.452276 0.048105 0.067548
16 0.731050 0.519090 0.036443 0.080764
17 0.189504 0.220999 0.069971 0.051395
17 0.584548 0.618943 0.052478 0.063142
18 0.549563 0.537445 0.061224 0.044053
18 0.781341 0.608664 0.075802 0.045521
19 0.114431 0.234214 0.062682 0.054332
19 0.231778 0.425110 0.049563 0.051395
20 0.227405 0.374449 0.055394 0.041116
20 0.163994 0.455947 0.056851 0.036711
21 0.317784 0.273862 0.052478 0.027900
21 0.431487 0.828194 0.043732 0.058737
22 0.456997 0.552863 0.091837 0.069016
22 0.377551 0.892805 0.081633 0.108664