0 0.675719 0.855072 0.230032 0.142292
0 0.172524 0.628458 0.261981 0.084321
1 0.144569 0.366930 0.158147 0.140975
1 0.765974 0.860343 0.142173 0.105402
2 0.373003 0.847167 0.193291 0.142292
2 0.205272 0.451252 0.212460 0.109354
3 0.932907 0.476285 0.076677 0.169960
3 0.358626 0.915679 0.158147 0.126482
4 0.117412 0.153491 0.183706 0.122530
4 0.286741 0.131094 0.100639 0.154150
5 0.443291 0.830040 0.164537 0.113307
5 0.329073 0.710145 0.111821 0.100132
6 0.623003 0.060606 0.130990 0.089592
6 0.509585 0.580369 0.092652 0.119895
7 0.751597 0.202240 0.126198 0.119895
7 0.535144 0.548748 0.162939 0.056653
8 0.472045 0.770092 0.164537 0.048748
8 0.519169 0.226614 0.150160 0.079051
9 0.420927 0.162714 0.158147 0.064559
9 0.667732 0.322793 0.070288 0.118577
10 0.741214 0.329381 0.134185 0.092227
10 0.623802 0.138340 0.123003 0.081686
11 0.517572 0.282609 0.146965 0.088274
11 0.720447 0.272069 0.111821 0.085639
12 0.857827 0.786561 0.140575 0.050066
12 0.708466 0.444005 0.094249 0.092227
13 0.553514 0.457181 0.100639 0.089592
13 0.833067 0.393939 0.148562 0.052701
14 0.760383 0.482213 0.063898 0.102767
14 0.784345 0.438735 0.102236 0.092227
15 0.123802 0.683794 0.087859 0.076416
15 0.428115 0.451910 0.070288 0.092227
16 0.488818 0.361001 0.111821 0.052701
16 0.638179 0.235178 0.107029 0.067194
17 0.564696 0.675231 0.065495 0.083004
17 0.715655 0.583004 0.057508 0.080369
18 0.526358 0.191700 0.078275 0.072464
18 0.378594 0.271410 0.060703 0.076416
19 0.383387 0.100132 0.089457 0.060606
19 0.321885 0.135046 0.071885 0.056653
20 0.841054 0.318182 0.078275 0.048748
20 0.742812 0.367589 0.060703 0.050066
21 0.711661 0.393939 0.059105 0.057971
21 0.635783 0.240448 0.067093 0.064559
22 0.204473 0.714097 0.162939 0.086957
23 0.656550 0.648880 0.079872 0.064559