0 0.303387 0.650862 0.217968 0.081034
0 0.321797 0.281034 0.192931 0.082759
1 0.389543 0.731897 0.189985 0.084483
1 0.286451 0.437069 0.069219 0.222414
2 0.366716 0.246552 0.120766 0.168966
2 0.675258 0.400862 0.054492 0.187931
3 0.636966 0.642241 0.131075 0.118966
3 0.573638 0.368966 0.095729 0.165517
4 0.417526 0.919828 0.145803 0.094828
4 0.467599 0.571552 0.139912 0.056897
5 0.502209 0.793966 0.123711 0.136207
5 0.607511 0.726724 0.116348 0.105172
6 0.553756 0.751724 0.044183 0.144828
6 0.625920 0.546552 0.097202 0.113793
7 0.747423 0.766379 0.101620 0.094828
7 0.672312 0.244828 0.092784 0.096552
8 0.514728 0.205172 0.066274 0.120690
8 0.484536 0.312069 0.094256 0.075862
9 0.782032 0.140517 0.108984 0.081034
9 0.728277 0.462931 0.036819 0.136207
10 0.846097 0.687931 0.042710 0.134483
10 0.852725 0.475862 0.053019 0.127586
11 0.440353 0.438793 0.067747 0.118966
11 0.534610 0.388793 0.120766 0.053448
12 0.491900 0.438793 0.044183 0.094828
12 0.548601 0.460345 0.075110 0.058621
13 0.673785 0.682759 0.054492 0.082759
13 0.115611 0.543103 0.045655 0.106897
14 0.078056 0.469828 0.091311 0.063793
14 0.226804 0.317241 0.055965 0.096552
15 0.533137 0.919828 0.070692 0.084483
15 0.933726 0.549138 0.079529 0.060345
16 0.657585 0.121552 0.078056 0.053448
16 0.717968 0.474138 0.078056 0.068966
17 0.715022 0.095690 0.033873 0.074138
17 0.900589 0.338793 0.045655 0.084483
18 0.446981 0.228448 0.045655 0.074138
18 0.696613 0.184483 0.055965 0.055172
19 0.689249 0.752586 0.050074 0.043103
19 0.231959 0.231034 0.048601 0.065517
20 0.385125 0.490517 0.039764 0.050000
20 0.506627 0.339655 0.032401 0.058621
21 0.767305 0.541379 0.047128 0.062069
21 0.624448 0.441379 0.061856 0.041379
22 0.124448 0.570690 0.110457 0.086207
23 0.608984 0.360345 0.045655 0.051724