0 0.715940 0.513761 0.224796 0.205505
0 0.678474 0.518349 0.092643 0.288073
1 0.136921 0.669725 0.113079 0.161468
1 0.717302 0.151376 0.088556 0.159633
2 0.318120 0.284404 0.134877 0.146789
2 0.799046 0.441284 0.167575 0.111927
3 0.785422 0.355963 0.123978 0.102752
3 0.868529 0.279817 0.153951 0.170642
4 0.318801 0.621101 0.144414 0.111927
4 0.545640 0.379817 0.151226 0.121101
5 0.217302 0.773394 0.080381 0.141284
5 0.816757 0.752294 0.061308 0.234862
6 0.438692 0.488991 0.087193 0.170642
6 0.831744 0.684404 0.145777 0.106422
7 0.236376 0.700917 0.094005 0.121101
7 0.732970 0.827523 0.084469 0.113761
8 0.597411 0.103670 0.080381 0.119266
8 0.822888 0.165138 0.106267 0.135780
9 0.102861 0.472477 0.061308 0.159633
9 0.094005 0.767890 0.062670 0.174312
10 0.331744 0.139450 0.126703 0.124771
10 0.590599 0.323853 0.069482 0.155963
11 0.447548 0.532110 0.099455 0.146789
11 0.673025 0.309174 0.081744 0.144954
12 0.143733 0.590826 0.072207 0.106422
12 0.667575 0.250459 0.087193 0.115596
13 0.853542 0.770642 0.047684 0.121101
13 0.493188 0.651376 0.108992 0.051376
14 0.536104 0.576147 0.104905 0.055046
14 0.943460 0.416514 0.055858 0.124771
15 0.310627 0.752294 0.079019 0.088073
15 0.738420 0.722936 0.049046 0.117431
16 0.938011 0.597248 0.039510 0.133945
16 0.782698 0.873394 0.042234 0.124771
17 0.639646 0.285321 0.039510 0.082569
17 0.885559 0.188073 0.070845 0.089908
18 0.549728 0.464220 0.066757 0.047706
18 0.580381 0.516514 0.073569 0.060550
19 0.831063 0.115596 0.065395 0.066055
19 0.765668 0.607339 0.070845 0.066055
20 0.650545 0.110092 0.042234 0.066055
20 0.869891 0.537615 0.055858 0.077064
21 0.698229 0.351376 0.044959 0.056881
21 0.912125 0.535780 0.053134 0.073394
22 0.175749 0.879817 0.076294 0.119266
23 0.720027 0.933028 0.044959 0.078899