0 0.644882 0.220521 0.291339 0.098009
0 0.657480 0.408116 0.250394 0.133231
1 0.181890 0.284074 0.193701 0.133231
1 0.646457 0.078867 0.244094 0.142420
2 0.107087 0.572741 0.125984 0.196018
2 0.179528 0.718224 0.113386 0.189893
3 0.385827 0.787902 0.188976 0.059724
3 0.803150 0.232772 0.204724 0.052067
4 0.613386 0.423430 0.184252 0.084227
4 0.449606 0.174579 0.190551 0.079632
5 0.611811 0.657734 0.152756 0.099541
5 0.618898 0.497703 0.154331 0.125574
6 0.231496 0.215161 0.157480 0.099541
6 0.622047 0.194487 0.075591 0.162328
7 0.433858 0.672282 0.102362 0.116386
7 0.440157 0.858346 0.114961 0.130168
8 0.400787 0.699081 0.111811 0.105666
8 0.959055 0.447933 0.050394 0.139357
9 0.791339 0.562787 0.114961 0.127106
9 0.319685 0.700613 0.053543 0.136294
10 0.215748 0.839204 0.085039 0.140888
10 0.612598 0.812404 0.113386 0.139357
11 0.411024 0.927259 0.094488 0.114855
11 0.507087 0.643185 0.050394 0.137825
12 0.882677 0.576570 0.124409 0.053599
12 0.586614 0.574273 0.108661 0.082695
13 0.301575 0.326187 0.061417 0.098009
13 0.237008 0.738897 0.061417 0.111792
14 0.502362 0.443338 0.047244 0.105666
14 0.423622 0.495406 0.078740 0.099541
15 0.443307 0.119449 0.105512 0.045942
15 0.408661 0.312404 0.051969 0.098009
16 0.923622 0.624043 0.092913 0.081164
16 0.096850 0.420368 0.058268 0.096478
17 0.366929 0.856815 0.094488 0.041348
17 0.359843 0.312404 0.061417 0.079632
18 0.462992 0.554364 0.059843 0.076570
18 0.191339 0.503828 0.064567 0.073507
19 0.282677 0.393568 0.086614 0.045942
19 0.266929 0.723583 0.051969 0.071975
20 0.546457 0.316998 0.059843 0.058193
20 0.449606 0.254211 0.055118 0.064319
21 0.759055 0.706738 0.053543 0.075038
21 0.277165 0.601072 0.072441 0.050536
22 0.859843 0.711332 0.160630 0.078101
23 0.397638 0.229709 0.064567 0.055130