0 0.506790 0.115175 0.095062 0.151747
0 0.213580 0.740721 0.061728 0.147380
1 0.274074 0.754367 0.064198 0.170306
1 0.416667 0.856441 0.159259 0.081878
2 0.422840 0.407751 0.082716 0.066594
2 0.424074 0.493996 0.075309 0.132096
3 0.470370 0.756004 0.120988 0.097162
3 0.203086 0.771834 0.132099 0.082969
4 0.056173 0.729803 0.102469 0.116812
4 0.646296 0.784389 0.134568 0.081878
5 0.125926 0.690502 0.128395 0.073144
5 0.282099 0.537664 0.053086 0.129913
6 0.911728 0.756004 0.040741 0.123362
6 0.519136 0.851528 0.129630 0.034934
7 0.336420 0.676856 0.035802 0.098253
7 0.408025 0.634279 0.038272 0.104803
8 0.316667 0.957969 0.104938 0.064410
8 0.385802 0.813865 0.100000 0.064410
9 0.713580 0.042576 0.123457 0.034934
9 0.346914 0.560590 0.118519 0.029476
10 0.541975 0.107533 0.108642 0.064410
10 0.446914 0.308952 0.083951 0.089520
11 0.651852 0.032751 0.101235 0.061135
11 0.268519 0.684498 0.060494 0.089520
12 0.406790 0.701419 0.090123 0.040393
12 0.271605 0.888646 0.093827 0.048035
13 0.462963 0.459061 0.059259 0.077511
13 0.240741 0.846616 0.083951 0.036026
14 0.159259 0.579694 0.079012 0.067686
14 0.285802 0.778930 0.104938 0.033843
15 0.375926 0.737991 0.062963 0.048035
15 0.156173 0.629367 0.082716 0.033843
16 0.960494 0.735262 0.049383 0.075328
16 0.229012 0.893559 0.060494 0.062227
17 0.116049 0.738537 0.051852 0.060044
17 0.954938 0.680131 0.067901 0.041485
18 0.179630 0.707969 0.060494 0.031659
18 0.364815 0.598799 0.053086 0.053493
19 0.962346 0.810044 0.040741 0.056769
19 0.479012 0.818231 0.066667 0.031659
20 0.167901 0.854258 0.049383 0.044760
20 0.309877 0.919760 0.051852 0.029476
21 0.120988 0.595524 0.056790 0.038210
21 0.602469 0.036026 0.059259 0.043668
22 0.330247 0.745633 0.095062 0.076419
23 0.567901 0.055677 0.037037 0.052402