0 0.321716 0.626072 0.091153 0.312178
0 0.462466 0.174099 0.238606 0.162950
1 0.108579 0.530875 0.131367 0.234991
1 0.550268 0.316467 0.175603 0.156089
2 0.444370 0.356775 0.213137 0.075472
2 0.453083 0.128645 0.201072 0.116638
3 0.073056 0.283019 0.049598 0.250429
3 0.543566 0.865352 0.175603 0.145798
4 0.240617 0.450257 0.097855 0.159520
4 0.465818 0.790738 0.143432 0.178388
5 0.739946 0.824185 0.088472 0.166381
5 0.505362 0.614065 0.150134 0.140652
6 0.724531 0.608919 0.095174 0.188679
6 0.603217 0.569468 0.134048 0.102916
7 0.831099 0.608919 0.139410 0.072041
7 0.872654 0.572899 0.067024 0.147513
8 0.534853 0.469983 0.096515 0.133791
8 0.539544 0.772727 0.105898 0.070326
9 0.538204 0.633791 0.135389 0.084048
9 0.526810 0.152659 0.101877 0.147513
10 0.156166 0.491424 0.121984 0.149228
10 0.445710 0.194683 0.092493 0.145798
11 0.931635 0.622642 0.123324 0.120069
11 0.594504 0.126930 0.046917 0.161235
12 0.368633 0.422813 0.099196 0.066895
12 0.543566 0.429674 0.097855 0.084048
13 0.325067 0.305317 0.097855 0.054889
13 0.411528 0.464837 0.101877 0.078902
14 0.397453 0.145798 0.057641 0.113208
14 0.521448 0.253002 0.080429 0.097770
15 0.664209 0.143225 0.092493 0.056604
15 0.652815 0.325043 0.042895 0.114923
16 0.894772 0.700686 0.079088 0.111492
16 0.281501 0.238422 0.088472 0.092624
17 0.451743 0.316467 0.072386 0.060034
17 0.814343 0.649228 0.052279 0.090909
18 0.386059 0.467410 0.056300 0.073756
18 0.315013 0.259863 0.067024 0.046312
19 0.739276 0.471698 0.068365 0.072041
19 0.196381 0.595197 0.049598 0.092624
20 0.111930 0.275300 0.041555 0.084048
20 0.313673 0.534305 0.040214 0.066895
21 0.839142 0.718696 0.045576 0.092624
21 0.550938 0.500858 0.050938 0.065180
22 0.405496 0.467410 0.068365 0.169811
23 0.664879 0.819039 0.067024 0.063465