0 0.421875 0.747466 0.225000 0.173986
0 0.445312 0.311655 0.109375 0.167230
1 0.843750 0.775338 0.106250 0.155405
1 0.392969 0.534628 0.148438 0.214527
2 0.625000 0.487331 0.134375 0.140203
2 0.348438 0.344595 0.037500 0.219595
3 0.234375 0.193412 0.128125 0.160473
3 0.375781 0.569257 0.179688 0.081081
4 0.740625 0.846284 0.075000 0.185811
4 0.573438 0.793074 0.146875 0.099662
5 0.812500 0.690034 0.162500 0.069257
5 0.439844 0.899493 0.110937 0.140203
6 0.150000 0.543074 0.071875 0.150338
6 0.796094 0.253378 0.160938 0.060811
7 0.206250 0.343750 0.140625 0.072635
7 0.462500 0.172297 0.046875 0.145270
8 0.310156 0.714527 0.114062 0.118243
8 0.429688 0.603885 0.078125 0.130068
9 0.810937 0.456926 0.043750 0.150338
9 0.213281 0.410473 0.129688 0.101351
10 0.744531 0.194257 0.132812 0.081081
10 0.303125 0.339527 0.050000 0.145270
11 0.111719 0.380912 0.051562 0.146959
11 0.597656 0.251689 0.114062 0.077703
12 0.867969 0.445946 0.085938 0.094595
12 0.685156 0.303209 0.067187 0.109797
13 0.754687 0.449324 0.071875 0.097973
13 0.703906 0.721284 0.092188 0.070946
14 0.478125 0.635980 0.068750 0.103041
14 0.260937 0.221284 0.112500 0.067568
15 0.665625 0.766892 0.081250 0.077703
15 0.511719 0.432432 0.051562 0.094595
16 0.867969 0.525338 0.067187 0.091216
16 0.600000 0.846284 0.087500 0.070946
17 0.933594 0.463682 0.057813 0.082770
17 0.533594 0.182432 0.089063 0.050676
18 0.771094 0.634291 0.073438 0.045608
18 0.418750 0.477196 0.068750 0.059122
19 0.618750 0.638514 0.068750 0.057432
19 0.395313 0.434966 0.065625 0.052365
20 0.634375 0.696791 0.056250 0.048986
20 0.542969 0.662162 0.051562 0.057432
21 0.929688 0.581926 0.046875 0.069257
21 0.796875 0.588682 0.059375 0.045608
22 0.262500 0.527872 0.131250 0.113176
22 0.246875 0.517736 0.087500 0.140203