0 0.539315 0.117730 0.292339 0.156028
0 0.550403 0.305674 0.161290 0.148936
1 0.431452 0.324113 0.181452 0.174468
1 0.489919 0.085106 0.209677 0.121986
2 0.336694 0.876596 0.149194 0.139007
2 0.087702 0.491489 0.135081 0.114894
3 0.414315 0.733333 0.167339 0.141844
3 0.539315 0.681560 0.090726 0.160284
4 0.142137 0.437589 0.143145 0.146099
4 0.413306 0.378014 0.116935 0.148936
5 0.703629 0.531915 0.080645 0.161702
5 0.580645 0.211348 0.241935 0.042553
6 0.539315 0.539007 0.207661 0.065248
6 0.544355 0.448936 0.205645 0.092199
7 0.165323 0.711348 0.100806 0.137589
7 0.579637 0.458156 0.118952 0.124823
8 0.542339 0.317021 0.161290 0.089362
8 0.318548 0.541135 0.149194 0.109220
9 0.910282 0.363121 0.094758 0.127660
9 0.338710 0.631915 0.201613 0.041135
10 0.820565 0.445390 0.116935 0.121986
10 0.614919 0.566667 0.141129 0.092199
11 0.304435 0.739716 0.165323 0.092199
11 0.277218 0.752482 0.102823 0.123404
12 0.278226 0.419149 0.084677 0.100709
12 0.230847 0.312057 0.078629 0.116312
13 0.282258 0.243972 0.096774 0.107801
13 0.153226 0.575887 0.108871 0.093617
14 0.212702 0.409929 0.062500 0.099291
14 0.307460 0.614894 0.058468 0.095035
15 0.556452 0.135461 0.092742 0.095035
15 0.562500 0.655319 0.129032 0.056738
16 0.480847 0.473050 0.127016 0.043972
16 0.340726 0.450355 0.056452 0.095035
17 0.450605 0.621277 0.054435 0.082270
17 0.647177 0.327660 0.096774 0.053901
18 0.380040 0.839007 0.086694 0.041135
18 0.597782 0.372340 0.082661 0.060993
19 0.305444 0.307801 0.062500 0.073759
19 0.621976 0.673050 0.054435 0.072340
20 0.684476 0.407801 0.054435 0.066667
20 0.718750 0.329078 0.062500 0.051064
21 0.740927 0.473050 0.066532 0.058156
21 0.510081 0.587943 0.052419 0.078014
22 0.223790 0.580851 0.080645 0.137589
22 0.375000 0.812766 0.193548 0.079433