0 0.641946 0.718529 0.141946 0.200849
0 0.475279 0.615983 0.169059 0.250354
1 0.100478 0.395332 0.197767 0.120226
1 0.442584 0.237624 0.138756 0.195191
2 0.290271 0.466761 0.098884 0.195191
2 0.413876 0.909477 0.145136 0.166902
3 0.130781 0.583451 0.086124 0.182461
3 0.699362 0.221358 0.157895 0.086280
4 0.232855 0.478784 0.194577 0.046676
4 0.185805 0.230552 0.116427 0.152758
5 0.723285 0.356436 0.103668 0.093352
5 0.493620 0.205799 0.145136 0.120226
6 0.598884 0.792079 0.135566 0.121641
6 0.319777 0.870580 0.151515 0.128713
7 0.669856 0.293494 0.146730 0.049505
7 0.383573 0.122348 0.119617 0.097595
8 0.609250 0.863508 0.079745 0.128713
8 0.537480 0.113861 0.133971 0.083451
9 0.377990 0.244696 0.149920 0.056577
9 0.247209 0.212871 0.076555 0.134371
10 0.480861 0.403112 0.145136 0.065064
10 0.928230 0.543140 0.114833 0.065064
11 0.460128 0.613154 0.138756 0.043847
11 0.357257 0.121641 0.124402 0.101839
12 0.507974 0.651344 0.148325 0.043847
12 0.517544 0.425743 0.113238 0.045262
13 0.468102 0.359264 0.106858 0.062235
13 0.527113 0.141443 0.097289 0.079208
14 0.757576 0.294201 0.092504 0.090523
14 0.381978 0.251768 0.084530 0.093352
15 0.303030 0.618105 0.098884 0.073550
15 0.337321 0.049505 0.087719 0.073550
16 0.387560 0.559406 0.092504 0.074965
16 0.287081 0.293494 0.102073 0.055163
17 0.554226 0.589816 0.090909 0.039604
17 0.507974 0.451202 0.081340 0.036775
18 0.326156 0.795615 0.081340 0.043847
18 0.662679 0.342999 0.055821 0.046676
19 0.502392 0.528289 0.076555 0.055163
19 0.641148 0.239745 0.076555 0.055163
20 0.380383 0.441301 0.055821 0.062235
20 0.452153 0.684583 0.043062 0.062235
21 0.442584 0.471711 0.074960 0.046676
21 0.525518 0.350071 0.043062 0.055163
22 0.226475 0.756011 0.118022 0.108911
22 0.547049 0.048798 0.149920 0.055163