0 0.604575 0.834201 0.160131 0.189236
0 0.527778 0.335938 0.071895 0.289931
1 0.925654 0.457465 0.089869 0.289931
1 0.522059 0.835069 0.227124 0.187500
2 0.079248 0.763021 0.080065 0.227431
2 0.412582 0.340278 0.220588 0.062500
3 0.791667 0.157118 0.148693 0.168403
3 0.450163 0.287326 0.080065 0.217014
4 0.263889 0.828993 0.191176 0.092014
4 0.561275 0.766493 0.070261 0.185764
5 0.181373 0.611111 0.140523 0.166667
5 0.258170 0.939236 0.186275 0.079861
6 0.726307 0.752604 0.083333 0.164931
6 0.472222 0.234375 0.156863 0.055556
7 0.170752 0.478299 0.066993 0.157986
7 0.637255 0.341146 0.143791 0.050347
8 0.513889 0.559028 0.109477 0.100694
8 0.346405 0.552951 0.133987 0.064236
9 0.325980 0.291667 0.112745 0.121528
9 0.352941 0.085069 0.137255 0.079861
10 0.239379 0.510417 0.086601 0.131944
10 0.131536 0.881076 0.070261 0.168403
11 0.421569 0.814236 0.137255 0.125000
11 0.441993 0.571181 0.063725 0.152778
12 0.688725 0.165799 0.070261 0.112847
12 0.885621 0.662326 0.114379 0.105903
13 0.654412 0.287326 0.106209 0.074653
13 0.835784 0.308160 0.102941 0.102431
14 0.645425 0.206597 0.081699 0.111111
14 0.759804 0.587674 0.055556 0.116319
15 0.232026 0.769965 0.075163 0.088542
15 0.827614 0.602431 0.060458 0.104167
16 0.098856 0.639757 0.076797 0.092014
16 0.803922 0.509549 0.068627 0.092014
17 0.146242 0.631944 0.080065 0.079861
17 0.644608 0.441840 0.096405 0.046875
18 0.532680 0.651910 0.055556 0.081597
18 0.553922 0.947049 0.091503 0.060764
19 0.678922 0.677083 0.050654 0.090278
19 0.958333 0.382812 0.063725 0.085069
20 0.500817 0.725694 0.066993 0.048611
20 0.717320 0.489583 0.052288 0.059028
21 0.389706 0.506076 0.060458 0.060764
21 0.578431 0.607639 0.035948 0.069444
22 0.775327 0.769097 0.060458 0.156250
22 0.293301 0.807292 0.080065 0.180556