0 0.822123 0.725275 0.083707 0.339089
0 0.702541 0.154631 0.170404 0.133438
1 0.930493 0.406593 0.073244 0.270016
1 0.653214 0.095761 0.125561 0.138148
2 0.747384 0.483516 0.236173 0.075353
2 0.303438 0.320251 0.185351 0.106750
3 0.199552 0.548666 0.076233 0.174254
3 0.669656 0.295918 0.203288 0.092622
4 0.248879 0.744113 0.210762 0.113030
4 0.603886 0.486656 0.101644 0.207221
5 0.672646 0.844584 0.152466 0.131868
5 0.602392 0.388540 0.164425 0.095761
6 0.414798 0.649137 0.076233 0.180534
6 0.438714 0.835950 0.180867 0.086342
7 0.249626 0.401099 0.122571 0.124019
7 0.295217 0.807692 0.159940 0.098901
8 0.423019 0.217425 0.059791 0.158556
8 0.731689 0.500000 0.112108 0.133438
9 0.489537 0.487441 0.159940 0.086342
9 0.357250 0.375981 0.104634 0.111460
10 0.431241 0.941130 0.153961 0.076923
10 0.508969 0.682889 0.118087 0.141287
11 0.085949 0.492151 0.061286 0.158556
11 0.103886 0.567504 0.147982 0.070644
12 0.428251 0.552590 0.094170 0.103611
12 0.134529 0.412088 0.053812 0.136578
13 0.709268 0.722135 0.112108 0.094192
13 0.566517 0.671115 0.065770 0.117739
14 0.318386 0.605965 0.041854 0.119309
14 0.510463 0.649922 0.064275 0.125589
15 0.396861 0.660126 0.112108 0.058085
15 0.532885 0.418367 0.073244 0.092622
16 0.714499 0.262951 0.113602 0.064364
16 0.673393 0.620879 0.091181 0.070644
17 0.612108 0.701727 0.061286 0.091052
17 0.474589 0.494505 0.058296 0.084772
18 0.778027 0.580848 0.076233 0.065934
18 0.828102 0.331240 0.056801 0.072214
19 0.326607 0.500000 0.073244 0.073783
19 0.338565 0.379121 0.076233 0.045526
20 0.761584 0.365777 0.061286 0.056515
20 0.538117 0.470173 0.038864 0.058085
21 0.166667 0.513344 0.079223 0.043956
21 0.806428 0.635793 0.043348 0.078493
22 0.523169 0.797488 0.134529 0.141287
23 0.712257 0.562794 0.055306 0.048666