0 0.741130 0.170152 0.144547 0.279468
0 0.651117 0.814639 0.077530 0.222433
1 0.813403 0.555133 0.155059 0.182510
1 0.725361 0.682510 0.210250 0.114068
2 0.876478 0.247148 0.134034 0.220532
2 0.875821 0.420152 0.085414 0.178707
3 0.429041 0.454373 0.088042 0.224335
3 0.839028 0.614068 0.088042 0.178707
4 0.519054 0.327947 0.105125 0.153992
4 0.814060 0.349810 0.153745 0.121673
5 0.574901 0.368821 0.103811 0.174905
5 0.635348 0.481939 0.072273 0.188213
6 0.500000 0.672053 0.069645 0.199620
6 0.925756 0.661597 0.069645 0.220532
7 0.394875 0.712928 0.127464 0.129278
7 0.212878 0.837452 0.147175 0.093156
8 0.103811 0.769011 0.099869 0.195817
8 0.786465 0.255703 0.069645 0.169202
9 0.416557 0.272814 0.070959 0.176806
9 0.609724 0.194867 0.128778 0.077947
10 0.823916 0.765209 0.110381 0.131179
10 0.676741 0.361217 0.115637 0.125475
11 0.695795 0.263308 0.045992 0.169202
11 0.549934 0.167300 0.127464 0.095057
12 0.667543 0.465779 0.078844 0.106464
12 0.385677 0.314639 0.072273 0.142586
13 0.602497 0.874525 0.090670 0.125475
13 0.768725 0.710076 0.049934 0.138783
14 0.273982 0.661597 0.069645 0.152091
14 0.812746 0.604563 0.093298 0.087452
15 0.526281 0.575095 0.064389 0.112167
15 0.586071 0.464829 0.036794 0.134981
16 0.921156 0.544677 0.063075 0.131179
16 0.618265 0.695817 0.095926 0.057034
17 0.436925 0.595057 0.061761 0.114068
17 0.539422 0.378327 0.064389 0.102662
18 0.626150 0.364068 0.061761 0.070342
18 0.411958 0.778517 0.072273 0.055133
19 0.448752 0.712928 0.067017 0.064639
19 0.722733 0.463878 0.047306 0.091255
20 0.733246 0.273764 0.044678 0.095057
20 0.781866 0.532319 0.055191 0.049430
21 0.729961 0.613118 0.043364 0.066540
21 0.737188 0.556084 0.039422 0.093156
22 0.670171 0.550380 0.055191 0.173004
22 0.718791 0.722433 0.089356 0.144487