0 0.745989 0.601392 0.048128 0.176938
0 0.832620 0.650596 0.118717 0.140159
1 0.378610 0.068588 0.145455 0.081511
1 0.949733 0.410537 0.102674 0.081511
2 0.337968 0.156064 0.087701 0.089463
2 0.849198 0.377237 0.109091 0.114314
3 0.909626 0.316103 0.125134 0.069583
3 0.932086 0.267396 0.108021 0.075547
4 0.649733 0.695328 0.043850 0.126243
4 0.934225 0.596421 0.067380 0.129225
5 0.521390 0.565606 0.093048 0.081511
5 0.777005 0.417992 0.112299 0.066600
6 0.082353 0.086481 0.096257 0.083499
6 0.713904 0.713718 0.067380 0.091451
7 0.537433 0.048708 0.112299 0.049702
7 0.665241 0.469185 0.098396 0.035785
8 0.737968 0.777336 0.057754 0.087475
8 0.825134 0.152087 0.114439 0.055666
9 0.504278 0.125249 0.095187 0.063618
9 0.829947 0.715706 0.081283 0.075547
10 0.838503 0.659046 0.042781 0.097416
10 0.859893 0.244036 0.077005 0.088469
11 0.294652 0.185388 0.095187 0.056660
11 0.333690 0.341948 0.055615 0.077535
12 0.711230 0.886183 0.044920 0.078529
12 0.928877 0.458250 0.082353 0.051690
13 0.722460 0.936382 0.088770 0.051690
13 0.885561 0.486581 0.038503 0.086481
14 0.764706 0.450795 0.077005 0.056660
14 0.732086 0.833499 0.048128 0.074553
15 0.647059 0.513917 0.062032 0.033797
15 0.687166 0.547714 0.028877 0.065606
16 0.681818 0.398608 0.031016 0.069583
16 0.839037 0.575050 0.060963 0.058648
17 0.741176 0.456759 0.036364 0.060636
17 0.868449 0.609344 0.051337 0.039761
18 0.471658 0.109841 0.057754 0.024851
18 0.788770 0.670974 0.041711 0.051690
19 0.758824 0.733101 0.052406 0.030815
19 0.903743 0.349404 0.057754 0.034791
20 0.628342 0.493042 0.056684 0.023857
20 0.837433 0.816600 0.040642 0.044732
21 0.696257 0.667992 0.036364 0.035785
21 0.670053 0.634692 0.041711 0.030815
22 0.519786 0.491551 0.085561 0.054672
23 0.787166 0.786779 0.034225 0.046720