0 0.697020 0.552248 0.152318 0.108141
0 0.785596 0.297691 0.253311 0.126367
1 0.431291 0.580802 0.100993 0.216282
1 0.532285 0.264277 0.240066 0.093560
2 0.572020 0.314095 0.223510 0.049818
2 0.339404 0.649453 0.201987 0.115431
3 0.801325 0.504860 0.221854 0.066829
3 0.542219 0.088700 0.236755 0.070474
4 0.633278 0.647631 0.187086 0.097205
4 0.428808 0.411300 0.205298 0.071689
5 0.111755 0.471446 0.071192 0.162819
5 0.516556 0.659781 0.066225 0.153098
6 0.790563 0.274605 0.170530 0.111786
6 0.615894 0.422843 0.165563 0.085055
7 0.597682 0.522479 0.066225 0.121507
7 0.064570 0.427704 0.059603 0.140948
8 0.774007 0.482989 0.094371 0.105711
8 0.930464 0.308627 0.112583 0.104496
9 0.322020 0.686513 0.114238 0.121507
9 0.426325 0.131227 0.150662 0.094775
10 0.154801 0.495140 0.094371 0.122722
10 0.383278 0.210207 0.144040 0.102066
11 0.854305 0.392467 0.105960 0.111786
11 0.420530 0.390644 0.129139 0.108141
12 0.840232 0.379101 0.144040 0.043742
12 0.930464 0.526124 0.119205 0.077764
13 0.748344 0.416160 0.059603 0.095990
13 0.710265 0.304374 0.072848 0.086270
14 0.591887 0.297691 0.114238 0.087485
14 0.807947 0.509721 0.066225 0.086270
15 0.398179 0.236938 0.091060 0.080194
15 0.774007 0.876063 0.110927 0.048603
16 0.915563 0.452612 0.115894 0.044957
16 0.811258 0.571689 0.119205 0.047388
17 0.821192 0.206561 0.105960 0.051033
17 0.942881 0.962333 0.084437 0.072904
18 0.474338 0.611786 0.061258 0.064399
18 0.164735 0.594775 0.067881 0.069259
19 0.595199 0.387606 0.054636 0.068044
19 0.528974 0.424666 0.054636 0.066829
20 0.560430 0.187728 0.081126 0.044957
20 0.426325 0.036452 0.057947 0.070474
21 0.453642 0.518834 0.086093 0.043742
21 0.894040 0.166464 0.049669 0.065614
22 0.067053 0.562576 0.120861 0.131227
22 0.599338 0.357837 0.139073 0.052248