0 0.795139 0.307573 0.097222 0.247295
0 0.577257 0.523957 0.234375 0.089645
1 0.394965 0.668470 0.255208 0.149923
1 0.740451 0.289799 0.227431 0.122102
2 0.302083 0.145286 0.086806 0.173107
2 0.613715 0.863215 0.241319 0.075734
3 0.695312 0.126739 0.092014 0.173107
3 0.372396 0.897991 0.223958 0.102009
4 0.729167 0.690881 0.211806 0.061824
4 0.521701 0.596600 0.223958 0.055641
5 0.547743 0.741113 0.182292 0.066461
5 0.335069 0.591963 0.111111 0.151468
6 0.210069 0.588099 0.083333 0.177743
6 0.292535 0.462906 0.185764 0.081917
7 0.477431 0.285935 0.173611 0.052550
7 0.266493 0.300618 0.133681 0.103555
8 0.490451 0.903400 0.123264 0.122102
8 0.217882 0.410355 0.168403 0.069552
9 0.105903 0.452859 0.069444 0.154560
9 0.136285 0.585008 0.140625 0.122102
10 0.314236 0.391036 0.083333 0.145286
10 0.697917 0.602782 0.152778 0.111283
11 0.855903 0.514683 0.093750 0.102009
11 0.315972 0.836167 0.059028 0.160742
12 0.592882 0.128284 0.064236 0.111283
12 0.464410 0.124420 0.060764 0.115920
13 0.393229 0.234158 0.116319 0.066461
13 0.822049 0.377125 0.140625 0.077280
14 0.336806 0.350850 0.104167 0.086553
14 0.398438 0.476816 0.130208 0.060278
15 0.611979 0.442813 0.060764 0.091190
15 0.375000 0.699382 0.111111 0.054096
16 0.552083 0.452087 0.069444 0.097372
16 0.592014 0.822257 0.114583 0.043277
17 0.947049 0.423493 0.081597 0.089645
17 0.848090 0.789799 0.098958 0.064915
18 0.759549 0.806801 0.088542 0.058733
18 0.222222 0.373261 0.090278 0.041731
19 0.490451 0.654560 0.081597 0.066461
19 0.206597 0.292890 0.076389 0.060278
20 0.711806 0.404946 0.069444 0.055641
20 0.890625 0.570325 0.076389 0.055641
21 0.573785 0.342349 0.092014 0.047913
21 0.601562 0.504637 0.078125 0.047913
22 0.236111 0.748841 0.145833 0.103555
22 0.581597 0.247295 0.121528 0.077280