0 0.346774 0.821978 0.131336 0.294505
0 0.458525 0.343956 0.152074 0.226374
1 0.558756 0.098901 0.292627 0.145055
1 0.120968 0.574725 0.172811 0.182418
2 0.843318 0.782418 0.235023 0.158242
2 0.646313 0.080220 0.232719 0.156044
3 0.544931 0.487912 0.168203 0.180220
3 0.142857 0.415385 0.198157 0.131868
4 0.640553 0.732967 0.152074 0.200000
4 0.881336 0.532967 0.112903 0.226374
5 0.254608 0.641758 0.117512 0.175824
5 0.536866 0.212088 0.156682 0.186813
6 0.777650 0.383516 0.218894 0.072527
6 0.201613 0.284615 0.218894 0.076923
7 0.783410 0.661538 0.096774 0.153846
7 0.208525 0.657143 0.094470 0.171429
8 0.217742 0.520879 0.108295 0.153846
8 0.405530 0.806593 0.161290 0.074725
9 0.694700 0.751648 0.108295 0.149451
9 0.270737 0.191209 0.135945 0.158242
10 0.516129 0.901099 0.156682 0.114286
10 0.458525 0.604396 0.175115 0.092308
11 0.794931 0.529670 0.188940 0.061538
11 0.400922 0.338462 0.175115 0.087912
12 0.635945 0.821978 0.055300 0.136264
12 0.397465 0.221978 0.145161 0.083516
13 0.353687 0.436264 0.140553 0.068132
13 0.615207 0.629670 0.138249 0.068132
14 0.717742 0.334066 0.145161 0.057143
14 0.076037 0.597802 0.129032 0.109890
15 0.267281 0.709890 0.092166 0.105495
15 0.610599 0.915385 0.105991 0.103297
16 0.551843 0.720879 0.076037 0.109890
16 0.162442 0.751648 0.131336 0.061538
17 0.797235 0.591209 0.087558 0.083516
17 0.049539 0.400000 0.080645 0.096703
18 0.298387 0.495604 0.099078 0.076923
18 0.337558 0.550549 0.099078 0.081319
19 0.790323 0.261538 0.110599 0.074725
19 0.521889 0.369231 0.062212 0.096703
20 0.677419 0.451648 0.096774 0.059341
20 0.565668 0.785714 0.062212 0.090110
21 0.693548 0.609890 0.087558 0.068132
21 0.382488 0.396703 0.059908 0.076923
22 0.505760 0.737363 0.080645 0.156044
22 0.594470 0.458242 0.152074 0.112088