0 0.458333 0.700521 0.258772 0.083333
0 0.285088 0.479818 0.175439 0.141927
1 0.520833 0.839844 0.239035 0.140625
1 0.734649 0.393229 0.175439 0.161458
2 0.314693 0.776042 0.225877 0.083333
2 0.586623 0.192057 0.265351 0.055990
3 0.388158 0.883464 0.074561 0.152344
3 0.487939 0.180339 0.225877 0.095052
4 0.377193 0.134115 0.184211 0.117188
4 0.326754 0.676432 0.096491 0.134115
5 0.751096 0.724609 0.125000 0.105469
5 0.220395 0.192708 0.168860 0.080729
6 0.494518 0.117839 0.182018 0.095052
6 0.345395 0.282552 0.190789 0.085938
7 0.732456 0.357422 0.070175 0.118490
7 0.232456 0.496094 0.179825 0.067708
8 0.767544 0.809245 0.100877 0.110677
8 0.201754 0.222656 0.070175 0.111979
9 0.632675 0.270182 0.160088 0.105469
9 0.760965 0.589844 0.153509 0.091146
10 0.900219 0.561198 0.138158 0.106771
10 0.603070 0.753255 0.078947 0.105469
11 0.313596 0.601562 0.157895 0.080729
11 0.101974 0.223307 0.059211 0.115885
12 0.514254 0.618490 0.173246 0.070312
12 0.671053 0.800781 0.100877 0.075521
13 0.436404 0.281250 0.131579 0.080729
13 0.542763 0.065755 0.133772 0.050781
14 0.774123 0.601562 0.114035 0.080729
14 0.365132 0.365885 0.072368 0.088542
15 0.714912 0.554688 0.100877 0.075521
15 0.750000 0.257812 0.127193 0.041667
16 0.250000 0.708984 0.065789 0.079427
16 0.259868 0.429688 0.142544 0.041667
17 0.696272 0.516927 0.116228 0.054688
17 0.161184 0.439453 0.094298 0.066406
18 0.572368 0.809896 0.092105 0.062500
18 0.364035 0.604167 0.100877 0.036458
19 0.271930 0.267578 0.100877 0.045573
19 0.212719 0.137370 0.074561 0.048177
20 0.782895 0.546224 0.087719 0.040365
20 0.802632 0.490234 0.096491 0.042969
21 0.614035 0.620443 0.087719 0.055990
21 0.233553 0.106120 0.063596 0.063802
22 0.666667 0.733073 0.074561 0.117188
22 0.702851 0.390625 0.146930 0.119792