0 0.605175 0.495132 0.155259 0.205841
0 0.697830 0.386648 0.110184 0.152990
1 0.793823 0.178025 0.085142 0.222531
1 0.672788 0.362309 0.290484 0.107093
2 0.573456 0.785118 0.128548 0.204451
2 0.396494 0.715577 0.108514 0.182197
3 0.306344 0.556328 0.228715 0.063978
3 0.311352 0.537552 0.141903 0.140473
4 0.313022 0.237135 0.121870 0.112656
4 0.758765 0.535466 0.215359 0.050070
5 0.501669 0.438804 0.181970 0.101530
5 0.643573 0.739221 0.155259 0.129346
6 0.431553 0.846314 0.095159 0.087622
6 0.434057 0.268428 0.106845 0.150209
7 0.797162 0.591794 0.168614 0.065369
7 0.277129 0.789986 0.110184 0.130737
8 0.142738 0.409597 0.141903 0.076495
8 0.328047 0.899861 0.105175 0.125174
9 0.154424 0.719054 0.121870 0.133519
9 0.419866 0.748957 0.131886 0.095967
10 0.167780 0.643950 0.095159 0.133519
10 0.872287 0.412378 0.155259 0.093185
11 0.433222 0.644645 0.145242 0.118220
11 0.398164 0.092490 0.178631 0.054242
12 0.843072 0.316412 0.113523 0.090403
12 0.857262 0.418637 0.085142 0.125174
13 0.878130 0.246175 0.096828 0.094576
13 0.274624 0.458971 0.125209 0.047288
14 0.355593 0.294854 0.063439 0.105702
14 0.766277 0.498609 0.130217 0.040334
15 0.863105 0.135605 0.103506 0.062587
15 0.661937 0.162031 0.061770 0.098748
16 0.373957 0.375522 0.083472 0.077886
16 0.726210 0.287204 0.093489 0.073713
17 0.520868 0.372740 0.063439 0.080668
17 0.725376 0.646036 0.088481 0.054242
18 0.455760 0.650904 0.096828 0.052851
18 0.414023 0.307371 0.063439 0.075104
19 0.690317 0.675243 0.085142 0.054242
19 0.540902 0.207928 0.050083 0.076495
20 0.166945 0.487483 0.066778 0.057024
20 0.599332 0.223227 0.090150 0.057024
21 0.631886 0.573018 0.065109 0.066759
21 0.517529 0.575800 0.043406 0.089013
22 0.315526 0.394298 0.146912 0.090403
23 0.508347 0.481224 0.081803 0.050070