0 0.362400 0.190713 0.100800 0.218905
0 0.206400 0.574627 0.233600 0.104478
1 0.838400 0.494196 0.195200 0.212272
1 0.380000 0.115257 0.212800 0.174129
2 0.624800 0.771973 0.177600 0.157546
2 0.386400 0.877280 0.120000 0.208955
3 0.588000 0.601990 0.161600 0.152570
3 0.453600 0.588723 0.180800 0.102819
4 0.708000 0.494196 0.065600 0.195688
4 0.635200 0.567993 0.137600 0.150912
5 0.173600 0.315920 0.078400 0.160862
5 0.493600 0.412935 0.068800 0.179104
6 0.479200 0.723881 0.158400 0.061360
6 0.455200 0.558872 0.174400 0.119403
7 0.580800 0.928690 0.092800 0.142620
7 0.556800 0.305970 0.108800 0.111111
8 0.273600 0.388060 0.134400 0.063018
8 0.474400 0.298507 0.148800 0.043118
9 0.402400 0.660033 0.136000 0.079602
9 0.443200 0.177446 0.096000 0.126036
10 0.565600 0.382255 0.129600 0.091211
10 0.385600 0.428690 0.140800 0.054726
11 0.169600 0.762023 0.086400 0.144279
11 0.456000 0.805141 0.134400 0.084577
12 0.608000 0.288557 0.076800 0.109453
12 0.814400 0.558872 0.064000 0.116086
13 0.460000 0.247927 0.104000 0.048093
13 0.435200 0.480929 0.108800 0.046434
14 0.668000 0.232172 0.107200 0.079602
14 0.320000 0.836650 0.089600 0.097844
15 0.168000 0.437811 0.096000 0.059701
15 0.333600 0.206468 0.088000 0.077944
16 0.329600 0.326700 0.083200 0.079602
16 0.548000 0.626866 0.049600 0.106136
17 0.433600 0.355721 0.057600 0.084577
17 0.191200 0.539801 0.088000 0.048093
18 0.329600 0.596186 0.076800 0.054726
18 0.386400 0.538143 0.065600 0.041459
19 0.670400 0.430348 0.051200 0.081260
19 0.271200 0.480100 0.072000 0.061360
20 0.587200 0.734660 0.048000 0.076285
20 0.368000 0.586235 0.070400 0.058043
21 0.513600 0.782753 0.048000 0.076285
21 0.311200 0.721393 0.052800 0.059701
22 0.823200 0.675788 0.107200 0.131012
22 0.659200 0.800995 0.115200 0.126036