0 0.462514 0.213786 0.184123 0.083916
0 0.137266 0.428072 0.146637 0.132867
1 0.608049 0.075924 0.137817 0.127872
1 0.202315 0.661339 0.062845 0.161838
2 0.044653 0.658841 0.071665 0.128871
2 0.069460 0.918581 0.101433 0.132867
3 0.611907 0.178821 0.059537 0.129870
3 0.100331 0.928571 0.116869 0.076923
4 0.262404 0.763736 0.097023 0.096903
4 0.445424 0.166334 0.114664 0.078921
5 0.327453 0.332667 0.052922 0.121878
5 0.097023 0.651848 0.070562 0.062937
6 0.495039 0.296204 0.112459 0.044955
6 0.676957 0.335165 0.127894 0.036963
7 0.571114 0.262737 0.101433 0.041958
7 0.122933 0.470529 0.084895 0.073926
8 0.361080 0.301199 0.049614 0.082917
8 0.180265 0.689311 0.104741 0.035964
9 0.476295 0.377123 0.088203 0.034965
9 0.249173 0.731269 0.077178 0.069930
10 0.051268 0.738262 0.093716 0.081918
10 0.684675 0.252248 0.097023 0.038961
11 0.420066 0.189311 0.050717 0.084915
11 0.249173 0.271229 0.103638 0.036963
12 0.441566 0.322178 0.073870 0.052947
12 0.249173 0.370130 0.081588 0.036963
13 0.325248 0.401099 0.074972 0.036963
13 0.522051 0.407592 0.051819 0.061938
14 0.115215 0.616384 0.069460 0.047952
14 0.159316 0.867632 0.065050 0.064935
15 0.266814 0.493007 0.066152 0.040959
15 0.834068 0.469031 0.065050 0.036963
16 0.177508 0.593407 0.048512 0.057942
16 0.857773 0.487512 0.061742 0.047952
17 0.212789 0.890609 0.037486 0.056943
17 0.127894 0.879620 0.061742 0.032967
18 0.956450 0.558442 0.065050 0.033966
18 0.173649 0.380120 0.029768 0.040959
19 0.151599 0.565934 0.031974 0.052947
19 0.092062 0.405594 0.058434 0.027972
20 0.423925 0.402098 0.045204 0.026973
20 0.391951 0.424575 0.040794 0.037962
21 0.121279 0.758242 0.044101 0.039960
21 0.171444 0.336164 0.031974 0.042957
22 0.055678 0.455544 0.100331 0.061938
22 0.060639 0.519481 0.092613 0.073926
23 0.150496 0.377123 0.036384 0.048951