0 0.500712 0.398827 0.038462 0.199413
0 0.576211 0.360704 0.138177 0.164223
1 0.365385 0.821848 0.212251 0.060117
1 0.448006 0.431085 0.089744 0.123167
2 0.599715 0.398827 0.156695 0.061584
2 0.386752 0.576979 0.129630 0.153959
3 0.310541 0.453812 0.113960 0.107038
3 0.334046 0.576246 0.129630 0.111437
4 0.608974 0.592375 0.143875 0.079179
4 0.085470 0.701613 0.068376 0.153959
5 0.190171 0.450880 0.126781 0.109971
5 0.764957 0.706745 0.131054 0.079179
6 0.782764 0.277126 0.123932 0.099707
6 0.920228 0.568182 0.048433 0.148094
7 0.411681 0.132698 0.085470 0.101173
7 0.403846 0.591642 0.078348 0.098240
8 0.350427 0.140762 0.076923 0.111437
8 0.097578 0.552786 0.049858 0.111437
9 0.804843 0.812317 0.076923 0.105572
9 0.722222 0.730938 0.099715 0.071848
10 0.213675 0.403959 0.091168 0.101173
10 0.814103 0.596041 0.106838 0.071848
11 0.517094 0.194282 0.056980 0.121701
11 0.543447 0.154692 0.064103 0.112903
12 0.849003 0.412757 0.096866 0.068915
12 0.714387 0.520528 0.089744 0.058651
13 0.192308 0.274927 0.062678 0.101173
13 0.596866 0.249267 0.096866 0.046921
14 0.623219 0.691349 0.041311 0.092375
14 0.841168 0.890029 0.084046 0.061584
15 0.439459 0.166422 0.064103 0.080645
15 0.267806 0.197214 0.074074 0.074780
16 0.668803 0.450147 0.078348 0.061584
16 0.272792 0.659824 0.058405 0.085044
17 0.855413 0.346041 0.069801 0.052786
17 0.574786 0.779326 0.066952 0.065982
18 0.613960 0.550587 0.065527 0.057185
18 0.331197 0.069648 0.072650 0.042522
19 0.569801 0.662023 0.054131 0.065982
19 0.602564 0.593842 0.042735 0.058651
20 0.441595 0.554252 0.054131 0.041056
20 0.684473 0.865103 0.044160 0.058651
21 0.464387 0.256598 0.059829 0.064516
21 0.679487 0.953812 0.062678 0.051320
22 0.356125 0.377566 0.099715 0.086510
22 0.321225 0.528592 0.101140 0.071848