0 0.674129 0.306832 0.080597 0.116770
0 0.687562 0.247205 0.133333 0.159006
1 0.565174 0.278882 0.153234 0.075776
1 0.830348 0.942857 0.154229 0.101863
2 0.385075 0.308075 0.083582 0.131677
2 0.524876 0.632919 0.112438 0.075776
3 0.303980 0.511801 0.072637 0.151553
3 0.509453 0.218012 0.109453 0.088199
4 0.406965 0.283851 0.049751 0.137888
4 0.079602 0.504969 0.075622 0.150311
5 0.945771 0.813043 0.046766 0.147826
5 0.824378 0.898137 0.068657 0.141615
6 0.801990 0.267081 0.061692 0.144099
6 0.616418 0.618634 0.102488 0.077019
7 0.212935 0.090683 0.093532 0.072050
7 0.421891 0.661491 0.093532 0.065839
8 0.684080 0.920497 0.084577 0.062112
8 0.455721 0.160870 0.083582 0.053416
9 0.364179 0.663354 0.089552 0.086957
9 0.907960 0.836646 0.030846 0.122981
10 0.123881 0.624845 0.108458 0.049689
10 0.490050 0.695031 0.094527 0.040994
11 0.286070 0.280124 0.042786 0.113043
11 0.409453 0.569565 0.064677 0.113043
12 0.496517 0.533540 0.081592 0.068323
12 0.254726 0.452174 0.041791 0.101863
13 0.605970 0.214907 0.073632 0.059627
13 0.722886 0.198137 0.070647 0.068323
14 0.787065 0.852174 0.083582 0.044720
14 0.545274 0.650932 0.053731 0.069565
15 0.044776 0.040373 0.069652 0.055901
15 0.596517 0.623602 0.058706 0.042236
16 0.293532 0.195031 0.049751 0.084472
16 0.529851 0.170186 0.068657 0.039752
17 0.341294 0.518012 0.051741 0.059627
17 0.479602 0.140994 0.059701 0.043478
18 0.454229 0.297516 0.052736 0.050932
18 0.520398 0.651553 0.047761 0.050932
19 0.626866 0.662112 0.051741 0.057143
19 0.727363 0.873913 0.051741 0.036025
20 0.403483 0.157764 0.040796 0.054658
20 0.481592 0.208696 0.045771 0.047205
21 0.442786 0.067702 0.043781 0.065839
21 0.697015 0.667081 0.036816 0.057143
22 0.934826 0.829193 0.116418 0.045963
23 0.304478 0.293168 0.043781 0.044720