0 0.650628 0.627670 0.227336 0.093591
0 0.156904 0.409969 0.076709 0.172940
1 0.294979 0.820448 0.085077 0.141404
1 0.767782 0.525432 0.101813 0.072228
2 0.198745 0.570193 0.154812 0.060020
2 0.349372 0.745168 0.121339 0.055951
3 0.267085 0.546796 0.090656 0.116989
3 0.171548 0.202950 0.103208 0.108850
4 0.192469 0.808749 0.075314 0.122075
4 0.555091 0.923194 0.164575 0.066124
5 0.419805 0.484232 0.133891 0.056968
5 0.398884 0.406918 0.153417 0.083418
6 0.654812 0.560529 0.110181 0.087487
6 0.567643 0.462360 0.122734 0.092574
7 0.526499 0.264496 0.115760 0.075280
7 0.521618 0.594100 0.058577 0.095626
8 0.147838 0.052391 0.078103 0.106816
8 0.154114 0.504578 0.132497 0.061038
9 0.320084 0.316887 0.110181 0.082401
9 0.359135 0.597152 0.104603 0.065107
10 0.343096 0.877925 0.058577 0.093591
10 0.171548 0.440997 0.122734 0.066124
11 0.896095 0.024924 0.140865 0.049847
11 0.244770 0.865717 0.073919 0.077314
12 0.542538 0.710071 0.103208 0.050865
12 0.391911 0.531536 0.097629 0.057986
13 0.614365 0.718718 0.054393 0.064090
13 0.179916 0.887589 0.122734 0.039674
14 0.080893 0.194812 0.075314 0.082401
14 0.309623 0.523398 0.041841 0.080366
15 0.586471 0.333672 0.046025 0.071211
15 0.836820 0.619023 0.080893 0.070193
16 0.712692 0.709563 0.097629 0.037640
16 0.365411 0.932859 0.086471 0.056968
17 0.551604 0.660224 0.062762 0.056968
17 0.440028 0.655646 0.065551 0.055951
18 0.661088 0.759410 0.066946 0.047813
18 0.705718 0.619023 0.064156 0.049847
19 0.592050 0.570193 0.043236 0.051882
19 0.247559 0.427263 0.076709 0.036623
20 0.355649 0.542726 0.066946 0.041709
20 0.718271 0.462869 0.066946 0.030519
21 0.385635 0.584435 0.065551 0.035605
21 0.308229 0.623093 0.066946 0.033571
22 0.460251 0.825025 0.119944 0.083418
23 0.228731 0.944557 0.072524 0.027467