0 0.377811 0.788802 0.278861 0.202358
0 0.482759 0.718075 0.131934 0.253438
1 0.467016 0.317289 0.178411 0.190570
1 0.716642 0.476424 0.137931 0.292731
2 0.204648 0.482318 0.196402 0.261297
2 0.686657 0.173870 0.212894 0.131631
3 0.412294 0.261297 0.101949 0.278978
3 0.794603 0.260314 0.218891 0.088409
4 0.799850 0.563851 0.118441 0.188605
4 0.823838 0.432220 0.073463 0.267191
5 0.447526 0.125737 0.154423 0.196464
5 0.915292 0.437132 0.130435 0.178782
6 0.329835 0.632613 0.041979 0.263261
6 0.168666 0.379175 0.121439 0.149312
7 0.609445 0.126719 0.172414 0.104126
7 0.670165 0.396857 0.134933 0.113949
8 0.727136 0.701375 0.041979 0.223969
8 0.550225 0.109037 0.131934 0.159136
9 0.173913 0.727898 0.098951 0.202358
9 0.827586 0.700393 0.125937 0.108055
10 0.236132 0.221022 0.139430 0.170923
10 0.229385 0.654224 0.077961 0.196464
11 0.592204 0.427308 0.056972 0.214145
11 0.507496 0.952849 0.160420 0.078585
12 0.541229 0.887033 0.137931 0.060904
12 0.540480 0.310413 0.106447 0.121807
13 0.646927 0.779961 0.073463 0.129666
13 0.878561 0.376228 0.089955 0.104126
14 0.663418 0.650295 0.109445 0.121807
14 0.410795 0.690570 0.050975 0.170923
15 0.114693 0.750491 0.055472 0.141454
15 0.407046 0.272102 0.064468 0.147348
16 0.080210 0.499018 0.097451 0.133595
16 0.667916 0.323183 0.046477 0.135560
17 0.352324 0.352652 0.077961 0.096267
17 0.715142 0.499018 0.074963 0.110020
18 0.435532 0.473477 0.088456 0.086444
18 0.530735 0.588409 0.062969 0.104126
19 0.517991 0.781925 0.055472 0.098232
19 0.460270 0.221022 0.050975 0.135560
20 0.237631 0.523576 0.055472 0.084479
20 0.333583 0.856582 0.052474 0.070727
21 0.275112 0.811395 0.046477 0.117878
21 0.367316 0.589391 0.053973 0.094303
22 0.559970 0.526523 0.076462 0.251473
23 0.291604 0.624754 0.052474 0.062868