0 0.109788 0.309381 0.177249 0.131737
0 0.508598 0.291417 0.130952 0.303393
1 0.332011 0.853293 0.206349 0.193613
1 0.623016 0.769461 0.177249 0.149701
2 0.873016 0.667665 0.074074 0.265469
2 0.265212 0.376248 0.085979 0.209581
3 0.400132 0.676647 0.130952 0.227545
3 0.680556 0.480040 0.088624 0.245509
4 0.488757 0.530938 0.125661 0.167665
4 0.410053 0.212575 0.100529 0.225549
5 0.415344 0.725549 0.076720 0.193613
5 0.568122 0.176647 0.149471 0.073852
6 0.763889 0.769461 0.109788 0.189621
6 0.769841 0.484032 0.089947 0.201597
7 0.457011 0.883234 0.136243 0.069860
7 0.330688 0.294411 0.100529 0.161677
8 0.611772 0.421158 0.078042 0.151697
8 0.167328 0.438124 0.072751 0.169661
9 0.226852 0.834331 0.112434 0.147705
9 0.214286 0.093812 0.097884 0.147705
10 0.412698 0.255489 0.108466 0.135729
10 0.654762 0.479042 0.113757 0.103792
11 0.667328 0.905190 0.141534 0.089820
11 0.449074 0.489022 0.101852 0.127745
12 0.527778 0.720559 0.063492 0.155689
12 0.617725 0.707585 0.111111 0.057884
13 0.621032 0.579840 0.072751 0.149701
13 0.680556 0.552894 0.078042 0.131737
14 0.656746 0.293413 0.091270 0.099800
14 0.751323 0.249501 0.066138 0.135729
15 0.360450 0.169661 0.064815 0.127745
15 0.658730 0.854291 0.095238 0.063872
16 0.379630 0.805389 0.037037 0.137725
16 0.430556 0.377246 0.085979 0.067864
17 0.307540 0.714571 0.062169 0.115768
17 0.820767 0.689621 0.067460 0.105788
18 0.155423 0.585828 0.056878 0.105788
18 0.501323 0.570858 0.055556 0.095808
19 0.648148 0.220559 0.068783 0.069860
19 0.163360 0.447106 0.075397 0.083832
20 0.338624 0.844311 0.058201 0.083832
20 0.186508 0.742515 0.060847 0.079840
21 0.230159 0.694611 0.055556 0.083832
21 0.556878 0.317365 0.052910 0.083832
22 0.948413 0.562874 0.097884 0.147705
22 0.113095 0.449102 0.062169 0.207585