0 0.308989 0.787338 0.110754 0.250000
0 0.492777 0.271916 0.096308 0.137987
1 0.199037 0.887175 0.240770 0.150974
1 0.917335 0.360390 0.123596 0.133117
2 0.813002 0.143669 0.226324 0.082792
2 0.670144 0.829545 0.110754 0.116883
3 0.788122 0.671266 0.070626 0.222403
3 0.387640 0.910714 0.094703 0.155844
4 0.797753 0.502435 0.109149 0.196429
4 0.789727 0.813312 0.157303 0.175325
5 0.658909 0.270292 0.133226 0.150974
5 0.365971 0.796266 0.150883 0.157468
6 0.630016 0.630682 0.178170 0.060065
6 0.131621 0.721591 0.070626 0.193182
7 0.658909 0.435065 0.142857 0.110390
7 0.577047 0.318182 0.052970 0.185065
8 0.576244 0.142857 0.073836 0.133117
8 0.714286 0.514610 0.118780 0.100649
9 0.904494 0.600649 0.155698 0.081169
9 0.607544 0.789773 0.126806 0.115260
10 0.485554 0.705357 0.097913 0.131494
10 0.597913 0.258929 0.165329 0.050325
11 0.140449 0.683442 0.165329 0.048701
11 0.372392 0.272727 0.051364 0.162338
12 0.488764 0.607143 0.120385 0.068182
12 0.217496 0.504870 0.088283 0.116883
13 0.103531 0.779221 0.133226 0.077922
13 0.780899 0.323864 0.110754 0.102273
14 0.184591 0.615260 0.057785 0.116883
14 0.681380 0.090909 0.133226 0.042208
15 0.444623 0.100649 0.112360 0.074675
15 0.207865 0.724838 0.113965 0.047078
16 0.495987 0.774351 0.105939 0.058442
16 0.849117 0.062500 0.118780 0.050325
17 0.658909 0.143669 0.072231 0.092532
17 0.345104 0.341721 0.060995 0.089286
18 0.689406 0.211039 0.091493 0.058442
18 0.739968 0.579545 0.060995 0.084416
19 0.407705 0.387987 0.077047 0.068182
19 0.353933 0.781656 0.046549 0.086039
20 0.717496 0.698052 0.077047 0.048701
20 0.474318 0.878247 0.062600 0.074675
21 0.701445 0.136364 0.054575 0.074675
21 0.802568 0.267857 0.070626 0.058442
22 0.662119 0.506494 0.094703 0.113636
22 0.841091 0.143669 0.112360 0.102273