0 0.547389 0.400576 0.313346 0.086455
0 0.438104 0.549712 0.156673 0.203170
1 0.391683 0.328530 0.276596 0.106628
1 0.678917 0.591499 0.096712 0.220461
2 0.293037 0.131124 0.164410 0.170029
2 0.611219 0.417147 0.123791 0.180115
3 0.911025 0.742075 0.162476 0.152738
3 0.640232 0.755043 0.205029 0.089337
4 0.314313 0.837896 0.203095 0.113833
4 0.869439 0.667867 0.090909 0.159942
5 0.330754 0.773775 0.123791 0.115274
5 0.374275 0.671470 0.187621 0.100865
6 0.322050 0.227666 0.199226 0.046110
6 0.242747 0.464697 0.141199 0.139769
7 0.707930 0.838617 0.181818 0.074928
7 0.251451 0.645533 0.189555 0.054755
8 0.067698 0.524496 0.100580 0.109510
8 0.359768 0.769452 0.185687 0.051873
9 0.425532 0.169308 0.174081 0.064841
9 0.489362 0.517291 0.139265 0.109510
10 0.872340 0.854467 0.158607 0.092219
10 0.427466 0.097983 0.189555 0.051873
11 0.806576 0.580692 0.158607 0.100865
11 0.558994 0.346542 0.170213 0.059078
12 0.396518 0.046830 0.135397 0.070605
12 0.183752 0.678674 0.147002 0.069164
13 0.520309 0.607349 0.127660 0.067723
13 0.367505 0.416427 0.139265 0.048991
14 0.493230 0.474784 0.104449 0.093660
14 0.135397 0.491354 0.058027 0.115274
15 0.547389 0.149856 0.073501 0.106628
15 0.619923 0.515130 0.102515 0.073487
16 0.352031 0.271614 0.131528 0.036023
16 0.226306 0.577810 0.119923 0.080692
17 0.411025 0.703890 0.098646 0.061960
17 0.489362 0.543228 0.085106 0.077810
18 0.517408 0.237032 0.075435 0.073487
18 0.553191 0.542507 0.054159 0.076369
19 0.791103 0.762248 0.065764 0.080692
19 0.470986 0.881844 0.102515 0.057637
20 0.608317 0.640490 0.075435 0.070605
20 0.755319 0.512248 0.063830 0.056196
21 0.801741 0.531700 0.063830 0.063401
21 0.293037 0.302594 0.094778 0.048991
22 0.386847 0.938761 0.119923 0.119597
22 0.227273 0.458213 0.137331 0.132565