0 0.302244 0.598927 0.138850 0.141836
0 0.593969 0.884982 0.127630 0.172825
1 0.633941 0.497020 0.182328 0.157330
1 0.803647 0.697855 0.131837 0.144219
2 0.375877 0.157330 0.145863 0.166865
2 0.441094 0.161502 0.231417 0.125149
3 0.693548 0.282479 0.166900 0.071514
3 0.234923 0.257449 0.141655 0.140644
4 0.582048 0.076281 0.199158 0.083433
4 0.619215 0.317640 0.124825 0.084625
5 0.927069 0.639452 0.112202 0.132300
5 0.725105 0.717521 0.179523 0.100119
6 0.550491 0.469011 0.155680 0.065554
6 0.765778 0.743743 0.129032 0.135876
7 0.765077 0.489869 0.169705 0.078665
7 0.476858 0.170441 0.126227 0.147795
8 0.232819 0.147795 0.067321 0.140644
8 0.173212 0.507151 0.158485 0.056019
9 0.288920 0.271156 0.086957 0.127533
9 0.760168 0.447557 0.095372 0.144219
10 0.115007 0.618594 0.190743 0.081049
10 0.532959 0.187723 0.137447 0.082241
11 0.309257 0.419547 0.107994 0.116806
11 0.401823 0.722288 0.130435 0.078665
12 0.541374 0.317640 0.061711 0.098927
12 0.502104 0.424315 0.134642 0.047676
13 0.422160 0.483909 0.084151 0.076281
13 0.641655 0.738975 0.049088 0.107271
14 0.383590 0.586412 0.130435 0.045292
14 0.473352 0.515495 0.046283 0.108462
15 0.800140 0.402265 0.110799 0.065554
15 0.427069 0.345650 0.124825 0.040524
16 0.666900 0.240763 0.105189 0.042908
16 0.415849 0.957688 0.102384 0.046484
17 0.473352 0.920739 0.065919 0.072706
17 0.713184 0.347437 0.096774 0.041716
18 0.730715 0.412396 0.072931 0.052443
18 0.846424 0.555423 0.063114 0.040524
19 0.626928 0.600715 0.070126 0.059595
19 0.279804 0.376043 0.068724 0.065554
20 0.521739 0.374255 0.067321 0.054827
20 0.509116 0.281287 0.081346 0.030989
21 0.478962 0.241359 0.065919 0.056019
21 0.659187 0.558999 0.042076 0.076281
22 0.684432 0.172825 0.112202 0.081049
23 0.183731 0.205602 0.053296 0.063170