0 0.522409 0.761194 0.092437 0.152239
0 0.600840 0.097761 0.117647 0.114925
1 0.514006 0.643284 0.190476 0.095522
1 0.735294 0.676866 0.134454 0.213433
2 0.480392 0.287313 0.159664 0.085075
2 0.411765 0.202985 0.151261 0.128358
3 0.752801 0.652239 0.091036 0.161194
3 0.476891 0.516418 0.138655 0.092537
4 0.523109 0.170896 0.121849 0.100000
4 0.053922 0.315672 0.082633 0.138806
5 0.345238 0.693284 0.141457 0.082090
5 0.285714 0.517910 0.100840 0.125373
6 0.865546 0.347761 0.081232 0.155224
6 0.700980 0.740299 0.057423 0.149254
7 0.615546 0.482090 0.082633 0.128358
7 0.824930 0.458955 0.053221 0.135821
8 0.913165 0.461940 0.128852 0.067164
8 0.331933 0.747015 0.100840 0.091045
9 0.504902 0.419403 0.082633 0.116418
9 0.317927 0.620896 0.112045 0.074627
10 0.768207 0.432836 0.063025 0.125373
10 0.561625 0.635075 0.089636 0.114925
11 0.461485 0.804478 0.065826 0.140299
11 0.478992 0.359701 0.106443 0.053731
12 0.149860 0.227612 0.086835 0.091045
12 0.235294 0.290299 0.092437 0.073134
13 0.413866 0.377612 0.065826 0.095522
13 0.721289 0.241045 0.047619 0.105970
14 0.689776 0.629851 0.102241 0.059701
14 0.658263 0.210448 0.075630 0.095522
15 0.128151 0.376866 0.057423 0.091045
15 0.332633 0.280597 0.085434 0.047761
16 0.248599 0.340299 0.088235 0.044776
16 0.327731 0.541791 0.075630 0.083582
17 0.775210 0.252985 0.082633 0.046269
17 0.247899 0.954478 0.078431 0.052239
18 0.579832 0.291791 0.056022 0.070149
18 0.651961 0.489552 0.051821 0.053731
19 0.306723 0.491791 0.042017 0.076119
19 0.317927 0.623134 0.056022 0.067164
20 0.626751 0.651493 0.046218 0.055224
20 0.742997 0.559701 0.054622 0.056716
21 0.499300 0.602239 0.051821 0.061194
21 0.551120 0.339552 0.060224 0.040299
22 0.509104 0.440299 0.119048 0.071642
23 0.350140 0.694030 0.042017 0.053731