0 0.863095 0.166081 0.130952 0.149385
0 0.617347 0.305800 0.265306 0.140598
1 0.519558 0.850615 0.120748 0.228471
1 0.244898 0.354130 0.251701 0.057996
2 0.262755 0.893673 0.059524 0.205624
2 0.057823 0.503515 0.074830 0.198594
3 0.374150 0.843585 0.112245 0.179262
3 0.323980 0.542179 0.161565 0.114236
4 0.197279 0.810193 0.098639 0.189807
4 0.323980 0.416520 0.175170 0.052724
5 0.744048 0.593146 0.151361 0.128295
5 0.263605 0.779438 0.139456 0.131810
6 0.324830 0.257469 0.105442 0.124780
6 0.745748 0.679262 0.158163 0.079086
7 0.799320 0.733743 0.132653 0.114236
7 0.427721 0.200351 0.069728 0.144112
8 0.420918 0.455185 0.130952 0.070299
8 0.695578 0.138840 0.139456 0.108963
9 0.441327 0.833919 0.130952 0.089631
9 0.545918 0.405975 0.057823 0.151142
10 0.449830 0.352373 0.134354 0.050967
10 0.379252 0.618629 0.125850 0.077329
11 0.614796 0.070299 0.103741 0.133568
11 0.886905 0.496485 0.137755 0.114236
12 0.318027 0.521968 0.105442 0.091388
12 0.740646 0.497364 0.052721 0.115993
13 0.464286 0.524605 0.078231 0.096661
13 0.656463 0.579086 0.115646 0.054482
14 0.644558 0.761863 0.085034 0.089631
14 0.647959 0.849736 0.095238 0.117750
15 0.427721 0.695958 0.090136 0.066784
15 0.484694 0.311951 0.085034 0.065026
16 0.882653 0.260984 0.095238 0.089631
16 0.285714 0.282074 0.081633 0.079086
17 0.954932 0.639719 0.066327 0.098418
17 0.531463 0.518453 0.086735 0.059754
18 0.255102 0.475395 0.081633 0.054482
18 0.642857 0.417399 0.051020 0.089631
19 0.685374 0.499121 0.074830 0.070299
19 0.241497 0.380492 0.071429 0.057996
20 0.132653 0.477153 0.068027 0.054482
20 0.665816 0.361160 0.073129 0.050967
21 0.825680 0.601933 0.059524 0.082601
21 0.345238 0.695079 0.057823 0.061511
22 0.749150 0.232865 0.107143 0.131810
22 0.385204 0.862039 0.151361 0.050967