0 0.696128 0.853417 0.163300 0.188849
0 0.730640 0.798561 0.158249 0.187050
1 0.239899 0.826439 0.260943 0.134892
1 0.475589 0.875000 0.112795 0.185252
2 0.388889 0.244604 0.144781 0.194245
2 0.819024 0.555755 0.089226 0.201439
3 0.391414 0.381295 0.176768 0.115108
3 0.356061 0.705935 0.129630 0.152878
4 0.188552 0.720324 0.084175 0.196043
4 0.543771 0.139388 0.175084 0.124101
5 0.281987 0.669964 0.112795 0.167266
5 0.755051 0.359712 0.055556 0.219424
6 0.480640 0.748201 0.132997 0.115108
6 0.497475 0.203237 0.129630 0.169065
7 0.829125 0.306655 0.129630 0.156475
7 0.684343 0.394784 0.065657 0.170863
8 0.064815 0.790468 0.085859 0.145683
8 0.320707 0.233813 0.072391 0.169065
9 0.510943 0.196942 0.132997 0.156475
9 0.688552 0.893885 0.138047 0.071942
10 0.428451 0.670863 0.170034 0.068345
10 0.420875 0.556655 0.114478 0.084532
11 0.613636 0.373201 0.058923 0.181655
11 0.382155 0.489209 0.164983 0.075540
12 0.714646 0.538669 0.095960 0.131295
12 0.412458 0.459532 0.124579 0.052158
13 0.165825 0.446043 0.119529 0.068345
13 0.112795 0.639388 0.053872 0.138489
14 0.573232 0.437050 0.058923 0.122302
14 0.466330 0.314748 0.117845 0.079137
15 0.930135 0.779676 0.075758 0.131295
15 0.488215 0.422662 0.074074 0.093525
16 0.263468 0.231115 0.058923 0.113309
16 0.187710 0.289568 0.102694 0.122302
17 0.255051 0.413669 0.099327 0.061151
17 0.239899 0.446942 0.082492 0.077338
18 0.744108 0.496403 0.080808 0.075540
18 0.659091 0.508094 0.085859 0.077338
19 0.787037 0.693345 0.072391 0.084532
19 0.440236 0.386691 0.082492 0.043165
20 0.639731 0.747302 0.070707 0.048561
20 0.437710 0.424460 0.063973 0.043165
21 0.798822 0.434353 0.055556 0.095324
21 0.632997 0.554856 0.084175 0.070144
22 0.208754 0.589928 0.164983 0.104317
23 0.298822 0.536871 0.058923 0.073741