0 0.741706 0.517799 0.104265 0.168285
0 0.837085 0.649676 0.212085 0.127832
1 0.649882 0.851942 0.152844 0.163430
1 0.866706 0.751618 0.110190 0.224919
2 0.718602 0.139159 0.124408 0.145631
2 0.825829 0.162621 0.135071 0.111650
3 0.704384 0.935275 0.143365 0.126214
3 0.504739 0.489482 0.047393 0.195793
4 0.906991 0.526699 0.105450 0.124595
4 0.754739 0.203883 0.127962 0.080906
5 0.587085 0.715210 0.062796 0.161812
5 0.783175 0.313107 0.137441 0.056634
6 0.954384 0.447411 0.074645 0.166667
6 0.062796 0.461165 0.090047 0.100324
7 0.504739 0.816343 0.118483 0.072816
7 0.492299 0.661003 0.046209 0.147249
8 0.690758 0.737055 0.094787 0.063107
8 0.752962 0.351133 0.103081 0.045307
9 0.703199 0.269417 0.103081 0.053398
9 0.635071 0.567961 0.059242 0.132686
10 0.679502 0.563916 0.055687 0.131068
10 0.574645 0.803398 0.075829 0.118123
11 0.704976 0.380259 0.099526 0.080906
11 0.809242 0.576861 0.087678 0.101942
12 0.596564 0.377832 0.084123 0.069579
12 0.677725 0.907767 0.092417 0.074434
13 0.796801 0.460356 0.079384 0.076052
13 0.739336 0.636731 0.052133 0.092233
14 0.813981 0.381068 0.092417 0.050162
14 0.606635 0.488673 0.049763 0.100324
15 0.458531 0.668285 0.042654 0.093851
15 0.601303 0.318770 0.072275 0.051780
16 0.861967 0.288835 0.060427 0.098706
16 0.802725 0.227346 0.062796 0.063107
17 0.550948 0.422330 0.059242 0.074434
17 0.844194 0.567961 0.065166 0.038835
18 0.596564 0.266990 0.060427 0.061489
18 0.803910 0.416667 0.055687 0.043689
19 0.709123 0.061489 0.065166 0.064725
19 0.603673 0.580097 0.053318 0.066343
20 0.858412 0.443366 0.053318 0.048544
20 0.674763 0.315534 0.053318 0.045307
21 0.691943 0.436893 0.033175 0.071197
21 0.660545 0.402104 0.036730 0.063107
22 0.604858 0.471683 0.112559 0.072816
23 0.536730 0.675566 0.045024 0.072816