0 0.570423 0.845432 0.095070 0.209011
0 0.372359 0.183354 0.135563 0.108886
1 0.328345 0.529412 0.184859 0.157697
1 0.227993 0.555069 0.195423 0.116395
2 0.448944 0.568836 0.073944 0.166458
2 0.608275 0.424906 0.181338 0.123905
3 0.604754 0.179599 0.089789 0.158949
3 0.486796 0.295369 0.114437 0.130163
4 0.763204 0.944305 0.209507 0.076345
4 0.728873 0.355444 0.193662 0.110138
5 0.111796 0.308511 0.195423 0.096370
5 0.709507 0.925532 0.073944 0.138924
6 0.248239 0.620776 0.147887 0.102628
6 0.558979 0.672090 0.068662 0.132666
7 0.584507 0.349186 0.137324 0.087610
7 0.377641 0.100125 0.114437 0.107635
8 0.503521 0.185232 0.112676 0.090113
8 0.462148 0.064456 0.181338 0.041302
9 0.590669 0.790989 0.065141 0.117647
9 0.242077 0.601377 0.089789 0.106383
10 0.732394 0.121402 0.137324 0.095119
10 0.551056 0.264080 0.158451 0.055069
11 0.360035 0.540050 0.100352 0.106383
11 0.588908 0.511890 0.061620 0.117647
12 0.289613 0.053191 0.114437 0.078849
12 0.470070 0.468085 0.073944 0.100125
13 0.665493 0.820401 0.066901 0.098874
13 0.193662 0.369212 0.070423 0.087610
14 0.468310 0.145181 0.080986 0.082603
14 0.691021 0.207134 0.117958 0.038798
15 0.280810 0.121402 0.125000 0.050063
15 0.487676 0.685232 0.084507 0.066333
16 0.431338 0.690238 0.109155 0.043805
16 0.538732 0.937422 0.059859 0.090113
17 0.654049 0.243429 0.086268 0.061327
17 0.159331 0.479975 0.093310 0.053817
18 0.585387 0.061952 0.079225 0.066333
18 0.948063 0.778473 0.065141 0.080100
19 0.479754 0.371089 0.096831 0.043805
19 0.617958 0.168961 0.095070 0.032541
20 0.647007 0.193367 0.061620 0.038798
20 0.141725 0.367960 0.054577 0.060075
21 0.538732 0.537547 0.070423 0.046308
21 0.421655 0.566333 0.047535 0.061327
22 0.778169 0.258448 0.165493 0.076345
22 0.291373 0.685232 0.135563 0.068836