0 0.775575 0.433159 0.113811 0.111402
0 0.676471 0.790957 0.204604 0.061599
1 0.848465 0.370904 0.103581 0.175623
1 0.150895 0.621887 0.130435 0.184797
2 0.560742 0.501311 0.095908 0.145478
2 0.931586 0.709043 0.049872 0.175623
3 0.958440 0.561599 0.049872 0.158585
3 0.567775 0.592398 0.150895 0.044561
4 0.393223 0.076671 0.134271 0.111402
4 0.484015 0.383355 0.126598 0.108781
5 0.280051 0.522936 0.138107 0.081258
5 0.460997 0.448886 0.106138 0.114024
6 0.430307 0.669069 0.039642 0.140236
6 0.584399 0.708388 0.079284 0.124509
7 0.255115 0.783093 0.075448 0.127130
7 0.615090 0.849934 0.081841 0.119266
8 0.306266 0.639581 0.116368 0.076016
8 0.466752 0.166448 0.058824 0.123198
9 0.453964 0.697903 0.112532 0.066841
9 0.859335 0.542595 0.086957 0.102228
10 0.460358 0.862385 0.120205 0.039318
10 0.807545 0.768676 0.070332 0.106160
11 0.803708 0.513761 0.080563 0.107471
11 0.865090 0.732634 0.083120 0.102228
12 0.371483 0.702490 0.088235 0.057667
12 0.611893 0.288991 0.103581 0.048493
13 0.629795 0.396461 0.095908 0.058978
13 0.466752 0.620577 0.040921 0.093054
14 0.557545 0.130406 0.099744 0.056356
14 0.740409 0.382045 0.069054 0.077326
15 0.680307 0.853211 0.053708 0.078637
15 0.547954 0.445609 0.037084 0.083879
16 0.431586 0.783093 0.049872 0.085190
16 0.831202 0.679554 0.048593 0.085190
17 0.413043 0.937090 0.069054 0.065531
17 0.641304 0.521625 0.072890 0.049803
18 0.749361 0.612058 0.069054 0.055046
18 0.767903 0.756881 0.037084 0.066841
19 0.065217 0.608781 0.071611 0.053735
19 0.322251 0.425295 0.046036 0.072084
20 0.726343 0.724115 0.051151 0.038008
20 0.354859 0.737877 0.070332 0.041940
21 0.560102 0.851245 0.058824 0.048493
21 0.686701 0.712320 0.053708 0.043250
22 0.534527 0.698558 0.043478 0.120577