0 0.096935 0.263982 0.086590 0.152125
0 0.180843 0.234899 0.073563 0.172260
1 0.038314 0.285794 0.052107 0.177852
1 0.516092 0.242170 0.100383 0.124161
2 0.393487 0.446309 0.091188 0.089485
2 0.651724 0.393177 0.091188 0.106264
3 0.069732 0.427852 0.084291 0.101790
3 0.451341 0.533557 0.053640 0.129754
4 0.488123 0.312081 0.091954 0.076063
4 0.403831 0.291387 0.078161 0.079418
5 0.395402 0.401007 0.078161 0.077181
5 0.194253 0.925615 0.034483 0.130872
6 0.181609 0.914989 0.091954 0.042506
6 0.054789 0.538031 0.048276 0.131991
7 0.213027 0.255593 0.072031 0.043624
7 0.536015 0.143736 0.072797 0.081655
8 0.875479 0.225951 0.029885 0.111857
8 0.964368 0.604586 0.048276 0.106264
9 0.214176 0.560962 0.069732 0.052573
9 0.242912 0.426734 0.045977 0.101790
10 0.357471 0.246644 0.071264 0.068233
10 0.155172 0.228747 0.039080 0.097315
11 0.924904 0.213087 0.065900 0.086130
11 0.213793 0.395973 0.049042 0.062640
12 0.702299 0.269575 0.052874 0.071588
12 0.590038 0.431767 0.044444 0.078300
13 0.659770 0.482103 0.059770 0.046980
13 0.124904 0.159396 0.059770 0.059284
14 0.400000 0.572148 0.058238 0.057047
14 0.468199 0.727069 0.047510 0.067114
15 0.610345 0.497204 0.040613 0.072707
15 0.169349 0.094519 0.059770 0.041387
16 0.066667 0.232662 0.033716 0.085011
16 0.750958 0.102349 0.039847 0.072707
17 0.416092 0.262304 0.033716 0.068233
17 0.896935 0.288591 0.046743 0.042506
18 0.585057 0.506152 0.028352 0.054810
18 0.303831 0.371365 0.039080 0.060403
19 0.918008 0.165548 0.042912 0.042506
19 0.178544 0.173378 0.032184 0.062640
20 0.683525 0.321029 0.032184 0.044743
20 0.522222 0.201342 0.034483 0.046980
21 0.860920 0.031879 0.034483 0.054810
21 0.492337 0.677293 0.026820 0.043624
22 0.283525 0.600112 0.075096 0.063758
22 0.467816 0.439038 0.074330 0.083893