0 0.926554 0.303646 0.043584 0.167708
0 0.582728 0.258333 0.117837 0.066667
1 0.552462 0.702604 0.039548 0.142708
1 0.535109 0.273958 0.083939 0.116667
2 0.520178 0.876563 0.066990 0.107292
2 0.101291 0.609896 0.070218 0.073958
3 0.916061 0.889583 0.075868 0.095833
3 0.046005 0.596354 0.048426 0.084375
4 0.589185 0.164583 0.079096 0.093750
4 0.229621 0.573958 0.031477 0.116667
5 0.329298 0.776563 0.037127 0.107292
5 0.728410 0.789062 0.073446 0.069792
6 0.329298 0.233333 0.054883 0.087500
6 0.669492 0.667188 0.042776 0.098958
7 0.631961 0.103646 0.051655 0.069792
7 0.775222 0.489583 0.068604 0.056250
8 0.656981 0.593750 0.030670 0.097917
8 0.107748 0.574479 0.026634 0.092708
9 0.305085 0.212500 0.040355 0.087500
9 0.512914 0.429688 0.044391 0.090625
10 0.866425 0.665625 0.050847 0.079167
10 0.764730 0.613021 0.058918 0.078125
11 0.424132 0.544271 0.046005 0.088542
11 0.303471 0.669792 0.043584 0.083333
12 0.941082 0.485938 0.054883 0.034375
12 0.737692 0.749479 0.054883 0.048958
13 0.957627 0.466146 0.052462 0.053125
13 0.782486 0.301563 0.031477 0.076042
14 0.622276 0.452083 0.046812 0.070833
14 0.800242 0.882292 0.034705 0.072917
15 0.963277 0.209896 0.049233 0.042708
15 0.425747 0.082812 0.033091 0.071875
16 0.949960 0.277604 0.040355 0.051042
16 0.662631 0.878646 0.053269 0.034375
17 0.853914 0.219271 0.038741 0.059375
17 0.970541 0.438542 0.033091 0.058333
18 0.301453 0.472917 0.028249 0.054167
18 0.510896 0.861979 0.030670 0.046875
19 0.781679 0.463542 0.042776 0.035417
19 0.611380 0.897396 0.037934 0.044792
20 0.870864 0.616667 0.025827 0.043750
20 0.655771 0.317188 0.028249 0.048958
21 0.241727 0.495833 0.026634 0.058333
21 0.537934 0.029167 0.031477 0.050000
22 0.901937 0.758333 0.065375 0.077083
23 0.346651 0.921875 0.037934 0.033333