0 0.476562 0.857031 0.250000 0.126562
0 0.189844 0.739062 0.189062 0.203125
1 0.181250 0.700000 0.150000 0.218750
1 0.416406 0.514844 0.232813 0.148438
2 0.273438 0.121094 0.196875 0.107813
2 0.455469 0.893750 0.242188 0.109375
3 0.538281 0.157031 0.210938 0.073438
3 0.517969 0.357031 0.195312 0.114062
4 0.882812 0.251563 0.193750 0.118750
4 0.258594 0.721094 0.251563 0.051562
5 0.611719 0.100781 0.210938 0.057813
5 0.386719 0.542188 0.048438 0.221875
6 0.114062 0.602344 0.140625 0.095312
6 0.217188 0.474219 0.056250 0.195312
7 0.142187 0.304688 0.153125 0.087500
7 0.522656 0.775000 0.170313 0.112500
8 0.136719 0.209375 0.085938 0.146875
8 0.428906 0.569531 0.054688 0.129688
9 0.575000 0.253125 0.165625 0.071875
9 0.432812 0.855469 0.087500 0.173437
10 0.783594 0.261719 0.145313 0.123438
10 0.580469 0.332031 0.145313 0.089063
11 0.767188 0.717969 0.159375 0.082812
11 0.732812 0.558594 0.131250 0.117188
12 0.288281 0.904687 0.129688 0.121875
12 0.497656 0.850000 0.098437 0.059375
13 0.293750 0.283594 0.115625 0.089063
13 0.178906 0.367969 0.129688 0.054688
14 0.744531 0.369531 0.126562 0.079687
14 0.627344 0.707812 0.139063 0.075000
15 0.627344 0.575781 0.104688 0.089063
15 0.623437 0.567187 0.106250 0.078125
16 0.767188 0.785156 0.125000 0.057813
16 0.367188 0.221094 0.109375 0.073438
17 0.840625 0.598437 0.100000 0.078125
17 0.697656 0.164062 0.098437 0.075000
18 0.790625 0.452344 0.056250 0.092188
18 0.683594 0.357812 0.064062 0.068750
19 0.575781 0.742188 0.079687 0.078125
19 0.521094 0.621094 0.060937 0.079687
20 0.619531 0.500781 0.076563 0.048438
20 0.448437 0.675781 0.068750 0.064062
21 0.738281 0.646875 0.048438 0.081250
21 0.516406 0.527344 0.070312 0.039062
22 0.207031 0.431250 0.192188 0.062500
23 0.221094 0.192188 0.085938 0.046875