0 0.129971 0.508993 0.128031 0.154676
0 0.381183 0.577338 0.159069 0.169065
1 0.809408 0.454137 0.064985 0.289568
1 0.928225 0.351619 0.071775 0.303957
2 0.474782 0.676259 0.059166 0.212230
2 0.314743 0.448741 0.136760 0.066547
3 0.590204 0.455935 0.059166 0.221223
3 0.221145 0.520683 0.038797 0.199640
4 0.429195 0.508094 0.072745 0.196043
4 0.507759 0.261691 0.107662 0.124101
5 0.409796 0.798561 0.080504 0.190647
5 0.278855 0.854317 0.061106 0.205036
6 0.484966 0.186151 0.093113 0.134892
6 0.377304 0.142086 0.093113 0.107914
7 0.048982 0.486511 0.059166 0.170863
7 0.832202 0.430755 0.100873 0.084532
8 0.808923 0.241906 0.075655 0.138489
8 0.277401 0.844424 0.095053 0.124101
9 0.555771 0.469424 0.060136 0.143885
9 0.373909 0.576439 0.041707 0.170863
10 0.232299 0.673561 0.070805 0.156475
10 0.504850 0.905576 0.084384 0.109712
11 0.614937 0.217626 0.077595 0.118705
11 0.078565 0.616906 0.096993 0.111511
12 0.183317 0.586331 0.048497 0.125899
12 0.233754 0.335432 0.064016 0.124101
13 0.183317 0.675360 0.075655 0.055755
13 0.626576 0.111511 0.048497 0.143885
14 0.898157 0.236511 0.067895 0.120504
14 0.883608 0.309353 0.065955 0.075540
15 0.374394 0.839928 0.073715 0.089928
15 0.395732 0.765288 0.065955 0.077338
16 0.121242 0.243705 0.060136 0.113309
16 0.439379 0.432554 0.056256 0.080935
17 0.345781 0.295863 0.045587 0.106115
17 0.476722 0.949640 0.059166 0.079137
18 0.582929 0.247302 0.036857 0.095324
18 0.331717 0.598921 0.042677 0.093525
19 0.386033 0.335432 0.044617 0.084532
19 0.551891 0.225719 0.034918 0.095324
20 0.484966 0.336331 0.038797 0.057554
20 0.358875 0.645683 0.027158 0.075540
21 0.502425 0.588129 0.050436 0.079137
21 0.452958 0.497302 0.044617 0.062950
22 0.463143 0.364209 0.066925 0.170863
22 0.521823 0.517086 0.071775 0.106115