0 0.175885 0.633966 0.143805 0.200422
0 0.034292 0.373418 0.050885 0.295359
1 0.538164 0.417722 0.085177 0.244726
1 0.302544 0.850211 0.098451 0.219409
2 0.470686 0.348101 0.111726 0.156118
2 0.297566 0.785865 0.081858 0.149789
3 0.262721 0.138186 0.040929 0.217300
3 0.768805 0.751055 0.110619 0.160338
4 0.146018 0.428270 0.075221 0.181435
4 0.330199 0.069620 0.109513 0.105485
5 0.907080 0.223629 0.077434 0.194093
5 0.114491 0.366034 0.100664 0.116034
6 0.425332 0.753165 0.067478 0.160338
6 0.289270 0.274262 0.087389 0.113924
7 0.309181 0.610759 0.082965 0.128692
7 0.422566 0.180380 0.081858 0.141350
8 0.054757 0.333333 0.032080 0.160338
8 0.304757 0.546414 0.076327 0.118143
9 0.391040 0.651899 0.089602 0.080169
9 0.344027 0.329114 0.035398 0.177215
10 0.632190 0.467300 0.085177 0.103376
10 0.235066 0.238397 0.032080 0.160338
11 0.598451 0.297468 0.084071 0.122363
11 0.955752 0.202532 0.073009 0.130802
12 0.092920 0.641350 0.066372 0.113924
12 0.072456 0.450422 0.065265 0.090717
13 0.409845 0.420886 0.054204 0.107595
13 0.041482 0.579114 0.076327 0.056962
14 0.300885 0.143460 0.070796 0.054852
14 0.241704 0.534810 0.065265 0.069620
15 0.373341 0.272152 0.045354 0.118143
15 0.281527 0.933544 0.065265 0.090717
16 0.239491 0.631857 0.043142 0.120253
16 0.298673 0.422996 0.068584 0.082278
17 0.165376 0.460970 0.034292 0.103376
17 0.356748 0.212025 0.049779 0.082278
18 0.445796 0.550633 0.050885 0.088608
18 0.232854 0.871308 0.032080 0.109705
19 0.076327 0.527426 0.048673 0.071730
19 0.320796 0.194093 0.046460 0.054852
20 0.607854 0.911392 0.051991 0.071730
20 0.354535 0.144515 0.040929 0.052743
21 0.377212 0.785865 0.033186 0.090717
21 0.285398 0.207806 0.030973 0.086498
22 0.381084 0.429325 0.058628 0.149789
22 0.194137 0.511603 0.034292 0.179325