0 0.853010 0.208092 0.101642 0.095376
0 0.561767 0.841040 0.118061 0.092486
1 0.153245 0.253613 0.082877 0.177746
1 0.148554 0.578035 0.059421 0.115607
2 0.472244 0.427746 0.046912 0.187861
2 0.143081 0.348266 0.092260 0.089595
3 0.289679 0.148844 0.085223 0.101156
3 0.884285 0.709538 0.048475 0.173410
4 0.152854 0.423410 0.071149 0.104046
4 0.850274 0.114884 0.088350 0.091040
5 0.845973 0.700867 0.053167 0.089595
5 0.094605 0.242052 0.032838 0.145954
6 0.548475 0.932081 0.061767 0.112717
6 0.536747 0.861994 0.058640 0.137283
7 0.951916 0.096098 0.064894 0.105491
7 0.946052 0.242052 0.078186 0.059249
8 0.315481 0.863439 0.066458 0.091040
8 0.838546 0.368497 0.043002 0.130058
9 0.174746 0.493497 0.063331 0.073699
9 0.789289 0.738439 0.049257 0.118497
10 0.108288 0.398121 0.066458 0.053468
10 0.186865 0.375000 0.059421 0.073699
11 0.085614 0.331647 0.046130 0.099711
11 0.836591 0.208092 0.068804 0.075145
12 0.218139 0.250723 0.028147 0.111272
12 0.594996 0.827312 0.053167 0.056358
13 0.322127 0.236994 0.054730 0.078035
13 0.825645 0.280347 0.051603 0.063584
14 0.878421 0.252168 0.053948 0.056358
14 0.222830 0.353324 0.026583 0.096821
15 0.189210 0.458815 0.045348 0.056358
15 0.320563 0.791908 0.037529 0.089595
16 0.775215 0.275289 0.047694 0.073699
16 0.744332 0.229046 0.029711 0.099711
17 0.758796 0.748555 0.043002 0.060694
17 0.071540 0.258671 0.032056 0.063584
18 0.417514 0.713150 0.031274 0.076590
18 0.025801 0.468931 0.034402 0.070809
19 0.946833 0.171965 0.028147 0.078035
19 0.211102 0.131503 0.043784 0.049133
20 0.352228 0.780347 0.033620 0.049133
20 0.809617 0.289740 0.027365 0.062139
21 0.064894 0.211705 0.034402 0.053468
21 0.624707 0.578035 0.029711 0.072254
22 0.179437 0.269509 0.071149 0.079480
23 0.918296 0.158960 0.027365 0.060694