0 0.355379 0.634253 0.238095 0.165457
0 0.629630 0.148766 0.155203 0.149492
1 0.692240 0.395501 0.220459 0.166909
1 0.134921 0.476052 0.079365 0.269956
2 0.688713 0.206096 0.192240 0.101597
2 0.798942 0.468795 0.229277 0.063861
3 0.071429 0.486212 0.075838 0.194485
3 0.763668 0.833817 0.204586 0.117562
4 0.231922 0.348331 0.153439 0.156749
4 0.692240 0.656749 0.185185 0.117562
5 0.312169 0.317852 0.190476 0.130624
5 0.748677 0.707547 0.199295 0.108853
6 0.822751 0.758345 0.164021 0.068215
6 0.303351 0.508708 0.102293 0.152395
7 0.665785 0.870102 0.125220 0.079826
7 0.617284 0.630624 0.141093 0.120464
8 0.297178 0.545718 0.164021 0.066763
8 0.185185 0.423803 0.070547 0.142235
9 0.652557 0.875181 0.067019 0.148041
9 0.612875 0.548621 0.132275 0.101597
10 0.879189 0.401306 0.171076 0.079826
10 0.282187 0.672714 0.137566 0.097242
11 0.452381 0.091437 0.167549 0.101597
11 0.303351 0.209724 0.158730 0.111756
12 0.435626 0.462264 0.130511 0.071118
12 0.385362 0.370827 0.118166 0.071118
13 0.945326 0.777939 0.088183 0.098694
13 0.843034 0.542816 0.116402 0.066763
14 0.720459 0.355588 0.072310 0.101597
14 0.604938 0.555878 0.081129 0.092888
15 0.465608 0.941219 0.088183 0.097242
15 0.171958 0.213353 0.075838 0.113208
16 0.442681 0.732946 0.112875 0.069666
16 0.241623 0.725689 0.116402 0.049347
17 0.569665 0.412192 0.102293 0.052250
17 0.595238 0.291001 0.107584 0.059507
18 0.604938 0.620464 0.081129 0.050798
18 0.716931 0.760522 0.058201 0.060958
19 0.264550 0.597242 0.088183 0.047896
19 0.855379 0.701742 0.091711 0.050798
20 0.867725 0.620464 0.077601 0.044993
20 0.444444 0.047170 0.088183 0.050798
21 0.821869 0.815675 0.067019 0.058055
21 0.829806 0.576923 0.061728 0.056604
22 0.523810 0.843251 0.119929 0.110305
22 0.806878 0.287373 0.086420 0.139332