0 0.418276 0.225040 0.170877 0.152139
0 0.174591 0.354992 0.105498 0.183835
1 0.503715 0.148970 0.133730 0.158479
1 0.852897 0.477813 0.080238 0.191759
2 0.929421 0.462758 0.084695 0.133122
2 0.152303 0.576862 0.069837 0.152139
3 0.435364 0.061014 0.145617 0.106181
3 0.495542 0.915214 0.063893 0.141046
4 0.703566 0.496038 0.063893 0.133122
4 0.896731 0.385103 0.057949 0.139461
5 0.263744 0.389065 0.105498 0.122029
5 0.833581 0.722662 0.104012 0.110935
6 0.663447 0.286054 0.063893 0.134707
6 0.700594 0.095880 0.132244 0.077655
7 0.728083 0.309826 0.071322 0.115689
7 0.574294 0.575277 0.046062 0.114105
8 0.754829 0.420761 0.077266 0.109350
8 0.579495 0.878764 0.109955 0.074485
9 0.820951 0.637084 0.057949 0.107765
9 0.751857 0.640254 0.104012 0.088748
10 0.473997 0.328843 0.112927 0.055468
10 0.735513 0.180666 0.109955 0.082409
11 0.514116 0.404913 0.089153 0.103011
11 0.625557 0.561807 0.098068 0.080824
12 0.254829 0.629160 0.063893 0.095087
12 0.354383 0.815372 0.078752 0.093502
13 0.647103 0.651347 0.093611 0.072900
13 0.377415 0.674326 0.092125 0.061807
14 0.661218 0.379556 0.086181 0.068146
14 0.574294 0.197306 0.063893 0.093502
15 0.167162 0.721870 0.075780 0.068146
15 0.355869 0.576070 0.081724 0.080824
16 0.060178 0.411252 0.084695 0.083994
16 0.405646 0.755151 0.056464 0.083994
17 0.542348 0.701268 0.068351 0.077655
17 0.338039 0.362124 0.060921 0.074485
18 0.489599 0.836767 0.069837 0.063391
18 0.539376 0.761490 0.068351 0.052298
19 0.280832 0.850238 0.059435 0.064976
19 0.401932 0.555468 0.066865 0.049128
20 0.712481 0.710777 0.060921 0.058637
20 0.508915 0.245642 0.052006 0.063391
21 0.556464 0.423138 0.054978 0.057052
21 0.081724 0.604596 0.056464 0.071315
22 0.765973 0.626783 0.072808 0.122029
23 0.511144 0.492868 0.053492 0.076070
23 0.346954 0.517433 0.049034 0.052298