0 0.709199 0.632460 0.151335 0.109170
0 0.327893 0.463610 0.252226 0.065502
1 0.688427 0.104076 0.106825 0.149927
1 0.314540 0.172489 0.151335 0.164483
2 0.751484 0.348617 0.108309 0.094614
2 0.531157 0.780204 0.094955 0.203785
3 0.795252 0.465066 0.136499 0.176128
3 0.314540 0.374818 0.133531 0.106259
4 0.530415 0.835517 0.099407 0.186317
4 0.349407 0.965793 0.215134 0.065502
5 0.637982 0.828967 0.100890 0.173217
5 0.322700 0.359534 0.105341 0.139738
6 0.916172 0.590247 0.132047 0.126638
6 0.444362 0.566958 0.102374 0.091703
7 0.708457 0.886463 0.155786 0.087336
7 0.299703 0.599709 0.157270 0.052402
8 0.795994 0.811499 0.167656 0.056769
8 0.416172 0.496361 0.123145 0.069869
9 0.842730 0.475255 0.124629 0.106259
9 0.198813 0.326783 0.154303 0.077147
10 0.221810 0.751092 0.137982 0.090247
10 0.307864 0.813683 0.078635 0.104803
11 0.445104 0.241630 0.142433 0.043668
11 0.691395 0.248180 0.154303 0.050946
12 0.898368 0.484716 0.063798 0.116448
12 0.167656 0.706696 0.130564 0.065502
13 0.491098 0.188501 0.094955 0.088792
13 0.038576 0.602620 0.047478 0.133916
14 0.181009 0.227074 0.077151 0.131004
14 0.402077 0.703057 0.053412 0.107715
15 0.597181 0.184134 0.069733 0.088792
15 0.235163 0.646288 0.063798 0.081514
16 0.109792 0.407569 0.118694 0.069869
16 0.695846 0.457787 0.071217 0.080058
17 0.258902 0.776565 0.090504 0.050946
17 0.808605 0.841339 0.065282 0.101892
18 0.545252 0.343523 0.043027 0.084425
18 0.497033 0.369723 0.059347 0.072780
19 0.937685 0.744541 0.047478 0.091703
19 0.201780 0.414119 0.044510 0.068413
20 0.376855 0.806405 0.071217 0.037846
20 0.247774 0.538574 0.062315 0.043668
21 0.634273 0.754003 0.063798 0.064047
21 0.359050 0.629549 0.044510 0.062591
22 0.773739 0.697962 0.081602 0.144105
22 0.278190 0.230713 0.072700 0.123726