0 0.466159 0.653320 0.208122 0.169922
0 0.785956 0.237305 0.184433 0.337891
1 0.834179 0.617188 0.243655 0.183594
1 0.251269 0.387695 0.204738 0.212891
2 0.690355 0.789062 0.199662 0.195312
2 0.470389 0.246094 0.138748 0.281250
3 0.197970 0.471680 0.071066 0.263672
3 0.944162 0.379883 0.104907 0.255859
4 0.093063 0.413086 0.071066 0.271484
4 0.452623 0.409180 0.072758 0.244141
5 0.701354 0.508789 0.194585 0.134766
5 0.608291 0.092773 0.208122 0.146484
6 0.379865 0.884766 0.143824 0.195312
6 0.752961 0.523438 0.118443 0.199219
7 0.818951 0.705078 0.094755 0.203125
7 0.649746 0.415039 0.179357 0.056641
8 0.642132 0.168945 0.143824 0.123047
8 0.336717 0.319336 0.098139 0.123047
9 0.358714 0.162109 0.067682 0.195312
9 0.281726 0.436523 0.160745 0.103516
10 0.653130 0.848633 0.125212 0.107422
10 0.296108 0.280273 0.064298 0.166016
11 0.520305 0.175781 0.140440 0.136719
11 0.465313 0.739258 0.165821 0.080078
12 0.837563 0.543945 0.121827 0.115234
12 0.062606 0.328125 0.077834 0.152344
13 0.898477 0.294922 0.108291 0.128906
13 0.781726 0.341797 0.081218 0.183594
14 0.892555 0.183594 0.065990 0.179688
14 0.622673 0.359375 0.128596 0.093750
15 0.805415 0.194336 0.087986 0.099609
15 0.467851 0.706055 0.059222 0.138672
16 0.604907 0.908203 0.120135 0.101562
16 0.147208 0.310547 0.050761 0.128906
17 0.553299 0.364258 0.064298 0.111328
17 0.413706 0.130859 0.062606 0.121094
18 0.410321 0.395508 0.093063 0.064453
18 0.532995 0.240234 0.084602 0.074219
19 0.561760 0.464844 0.054146 0.105469
19 0.667513 0.676758 0.076142 0.091797
20 0.289340 0.374023 0.064298 0.076172
20 0.518613 0.507812 0.062606 0.085938
21 0.714044 0.735352 0.060914 0.080078
21 0.550761 0.609375 0.065990 0.101562
22 0.680203 0.585938 0.182741 0.089844
23 0.383249 0.442383 0.059222 0.076172