0 0.374263 0.630893 0.139489 0.083127
0 0.112967 0.294665 0.051081 0.197270
1 0.373772 0.127171 0.095285 0.150124
1 0.397839 0.313896 0.090373 0.173697
2 0.623281 0.505583 0.065815 0.090571
2 0.523576 0.568238 0.080550 0.119107
3 0.362475 0.514268 0.062868 0.127792
3 0.276031 0.658809 0.045187 0.121588
4 0.230354 0.522953 0.087426 0.088089
4 0.347741 0.300248 0.104126 0.054591
5 0.247053 0.044665 0.101179 0.076923
5 0.335953 0.913772 0.049116 0.112903
6 0.399312 0.116625 0.075639 0.111663
6 0.276031 0.153226 0.090373 0.068238
7 0.032908 0.407568 0.055992 0.105459
7 0.170923 0.519851 0.051081 0.096774
8 0.271120 0.080025 0.068762 0.070720
8 0.617387 0.326923 0.077603 0.090571
9 0.562868 0.509926 0.043222 0.096774
9 0.466110 0.756824 0.055992 0.089330
10 0.218075 0.830645 0.062868 0.063275
10 0.474951 0.138958 0.067780 0.079404
11 0.358055 0.441687 0.063851 0.079404
11 0.356582 0.809553 0.058939 0.095533
12 0.403242 0.875310 0.071709 0.035980
12 0.361002 0.325062 0.057957 0.047146
13 0.452358 0.509926 0.034381 0.086849
13 0.063360 0.290943 0.034381 0.083127
14 0.158644 0.755583 0.038310 0.086849
14 0.419941 0.457196 0.032417 0.083127
15 0.305992 0.542804 0.044204 0.063275
15 0.244106 0.710298 0.040275 0.070720
16 0.289784 0.361663 0.037328 0.078164
16 0.436640 0.082506 0.042240 0.085608
17 0.435167 0.241315 0.037328 0.068238
17 0.155206 0.307692 0.043222 0.062035
18 0.126228 0.442308 0.044204 0.055831
18 0.259332 0.227047 0.035363 0.064516
19 0.216601 0.137097 0.046169 0.050868
19 0.466110 0.300248 0.036346 0.049628
20 0.428291 0.706576 0.045187 0.050868
20 0.058448 0.378412 0.036346 0.057072
21 0.081041 0.254342 0.040275 0.052109
21 0.319253 0.483871 0.029470 0.052109
22 0.240668 0.508685 0.043222 0.099256
23 0.187132 0.759926 0.044204 0.045906