0 0.368884 0.846838 0.061927 0.128458
0 0.456804 0.096838 0.089450 0.158103
1 0.118884 0.558794 0.064985 0.168972
1 0.049694 0.780632 0.097859 0.057312
2 0.686927 0.604743 0.083333 0.092885
2 0.205657 0.877964 0.056575 0.076087
3 0.126529 0.188735 0.038991 0.148221
3 0.620031 0.687253 0.035168 0.125494
4 0.436927 0.464427 0.023700 0.164032
4 0.304281 0.732708 0.100917 0.064229
5 0.581040 0.905138 0.053517 0.083004
5 0.077217 0.440217 0.058104 0.074111
6 0.694190 0.734684 0.091743 0.052372
6 0.287080 0.735178 0.068043 0.096838
7 0.318425 0.795949 0.052752 0.068182
7 0.170489 0.122530 0.088685 0.059289
8 0.684251 0.543478 0.090214 0.059289
8 0.342125 0.900198 0.040520 0.094862
9 0.772936 0.138834 0.041284 0.103755
9 0.475535 0.210968 0.071865 0.068182
10 0.577217 0.567194 0.061162 0.104743
10 0.387997 0.845356 0.066514 0.056324
11 0.811927 0.163043 0.029052 0.116601
11 0.483180 0.039526 0.067278 0.073123
12 0.683104 0.705534 0.023700 0.090909
12 0.118884 0.517292 0.066514 0.070158
13 0.365061 0.896245 0.037462 0.086957
13 0.309251 0.832510 0.057339 0.060277
14 0.633792 0.611660 0.030581 0.086957
14 0.459480 0.729743 0.025994 0.078063
15 0.125000 0.801383 0.060398 0.041502
15 0.581804 0.511858 0.045872 0.045455
16 0.592125 0.593874 0.038991 0.053360
16 0.405581 0.040020 0.029817 0.074111
17 0.474388 0.090909 0.031346 0.065217
17 0.610856 0.766304 0.047401 0.058300
18 0.971713 0.367589 0.047401 0.059289
18 0.416667 0.090415 0.055046 0.028656
19 0.311927 0.753458 0.041284 0.044466
19 0.688073 0.866601 0.029052 0.063241
20 0.160550 0.832016 0.033639 0.033597
20 0.439985 0.070158 0.031346 0.029644
21 0.453364 0.558300 0.032110 0.057312
21 0.712538 0.619565 0.041284 0.047431
22 0.382645 0.969368 0.078746 0.057312
22 0.106269 0.848320 0.061162 0.072134