0 0.939280 0.895016 0.101949 0.067869
0 0.281109 0.249205 0.037481 0.148462
1 0.392804 0.168611 0.059970 0.139979
1 0.666792 0.469777 0.095202 0.069989
2 0.548351 0.203606 0.056222 0.120891
2 0.295727 0.467656 0.084708 0.074231
3 0.299100 0.067869 0.080960 0.065748
3 0.317841 0.874337 0.074963 0.062566
4 0.619190 0.420997 0.080960 0.040297
4 0.890930 0.279427 0.080210 0.058324
5 0.168666 0.389714 0.070465 0.068929
5 0.473013 0.939555 0.050975 0.097561
6 0.513118 0.444327 0.074213 0.055143
6 0.713268 0.656946 0.071214 0.060445
7 0.425037 0.573171 0.071964 0.045599
7 0.050975 0.241251 0.052474 0.073171
8 0.722264 0.817603 0.059220 0.074231
8 0.854198 0.683457 0.060720 0.060445
9 0.139055 0.237010 0.062219 0.034995
9 0.163418 0.128314 0.053973 0.076352
10 0.130060 0.356310 0.042729 0.076352
10 0.238756 0.789502 0.032234 0.092259
11 0.708396 0.166490 0.067466 0.033934
11 0.053973 0.467126 0.067466 0.034995
12 0.410795 0.353659 0.053973 0.034995
12 0.909670 0.563097 0.023238 0.065748
13 0.785982 0.953871 0.047226 0.064687
13 0.853073 0.421527 0.052474 0.043478
14 0.078711 0.599682 0.044978 0.047720
14 0.666792 0.819194 0.045727 0.026511
15 0.108321 0.364793 0.042729 0.042418
15 0.793478 0.412513 0.026237 0.065748
16 0.160045 0.492577 0.047226 0.041357
16 0.090705 0.229586 0.029985 0.064687
17 0.032234 0.315483 0.040480 0.037116
17 0.718891 0.359491 0.025487 0.063627
18 0.646177 0.667550 0.037481 0.037116
18 0.465517 0.109756 0.035982 0.051962
19 0.860570 0.124602 0.029985 0.054083
19 0.762744 0.279427 0.039730 0.039236
20 0.751874 0.074231 0.038981 0.036055
20 0.102699 0.633616 0.029985 0.032874
21 0.821589 0.515907 0.023988 0.032874
22 0.121439 0.608165 0.031484 0.094380
23 0.840330 0.118240 0.020990 0.041357
23 0.646177 0.696713 0.019490 0.033934