0 0.584192 0.623786 0.216495 0.163430
0 0.463918 0.137540 0.264605 0.122977
1 0.678694 0.258091 0.123711 0.202265
1 0.442440 0.148058 0.238832 0.131068
2 0.225086 0.366505 0.109966 0.176375
2 0.183849 0.662621 0.209622 0.088997
3 0.555842 0.326861 0.194158 0.058252
3 0.182131 0.307443 0.065292 0.177994
4 0.817010 0.300971 0.183849 0.051780
4 0.390034 0.806634 0.185567 0.063107
5 0.486254 0.429612 0.079038 0.137540
5 0.822165 0.340615 0.115120 0.160194
6 0.536082 0.495955 0.158076 0.101942
6 0.619416 0.255663 0.163230 0.061489
7 0.769759 0.059871 0.147766 0.064725
7 0.298110 0.483010 0.142612 0.076052
8 0.817010 0.228155 0.125430 0.058252
8 0.664948 0.584951 0.103093 0.118123
9 0.440722 0.624595 0.080756 0.126214
9 0.707904 0.492718 0.134021 0.079288
10 0.400344 0.435275 0.082474 0.129450
10 0.286942 0.581715 0.144330 0.053398
11 0.089347 0.362460 0.109966 0.113269
11 0.509450 0.225728 0.128866 0.072816
12 0.741409 0.603560 0.067010 0.110032
12 0.349656 0.625405 0.111684 0.066343
13 0.554983 0.732201 0.075601 0.114887
13 0.370275 0.260518 0.132302 0.051780
14 0.846220 0.501618 0.070447 0.093851
14 0.926976 0.544498 0.056701 0.108414
15 0.647766 0.741100 0.106529 0.055016
15 0.585052 0.364078 0.087629 0.051780
16 0.552405 0.916667 0.063574 0.108414
16 0.153780 0.713592 0.073883 0.097087
17 0.802405 0.560680 0.054983 0.079288
17 0.802405 0.097896 0.096220 0.053398
18 0.353952 0.701456 0.072165 0.063107
18 0.460481 0.733010 0.085911 0.058252
19 0.938144 0.355987 0.079038 0.061489
19 0.276632 0.516181 0.061856 0.061489
20 0.600515 0.536408 0.060137 0.066343
20 0.301546 0.363269 0.056701 0.069579
21 0.500859 0.635113 0.063574 0.043689
21 0.317869 0.644822 0.065292 0.050162
22 0.512027 0.530744 0.161512 0.100324
23 0.931271 0.413430 0.072165 0.040453