0 0.422930 0.859807 0.157962 0.194751
0 0.743949 0.730663 0.170701 0.223757
1 0.605096 0.678177 0.109554 0.212707
1 0.642675 0.796271 0.082803 0.205801
2 0.921019 0.501381 0.096815 0.204420
2 0.478981 0.319061 0.078981 0.207182
3 0.585987 0.289365 0.173248 0.111878
3 0.331847 0.206492 0.070064 0.183702
4 0.732484 0.877072 0.078981 0.168508
4 0.278344 0.662293 0.067516 0.191989
5 0.376433 0.719613 0.159236 0.080110
5 0.613376 0.464779 0.136306 0.106354
6 0.568153 0.902624 0.145223 0.089779
6 0.544586 0.461326 0.108280 0.116022
7 0.668790 0.439917 0.117197 0.078729
7 0.561783 0.513122 0.122293 0.081492
8 0.790446 0.902624 0.092994 0.122928
8 0.777070 0.665055 0.122293 0.089779
9 0.680892 0.533840 0.057325 0.122928
9 0.226752 0.249309 0.068790 0.156077
10 0.798089 0.359807 0.090446 0.125691
10 0.084713 0.271409 0.095541 0.150552
11 0.573885 0.154006 0.113376 0.100829
11 0.429299 0.640193 0.129936 0.053867
12 0.493631 0.835635 0.059873 0.110497
12 0.473885 0.510359 0.091720 0.087017
13 0.860510 0.445442 0.098089 0.073204
13 0.544586 0.562155 0.092994 0.046961
14 0.801274 0.548343 0.101911 0.049724
14 0.870701 0.911602 0.049682 0.121547
15 0.917197 0.353591 0.099363 0.080110
15 0.782803 0.429558 0.067516 0.091160
16 0.726115 0.544890 0.053503 0.084254
16 0.722930 0.601519 0.087898 0.048343
17 0.685350 0.667127 0.073885 0.060773
17 0.600637 0.589779 0.052229 0.071823
18 0.573885 0.216160 0.059873 0.081492
18 0.589809 0.329420 0.068790 0.062155
19 0.264331 0.082873 0.067516 0.077348
19 0.840127 0.501381 0.067516 0.066298
20 0.329936 0.082873 0.061146 0.074586
20 0.890446 0.400552 0.053503 0.058011
21 0.513376 0.201657 0.053503 0.066298
21 0.665605 0.388812 0.049682 0.064917
22 0.717197 0.326657 0.061146 0.133978
22 0.784076 0.183702 0.154140 0.060773