0 0.461640 0.836041 0.166667 0.200886
0 0.093915 0.388479 0.119048 0.141802
1 0.656085 0.336041 0.103175 0.217134
1 0.903439 0.440916 0.111111 0.137371
2 0.317460 0.826440 0.166667 0.075332
2 0.441138 0.687592 0.083333 0.181684
3 0.456349 0.863368 0.095238 0.146233
3 0.093254 0.582718 0.083333 0.146233
4 0.191799 0.739291 0.079365 0.178730
4 0.533069 0.310192 0.124339 0.112260
5 0.225529 0.603397 0.136243 0.093058
5 0.357804 0.435007 0.070106 0.158050
6 0.808201 0.604874 0.050265 0.172821
6 0.810185 0.247415 0.149471 0.054653
7 0.324074 0.696455 0.100529 0.116691
7 0.705688 0.240768 0.059524 0.141802
8 0.480159 0.127031 0.126984 0.062038
8 0.626984 0.728213 0.082011 0.118168
9 0.555556 0.805022 0.066138 0.129985
9 0.316799 0.632939 0.107143 0.093058
10 0.685185 0.666174 0.134921 0.047267
10 0.224206 0.322747 0.064815 0.119645
11 0.175265 0.453471 0.117725 0.053176
11 0.708333 0.453471 0.059524 0.129985
12 0.630291 0.567947 0.075397 0.096012
12 0.312169 0.392910 0.068783 0.100443
13 0.511243 0.183900 0.099206 0.048744
13 0.437831 0.723781 0.071429 0.076809
14 0.524471 0.495569 0.048942 0.113737
14 0.790344 0.302068 0.041005 0.113737
15 0.582672 0.610044 0.059524 0.097489
15 0.899471 0.586411 0.044974 0.100443
16 0.644841 0.416544 0.072751 0.082718
16 0.323413 0.451256 0.059524 0.075332
17 0.409392 0.078287 0.080688 0.059084
17 0.853836 0.586411 0.064815 0.067947
18 0.658069 0.272526 0.043651 0.078287
18 0.257275 0.493353 0.062169 0.050222
19 0.484127 0.465288 0.042328 0.070901
19 0.568122 0.925406 0.059524 0.078287
20 0.242063 0.536189 0.050265 0.056130
20 0.483466 0.346381 0.054233 0.060561
21 0.529762 0.590842 0.041005 0.070901
21 0.394841 0.458641 0.038360 0.060561
22 0.421296 0.446086 0.048942 0.138848
23 0.348545 0.313146 0.064815 0.059084