0 0.808360 0.492077 0.187839 0.220070
0 0.382193 0.588908 0.221498 0.146127
1 0.125950 0.468310 0.197611 0.214789
1 0.516287 0.201585 0.187839 0.103873
2 0.902280 0.344190 0.158523 0.170775
2 0.653094 0.125880 0.070575 0.209507
3 0.265472 0.306338 0.127036 0.161972
3 0.919110 0.584507 0.135722 0.137324
4 0.742128 0.740317 0.122693 0.170775
4 0.903366 0.504401 0.169381 0.058099
5 0.426167 0.400528 0.142237 0.153169
5 0.740499 0.185739 0.132465 0.107394
6 0.261129 0.539613 0.144408 0.058099
6 0.908252 0.725352 0.133550 0.102113
7 0.299131 0.389965 0.038002 0.205986
7 0.389794 0.363556 0.086862 0.142606
8 0.831705 0.783451 0.108578 0.130282
8 0.735613 0.108275 0.118350 0.121479
9 0.596634 0.398768 0.094463 0.149648
9 0.788817 0.868838 0.118350 0.103873
10 0.804017 0.672535 0.114007 0.066901
10 0.712812 0.285211 0.061889 0.137324
11 0.720955 0.474472 0.093377 0.146127
11 0.377307 0.601232 0.061889 0.195423
12 0.444083 0.277289 0.084691 0.121479
12 0.753529 0.294014 0.084691 0.056338
13 0.340391 0.322183 0.035831 0.161972
13 0.660152 0.126761 0.043431 0.123239
14 0.793160 0.583627 0.083605 0.096831
14 0.871878 0.455986 0.102063 0.052817
15 0.571661 0.344190 0.061889 0.100352
15 0.511944 0.271127 0.077090 0.056338
16 0.476656 0.441021 0.041260 0.128521
16 0.667210 0.489437 0.077090 0.070423
17 0.374593 0.274648 0.036916 0.116197
17 0.839305 0.216549 0.065147 0.084507
18 0.806189 0.523768 0.048860 0.082746
18 0.523887 0.359155 0.044517 0.095070
19 0.741585 0.253521 0.058632 0.049296
19 0.853963 0.570423 0.046688 0.098592
20 0.435939 0.503521 0.038002 0.088028
20 0.397394 0.480634 0.043431 0.063380
21 0.824104 0.254401 0.047774 0.054577
21 0.576547 0.268486 0.047774 0.061620
22 0.757872 0.375000 0.095548 0.095070
23 0.235071 0.275528 0.055375 0.086268