0 0.158647 0.616057 0.157895 0.179650
0 0.223308 0.790143 0.151880 0.146264
1 0.918045 0.462639 0.118797 0.286169
1 0.444361 0.759936 0.124812 0.219396
2 0.458647 0.153418 0.102256 0.119237
2 0.749624 0.456280 0.251128 0.146264
3 0.329323 0.868839 0.111278 0.205087
3 0.766165 0.220986 0.184962 0.146264
4 0.806015 0.370429 0.075188 0.216216
4 0.654135 0.217806 0.117293 0.165342
5 0.587970 0.679650 0.210526 0.071542
5 0.815789 0.773450 0.127820 0.090620
6 0.559398 0.316375 0.123308 0.085851
6 0.544361 0.462639 0.183459 0.082671
7 0.518045 0.655008 0.088722 0.158983
7 0.659398 0.508744 0.061654 0.152623
8 0.642857 0.541335 0.169925 0.084261
8 0.247368 0.702703 0.097744 0.178060
9 0.220301 0.633545 0.139850 0.173291
9 0.309023 0.242448 0.112782 0.138315
10 0.710526 0.724960 0.163910 0.111288
10 0.447368 0.283784 0.100752 0.135135
11 0.532331 0.168521 0.144361 0.111288
11 0.063910 0.733704 0.064662 0.179650
12 0.866165 0.702703 0.129323 0.079491
12 0.879699 0.497615 0.087218 0.101749
13 0.745113 0.618442 0.055639 0.143084
13 0.487970 0.302067 0.094737 0.104928
14 0.605263 0.821145 0.091729 0.128776
14 0.487218 0.429253 0.093233 0.133545
15 0.393985 0.423688 0.105263 0.093800
15 0.415038 0.649444 0.087218 0.081081
16 0.637594 0.412560 0.108271 0.052464
16 0.720301 0.284579 0.072180 0.117647
17 0.221805 0.480127 0.055639 0.101749
17 0.328571 0.647059 0.064662 0.101749
18 0.764662 0.732909 0.085714 0.057234
18 0.787218 0.617647 0.043609 0.087440
19 0.873684 0.579491 0.072180 0.081081
19 0.707519 0.496025 0.043609 0.085851
20 0.401504 0.575517 0.042105 0.066773
20 0.903759 0.619237 0.063158 0.055644
21 0.568421 0.603339 0.066165 0.074722
21 0.303759 0.390302 0.066165 0.096979
22 0.581203 0.083466 0.148872 0.112878
22 0.591729 0.234499 0.139850 0.081081