0 0.502131 0.203422 0.149148 0.102662
0 0.656960 0.189163 0.120739 0.260456
1 0.907670 0.614068 0.147727 0.228137
1 0.233665 0.569392 0.177557 0.332700
2 0.262074 0.697719 0.171875 0.235741
2 0.750000 0.303232 0.147727 0.230038
3 0.876420 0.423954 0.142045 0.193916
3 0.858665 0.581749 0.174716 0.136882
4 0.752841 0.711977 0.176136 0.161597
4 0.594460 0.653042 0.123580 0.233840
5 0.404830 0.793726 0.164773 0.138783
5 0.675426 0.194867 0.174716 0.093156
6 0.466619 0.657795 0.166193 0.053232
6 0.914062 0.509506 0.106534 0.171103
7 0.248580 0.202471 0.062500 0.199620
7 0.632102 0.510456 0.093750 0.123574
8 0.303267 0.638783 0.126420 0.163498
8 0.655540 0.264259 0.089489 0.136882
9 0.792614 0.269011 0.065341 0.127376
9 0.485085 0.863118 0.049716 0.201521
10 0.352983 0.417300 0.149148 0.108365
10 0.355114 0.405894 0.085227 0.138783
11 0.393466 0.307034 0.130682 0.119772
11 0.671165 0.316540 0.092330 0.153992
12 0.132102 0.345057 0.116477 0.070342
12 0.479403 0.561787 0.095170 0.134981
13 0.556818 0.454373 0.048295 0.152091
13 0.193892 0.428707 0.115057 0.055133
14 0.607244 0.744297 0.075284 0.142586
14 0.700284 0.463878 0.068182 0.087452
15 0.137784 0.181559 0.073864 0.108365
15 0.477983 0.817490 0.115057 0.049430
16 0.125710 0.282319 0.075284 0.077947
16 0.387784 0.461977 0.039773 0.133080
17 0.639915 0.423004 0.063920 0.077947
17 0.443892 0.907795 0.061080 0.112167
18 0.654830 0.547529 0.071023 0.064639
18 0.758523 0.449620 0.053977 0.096958
19 0.229403 0.382129 0.069602 0.053232
19 0.716619 0.600760 0.049716 0.098859
20 0.550426 0.728137 0.066761 0.064639
20 0.513494 0.721483 0.044034 0.077947
21 0.426847 0.115019 0.049716 0.074144
21 0.747159 0.516160 0.068182 0.043726
22 0.154119 0.528517 0.154830 0.068441
23 0.375710 0.163498 0.049716 0.091255