0 0.744991 0.286039 0.229508 0.122914
0 0.208561 0.579666 0.205829 0.115326
1 0.708561 0.637329 0.156648 0.163885
1 0.658470 0.902124 0.180328 0.180577
2 0.923497 0.512898 0.069217 0.176024
2 0.413479 0.708649 0.116576 0.100152
3 0.516393 0.250379 0.180328 0.103187
3 0.494536 0.862671 0.151184 0.128983
4 0.602004 0.452959 0.176685 0.047041
4 0.681239 0.380121 0.123862 0.144158
5 0.812386 0.842944 0.163934 0.080425
5 0.565574 0.117602 0.114754 0.144158
6 0.627505 0.527314 0.162113 0.047041
6 0.479053 0.867223 0.163934 0.101669
7 0.275046 0.243551 0.138434 0.083460
7 0.735883 0.708649 0.131148 0.081942
8 0.756831 0.415781 0.056466 0.115326
8 0.306011 0.374052 0.127505 0.077390
9 0.808743 0.421093 0.083789 0.113809
9 0.111111 0.498483 0.149362 0.044006
10 0.894353 0.687405 0.131148 0.088012
10 0.306922 0.314871 0.132969 0.077390
11 0.435337 0.213961 0.134791 0.078907
11 0.459927 0.613050 0.132969 0.066768
12 0.602004 0.481791 0.107468 0.053111
12 0.817851 0.774659 0.102004 0.074355
13 0.326047 0.276935 0.094718 0.086495
13 0.351548 0.731411 0.134791 0.060698
14 0.695811 0.585736 0.083789 0.084977
14 0.684882 0.628983 0.109290 0.044006
15 0.444444 0.487860 0.087432 0.083460
15 0.472678 0.785281 0.056466 0.086495
16 0.531876 0.628983 0.102004 0.044006
16 0.608379 0.811077 0.076503 0.089530
17 0.494536 0.309560 0.081967 0.063733
17 0.241348 0.660850 0.078324 0.068285
18 0.595628 0.408194 0.065574 0.066768
18 0.726776 0.766313 0.061931 0.069803
19 0.625683 0.592564 0.071038 0.056146
19 0.806922 0.600910 0.083789 0.042489
20 0.354281 0.451442 0.060109 0.050076
20 0.781421 0.648710 0.054645 0.044006
21 0.359745 0.327769 0.074681 0.039454
21 0.190346 0.426404 0.060109 0.066768
22 0.394353 0.540212 0.125683 0.103187
23 0.326047 0.575873 0.061931 0.065250