0 0.224315 0.165198 0.085616 0.140969
0 0.474743 0.449339 0.142979 0.158590
1 0.380565 0.316079 0.069349 0.191630
1 0.589469 0.555066 0.077911 0.198238
2 0.606164 0.333700 0.118151 0.143172
2 0.146832 0.292952 0.071062 0.242291
3 0.704623 0.506608 0.118151 0.123348
3 0.502997 0.463656 0.086473 0.116740
4 0.150257 0.117841 0.100171 0.151982
4 0.095034 0.291850 0.030822 0.319383
5 0.723459 0.332599 0.054795 0.114537
5 0.499144 0.103524 0.083904 0.193833
6 0.571062 0.488987 0.065068 0.215859
6 0.058219 0.832599 0.095890 0.202643
7 0.618151 0.194934 0.037671 0.204846
7 0.547089 0.135463 0.071918 0.178414
8 0.711045 0.621145 0.050514 0.189427
8 0.185360 0.270925 0.079623 0.101322
9 0.315497 0.324890 0.067637 0.112335
9 0.162243 0.169604 0.064212 0.193833
10 0.433219 0.242291 0.053082 0.198238
10 0.629709 0.538546 0.035103 0.213656
11 0.567209 0.125551 0.071062 0.171806
11 0.416524 0.340308 0.071062 0.143172
12 0.596318 0.639868 0.057363 0.129956
12 0.118579 0.273128 0.023116 0.193833
13 0.502568 0.250000 0.066781 0.072687
13 0.678510 0.600220 0.050514 0.147577
14 0.694349 0.346916 0.029110 0.178414
14 0.134418 0.458150 0.032534 0.162996
15 0.183647 0.878855 0.031678 0.162996
15 0.637842 0.494493 0.054795 0.068282
16 0.535531 0.349119 0.033390 0.147577
16 0.395976 0.181718 0.050514 0.121145
17 0.734161 0.420705 0.050514 0.079295
17 0.667380 0.309471 0.035103 0.129956
18 0.425086 0.374449 0.033390 0.092511
18 0.467466 0.203744 0.047945 0.059471
19 0.194777 0.057269 0.035103 0.101322
19 0.473459 0.321586 0.047945 0.066079
20 0.584332 0.448238 0.033390 0.055066
20 0.427654 0.165198 0.031678 0.088106
21 0.568065 0.401982 0.021404 0.103524
21 0.463613 0.350220 0.038527 0.057269
22 0.335188 0.497797 0.029966 0.264317
23 0.447774 0.451542 0.035959 0.083700