0 0.781807 0.206731 0.092875 0.226648
0 0.146947 0.570055 0.110687 0.129121
1 0.513995 0.771291 0.139949 0.114011
1 0.108142 0.668956 0.203562 0.076923
2 0.394402 0.286401 0.142494 0.078297
2 0.564885 0.493132 0.109415 0.184066
3 0.270992 0.790522 0.089059 0.171703
3 0.579517 0.649038 0.092875 0.094780
4 0.489186 0.296703 0.100509 0.129121
4 0.386132 0.561813 0.054707 0.140110
5 0.556616 0.350962 0.067430 0.144231
5 0.274809 0.861951 0.104326 0.152473
6 0.909669 0.082418 0.076336 0.134615
6 0.697201 0.273352 0.099237 0.120879
7 0.707379 0.504121 0.099237 0.137363
7 0.781170 0.324863 0.127226 0.070055
8 0.448473 0.625687 0.113232 0.092033
8 0.319975 0.673764 0.052163 0.135989
9 0.851781 0.135302 0.069975 0.135989
9 0.405852 0.399725 0.122137 0.052198
10 0.372774 0.854396 0.066158 0.120879
10 0.962468 0.199863 0.059796 0.105769
11 0.255725 0.932692 0.096692 0.115385
11 0.441476 0.854396 0.071247 0.065934
12 0.542621 0.717720 0.095420 0.064560
12 0.729644 0.399725 0.110687 0.063187
13 0.326972 0.580357 0.089059 0.064560
13 0.593511 0.439560 0.103053 0.052198
14 0.501908 0.483516 0.090331 0.052198
14 0.489822 0.671703 0.073791 0.071429
15 0.423028 0.936813 0.085242 0.063187
15 0.435115 0.787088 0.055980 0.079670
16 0.916667 0.214286 0.067430 0.079670
16 0.569338 0.629121 0.036896 0.104396
17 0.076972 0.724588 0.041985 0.086538
17 0.389313 0.676511 0.066158 0.067308
18 0.659669 0.453984 0.072519 0.039835
18 0.617048 0.532280 0.061069 0.053571
19 0.319975 0.829670 0.034351 0.079670
19 0.638041 0.396978 0.064885 0.041209
20 0.361323 0.764423 0.040712 0.064560
20 0.515903 0.730082 0.049618 0.056319
21 0.251272 0.861951 0.054707 0.056319
21 0.524809 0.542582 0.039440 0.074176
22 0.594784 0.521978 0.062341 0.101648
23 0.353053 0.695055 0.044529 0.052198