0 0.649874 0.464655 0.188917 0.153448
0 0.189547 0.237931 0.217884 0.131034
1 0.848866 0.706897 0.206549 0.096552
1 0.170025 0.393103 0.206549 0.248276
2 0.642317 0.198276 0.168766 0.096552
2 0.241814 0.374138 0.093199 0.220690
3 0.182620 0.850000 0.125945 0.206897
3 0.103275 0.615517 0.120907 0.144828
4 0.238665 0.748276 0.061713 0.224138
4 0.476071 0.140517 0.060453 0.208621
5 0.645466 0.150000 0.104534 0.148276
5 0.549748 0.176724 0.044081 0.218966
6 0.676952 0.334483 0.066751 0.155172
6 0.545970 0.616379 0.117128 0.143103
7 0.375315 0.641379 0.113350 0.113793
7 0.276448 0.831897 0.054156 0.170690
8 0.300378 0.091379 0.079345 0.165517
8 0.236776 0.191379 0.060453 0.151724
9 0.397355 0.293966 0.079345 0.108621
9 0.321159 0.731897 0.080605 0.150000
10 0.600756 0.303448 0.073048 0.144828
10 0.694584 0.495690 0.102015 0.108621
11 0.508186 0.824138 0.089421 0.148276
11 0.547229 0.185345 0.084383 0.156897
12 0.303526 0.287069 0.090680 0.074138
12 0.428841 0.686207 0.039043 0.134483
13 0.404282 0.812931 0.093199 0.070690
13 0.190176 0.457759 0.050378 0.125862
14 0.511965 0.448276 0.069270 0.106897
14 0.323678 0.445690 0.042821 0.129310
15 0.420025 0.132759 0.064232 0.096552
15 0.503778 0.654310 0.075567 0.077586
16 0.359572 0.594828 0.076826 0.082759
16 0.379093 0.376724 0.042821 0.122414
17 0.433249 0.582759 0.052897 0.100000
17 0.520781 0.531897 0.071788 0.053448
18 0.486146 0.362069 0.060453 0.082759
18 0.559194 0.702586 0.040302 0.087931
19 0.564232 0.501724 0.037783 0.086207
19 0.308564 0.796552 0.060453 0.055172
20 0.325567 0.370690 0.054156 0.058621
20 0.670655 0.666379 0.041562 0.074138
21 0.305416 0.631034 0.056675 0.068966
21 0.226071 0.737069 0.064232 0.063793
22 0.110831 0.393966 0.118388 0.074138
22 0.620277 0.519828 0.074307 0.167241