0 0.821248 0.378488 0.124789 0.236047
0 0.790894 0.823256 0.229342 0.195349
1 0.786678 0.541860 0.251265 0.183721
1 0.448567 0.831977 0.131535 0.180233
2 0.092749 0.242442 0.084317 0.208140
2 0.174536 0.310465 0.123103 0.120930
3 0.252108 0.356395 0.079258 0.145349
3 0.403879 0.874419 0.231029 0.072093
4 0.840641 0.825581 0.224283 0.116279
4 0.377740 0.677907 0.148398 0.169767
5 0.696459 0.284302 0.145025 0.110465
5 0.189713 0.483721 0.187184 0.102326
6 0.935076 0.723256 0.086003 0.144186
6 0.547218 0.622093 0.244519 0.081395
7 0.347386 0.140698 0.198988 0.055814
7 0.422428 0.071512 0.173693 0.080233
8 0.408938 0.183721 0.197302 0.051163
8 0.559022 0.864535 0.116358 0.103488
9 0.473862 0.710465 0.168634 0.065116
9 0.325464 0.398256 0.070826 0.143023
10 0.602024 0.159884 0.141653 0.124419
10 0.831366 0.648837 0.057336 0.137209
11 0.693929 0.785465 0.075885 0.138372
11 0.322934 0.650581 0.163575 0.066279
12 0.092749 0.404070 0.107926 0.063953
12 0.337268 0.541860 0.070826 0.109302
13 0.744519 0.668023 0.096121 0.110465
13 0.839798 0.467442 0.168634 0.055814
14 0.086003 0.443023 0.134907 0.062791
14 0.282462 0.504070 0.139966 0.073256
15 0.672007 0.484884 0.119730 0.055814
15 0.602867 0.944186 0.106239 0.079070
16 0.330523 0.097093 0.074199 0.096512
16 0.327150 0.623837 0.114671 0.068605
17 0.473019 0.388372 0.082631 0.076744
17 0.419056 0.318605 0.079258 0.062791
18 0.538786 0.486047 0.102867 0.053488
18 0.256324 0.553488 0.097808 0.041860
19 0.504216 0.347674 0.084317 0.048837
19 0.215008 0.549419 0.055649 0.070930
20 0.240304 0.595349 0.045531 0.046512
20 0.248735 0.716860 0.069140 0.036047
21 0.709949 0.535465 0.077572 0.033721
21 0.617201 0.583721 0.043845 0.065116
22 0.341484 0.552326 0.156830 0.113953
22 0.341484 0.673256 0.086003 0.120930