0 0.380484 0.565615 0.110439 0.137874
0 0.549924 0.776578 0.113464 0.157807
1 0.172466 0.212625 0.139183 0.229236
1 0.869894 0.911960 0.157337 0.136213
2 0.227685 0.090532 0.125567 0.157807
2 0.756430 0.469269 0.193646 0.098007
3 0.942511 0.651163 0.078669 0.209302
3 0.857035 0.583887 0.149773 0.141196
4 0.539334 0.223422 0.143722 0.101329
4 0.400151 0.269934 0.068079 0.187708
5 0.583207 0.691030 0.125567 0.169435
5 0.563540 0.473422 0.161876 0.079734
6 0.473525 0.460133 0.057489 0.172757
6 0.493949 0.960963 0.158850 0.068106
7 0.685325 0.691030 0.072617 0.156146
7 0.437973 0.120432 0.140696 0.114618
8 0.742057 0.701827 0.046899 0.157807
8 0.090015 0.348837 0.140696 0.086379
9 0.714070 0.526578 0.124054 0.099668
9 0.637670 0.514120 0.083207 0.141196
10 0.512859 0.586379 0.142209 0.066445
10 0.546899 0.832226 0.065053 0.136213
11 0.863843 0.605482 0.075643 0.157807
11 0.150530 0.377907 0.146747 0.061462
12 0.240545 0.493355 0.060514 0.122924
12 0.596067 0.680233 0.111952 0.098007
13 0.148260 0.495847 0.102874 0.088040
13 0.279879 0.384551 0.111952 0.064784
14 0.301815 0.552326 0.074130 0.114618
14 0.198941 0.586379 0.074130 0.122924
15 0.468986 0.301495 0.087746 0.068106
15 0.910741 0.774086 0.051437 0.112957
16 0.676248 0.401993 0.096823 0.079734
16 0.817700 0.609635 0.068079 0.066445
17 0.407716 0.147010 0.083207 0.064784
17 0.481846 0.647841 0.049924 0.089701
18 0.646747 0.661960 0.065053 0.068106
18 0.489410 0.348007 0.074130 0.051495
19 0.923601 0.511628 0.074130 0.073090
19 0.790469 0.707641 0.074130 0.073090
20 0.813162 0.483389 0.046899 0.063123
20 0.850983 0.509967 0.043873 0.066445
21 0.505295 0.383721 0.063540 0.046512
21 0.552950 0.433555 0.068079 0.046512
22 0.829047 0.348007 0.139183 0.104651
22 0.886536 0.411130 0.151286 0.061462