0 0.394161 0.957831 0.259854 0.047097
0 0.889781 0.597481 0.217518 0.088719
1 0.478832 0.278751 0.160584 0.132530
1 0.516058 0.648412 0.129927 0.146769
2 0.583212 0.946878 0.164964 0.082147
2 0.616788 0.760131 0.132847 0.087623
3 0.824088 0.404710 0.077372 0.139102
3 0.737956 0.830230 0.115328 0.098576
4 0.567883 0.367470 0.090511 0.086528
4 0.508759 0.688390 0.127007 0.108434
5 0.513869 0.823658 0.151825 0.041621
5 0.392701 0.519168 0.049635 0.127054
6 0.913869 0.488499 0.113869 0.085433
6 0.916058 0.469332 0.068613 0.134721
7 0.173723 0.973165 0.143066 0.031763
7 0.139416 0.912924 0.042336 0.099671
8 0.440146 0.665936 0.074453 0.094195
8 0.822628 0.470427 0.138686 0.038335
9 0.284672 0.926616 0.119708 0.056955
9 0.136496 0.107886 0.086131 0.097481
10 0.208759 0.913472 0.064234 0.089814
10 0.600000 0.840635 0.058394 0.095290
11 0.233577 0.134721 0.072993 0.105148
11 0.285401 0.083790 0.051095 0.115005
12 0.497810 0.757393 0.052555 0.079956
12 0.609489 0.424973 0.048175 0.076670
13 0.910219 0.584885 0.109489 0.030668
13 0.767153 0.600219 0.109489 0.032859
14 0.721168 0.400876 0.078832 0.072289
14 0.644526 0.793538 0.074453 0.066813
15 0.321898 0.759584 0.094891 0.033954
15 0.595620 0.369660 0.090511 0.027382
16 0.570803 0.905257 0.090511 0.031763
16 0.443796 0.491238 0.052555 0.064622
17 0.460584 0.562979 0.068613 0.048193
17 0.835036 0.440854 0.067153 0.055860
18 0.804380 0.502191 0.075912 0.036145
18 0.377372 0.924973 0.077372 0.033954
19 0.935036 0.558598 0.071533 0.046002
19 0.502190 0.872946 0.067153 0.046002
20 0.853285 0.646221 0.065693 0.039430
20 0.470803 0.219058 0.048175 0.043812
21 0.581752 0.761227 0.056934 0.032859
21 0.869343 0.556407 0.065693 0.028478
22 0.200000 0.042716 0.116788 0.072289
22 0.610949 0.851041 0.135766 0.043812