0 0.792490 0.268078 0.284585 0.158730
0 0.241107 0.385362 0.122530 0.234568
1 0.235178 0.527337 0.197628 0.250441
1 0.387352 0.107584 0.217391 0.141093
2 0.447628 0.862434 0.219368 0.091711
2 0.623518 0.337743 0.231225 0.139330
3 0.139328 0.369489 0.100791 0.199295
3 0.639328 0.224868 0.156126 0.206349
4 0.873518 0.782187 0.138340 0.192240
4 0.199605 0.639330 0.193676 0.146384
5 0.416996 0.171076 0.205534 0.102293
5 0.875494 0.568783 0.221344 0.118166
6 0.748024 0.796296 0.084980 0.171076
6 0.378458 0.849206 0.160079 0.146384
7 0.694664 0.494709 0.156126 0.121693
7 0.264822 0.851852 0.122530 0.162257
8 0.589921 0.807760 0.164032 0.088183
8 0.268775 0.664903 0.158103 0.116402
9 0.691700 0.752205 0.098814 0.153439
9 0.605731 0.500000 0.156126 0.125220
10 0.474308 0.558201 0.086957 0.142857
10 0.394269 0.585538 0.081028 0.151675
11 0.669960 0.635802 0.134387 0.125220
11 0.423913 0.265432 0.148221 0.100529
12 0.942688 0.436508 0.063241 0.132275
12 0.664032 0.570547 0.122530 0.082892
13 0.174901 0.521164 0.081028 0.128748
13 0.897233 0.574074 0.086957 0.132275
14 0.317194 0.716931 0.053360 0.128748
14 0.555336 0.409171 0.106719 0.112875
15 0.593874 0.455026 0.108696 0.081129
15 0.713439 0.920635 0.130435 0.059965
16 0.823123 0.682540 0.088933 0.105820
16 0.855731 0.218695 0.059289 0.119929
17 0.592885 0.390653 0.106719 0.065256
17 0.815217 0.490300 0.112648 0.056437
18 0.362648 0.444444 0.088933 0.074074
18 0.749012 0.635802 0.063241 0.089947
19 0.099802 0.505291 0.088933 0.079365
19 0.281621 0.357143 0.061265 0.100529
20 0.407115 0.772487 0.059289 0.074074
20 0.335968 0.507055 0.079051 0.058201
21 0.365613 0.361552 0.075099 0.070547
21 0.261858 0.599647 0.077075 0.067019
22 0.770751 0.224868 0.130435 0.111111
22 0.639328 0.189594 0.152174 0.156966