0 0.731884 0.505963 0.188406 0.231687
0 0.431884 0.345826 0.115942 0.252129
1 0.838406 0.633731 0.102899 0.306644
1 0.512319 0.761499 0.094203 0.231687
2 0.602899 0.580920 0.133333 0.204429
2 0.742029 0.637138 0.098551 0.129472
3 0.237681 0.334753 0.049275 0.226576
3 0.555072 0.660988 0.072464 0.231687
4 0.434783 0.651618 0.052174 0.206133
4 0.365942 0.662692 0.085507 0.201022
5 0.749275 0.784497 0.081159 0.141397
5 0.941304 0.580920 0.068116 0.207836
6 0.525362 0.732538 0.044928 0.197615
6 0.321014 0.670358 0.050725 0.165247
7 0.268116 0.118399 0.072464 0.178876
7 0.683333 0.879046 0.140580 0.088586
8 0.583333 0.813458 0.091304 0.131175
8 0.297826 0.516184 0.053623 0.149915
9 0.276087 0.711244 0.097101 0.120954
9 0.700000 0.479557 0.084058 0.127768
10 0.059420 0.649063 0.046377 0.170358
10 0.605797 0.908859 0.133333 0.117547
11 0.129710 0.457411 0.108696 0.127768
11 0.381884 0.689097 0.088406 0.134583
12 0.144928 0.727428 0.081159 0.109029
12 0.792029 0.385009 0.071014 0.132879
13 0.161594 0.543441 0.108696 0.054514
13 0.169565 0.641397 0.110145 0.080068
14 0.657246 0.713799 0.047826 0.136286
14 0.326812 0.716354 0.059420 0.110733
15 0.510145 0.404600 0.060870 0.080068
15 0.287681 0.340716 0.044928 0.102215
16 0.602899 0.641397 0.046377 0.107325
16 0.650725 0.408007 0.104348 0.063032
17 0.169565 0.427598 0.046377 0.098807
17 0.560870 0.580068 0.075362 0.052811
18 0.229710 0.781942 0.079710 0.054514
18 0.678986 0.624361 0.062319 0.042589
19 0.584783 0.451448 0.050725 0.088586
19 0.635507 0.683986 0.039130 0.080068
20 0.265942 0.448893 0.047826 0.063032
20 0.324638 0.365417 0.057971 0.045997
21 0.306522 0.591141 0.050725 0.051107
21 0.347101 0.391823 0.036232 0.074957
22 0.209420 0.459966 0.065217 0.170358
23 0.181159 0.302385 0.057971 0.045997