0 0.446360 0.566723 0.214559 0.170608
0 0.799808 0.775338 0.120690 0.216216
1 0.275862 0.585304 0.164751 0.173986
1 0.235632 0.560811 0.203065 0.131757
2 0.516284 0.149493 0.147510 0.207770
2 0.867816 0.652027 0.072797 0.202703
3 0.492337 0.636824 0.091954 0.189189
3 0.308429 0.187500 0.183908 0.172297
4 0.327586 0.475507 0.160920 0.153716
4 0.324713 0.176520 0.086207 0.187500
5 0.449234 0.211993 0.082375 0.177365
5 0.425287 0.513514 0.068966 0.189189
6 0.230843 0.226351 0.193487 0.081081
6 0.136015 0.172297 0.183908 0.114865
7 0.150383 0.653716 0.128352 0.138514
7 0.604406 0.740709 0.170498 0.089527
8 0.724138 0.812500 0.134100 0.114865
8 0.929119 0.636824 0.080460 0.148649
9 0.643678 0.423986 0.145594 0.111486
9 0.725096 0.433277 0.105364 0.143581
10 0.556513 0.359797 0.082375 0.131757
10 0.508621 0.755068 0.159004 0.067568
11 0.640805 0.286318 0.120690 0.130068
11 0.479885 0.879223 0.143678 0.119932
12 0.330460 0.367399 0.097701 0.106419
12 0.500000 0.799831 0.137931 0.052365
13 0.506705 0.367399 0.074713 0.103041
13 0.377395 0.375845 0.065134 0.103041
14 0.761494 0.470439 0.059387 0.113176
14 0.108238 0.290541 0.101533 0.111486
15 0.607280 0.260980 0.088123 0.092905
15 0.636973 0.744932 0.078544 0.094595
16 0.799808 0.525338 0.093870 0.087838
16 0.454023 0.378378 0.095785 0.081081
17 0.385057 0.295608 0.091954 0.067568
17 0.168582 0.842905 0.084291 0.091216
18 0.505747 0.456926 0.072797 0.079392
18 0.196360 0.460304 0.074713 0.089527
19 0.547893 0.122466 0.084291 0.052365
19 0.608238 0.141892 0.074713 0.081081
20 0.727011 0.637669 0.082375 0.065878
20 0.521073 0.050676 0.065134 0.064189
21 0.511494 0.220439 0.065134 0.076014
21 0.199234 0.394426 0.072797 0.065878
22 0.630268 0.522804 0.099617 0.146959
23 0.733716 0.516892 0.045977 0.067568