0 0.131338 0.360511 0.094763 0.078585
0 0.881546 0.722495 0.130507 0.146365
1 0.735245 0.108055 0.085619 0.163065
1 0.285536 0.839882 0.128845 0.121807
2 0.091022 0.859528 0.082294 0.102161
2 0.375727 0.477898 0.066500 0.152259
3 0.401912 0.466110 0.105569 0.073674
3 0.359933 0.636051 0.039900 0.126719
4 0.561513 0.280943 0.097257 0.098232
4 0.295927 0.615422 0.058188 0.116896
5 0.064838 0.822692 0.096426 0.075639
5 0.317539 0.639980 0.064838 0.103143
6 0.145470 0.931238 0.063175 0.110020
6 0.253533 0.639489 0.046550 0.117878
7 0.256858 0.338409 0.088113 0.075639
7 0.156692 0.880157 0.087282 0.056974
8 0.358271 0.511297 0.083126 0.048134
8 0.319202 0.506876 0.043225 0.111984
9 0.455528 0.586444 0.048213 0.100196
9 0.598919 0.718566 0.090607 0.036346
10 0.390690 0.651768 0.046550 0.091356
10 0.245636 0.738212 0.049044 0.101179
11 0.370324 0.405697 0.075644 0.076621
11 0.312552 0.619352 0.046550 0.091356
12 0.416043 0.632122 0.045719 0.083497
12 0.310889 0.727407 0.041563 0.077603
13 0.268495 0.724951 0.049875 0.064833
13 0.856608 0.759332 0.064007 0.070727
14 0.869909 0.228389 0.032419 0.083497
14 0.044888 0.912574 0.038238 0.080550
15 0.788030 0.812377 0.034913 0.074656
15 0.769742 0.321709 0.056525 0.059921
16 0.790108 0.037328 0.044057 0.062868
16 0.608894 0.658644 0.045719 0.067780
17 0.792602 0.088900 0.049044 0.042240
17 0.634248 0.649312 0.033250 0.064833
18 0.659601 0.321709 0.030756 0.052063
18 0.813383 0.028978 0.042394 0.044204
19 0.435578 0.529470 0.028263 0.058939
19 0.623441 0.472986 0.044888 0.052063
20 0.766002 0.106582 0.025769 0.042240
20 0.849958 0.437623 0.035744 0.036346
21 0.733167 0.573674 0.036575 0.049116
21 0.118038 0.927308 0.043225 0.047151
22 0.588113 0.340373 0.085619 0.073674
22 0.090191 0.897348 0.064007 0.089391