0 0.547653 0.404839 0.176387 0.232258
0 0.599573 0.622581 0.177809 0.216129
1 0.438834 0.292742 0.112376 0.217742
1 0.335704 0.173387 0.170697 0.150000
2 0.357041 0.429032 0.170697 0.112903
2 0.271693 0.145161 0.093883 0.196774
3 0.418919 0.779032 0.169275 0.070968
3 0.726885 0.643548 0.173542 0.070968
4 0.849218 0.444355 0.105263 0.182258
4 0.214794 0.540323 0.128023 0.148387
5 0.228307 0.831452 0.083926 0.124194
5 0.198435 0.453226 0.103841 0.167742
6 0.606686 0.400806 0.083926 0.162903
6 0.314367 0.435484 0.073969 0.158065
7 0.556899 0.479032 0.120910 0.093548
7 0.197013 0.457258 0.089616 0.095161
8 0.547653 0.654839 0.071124 0.129032
8 0.526316 0.833065 0.096728 0.124194
9 0.652916 0.367742 0.059744 0.151613
9 0.381935 0.661290 0.046942 0.141935
10 0.529872 0.282258 0.078236 0.141935
10 0.243243 0.833065 0.130868 0.072581
11 0.548364 0.246774 0.112376 0.119355
11 0.145092 0.569355 0.119488 0.064516
12 0.426743 0.511290 0.088193 0.090323
12 0.429587 0.718548 0.091038 0.101613
13 0.885491 0.604839 0.098151 0.080645
13 0.351351 0.805645 0.065434 0.114516
14 0.591750 0.734677 0.113798 0.043548
14 0.285206 0.726613 0.092461 0.059677
15 0.082504 0.501613 0.088193 0.067742
15 0.110953 0.611290 0.093883 0.054839
16 0.402560 0.891129 0.076814 0.075806
16 0.258890 0.547581 0.085349 0.066129
17 0.224040 0.339516 0.081081 0.046774
17 0.372688 0.379839 0.036984 0.085484
18 0.508535 0.714516 0.035562 0.080645
18 0.283784 0.712903 0.044097 0.083871
19 0.344950 0.682258 0.046942 0.077419
19 0.460171 0.847581 0.058321 0.050000
20 0.194879 0.633065 0.034139 0.062903
20 0.332148 0.491129 0.061166 0.037097
21 0.440256 0.760484 0.061166 0.037097
21 0.421764 0.819355 0.044097 0.058065
22 0.441679 0.945968 0.135135 0.079032
22 0.359886 0.920968 0.071124 0.100000