0 0.585185 0.364842 0.094815 0.142620
0 0.412593 0.497512 0.232593 0.056385
1 0.488889 0.766169 0.180741 0.169154
1 0.214815 0.787728 0.160000 0.185738
2 0.874815 0.736318 0.146667 0.122720
2 0.665185 0.641791 0.121481 0.189055
3 0.345926 0.104478 0.108148 0.159204
3 0.499259 0.612769 0.160000 0.104478
4 0.725185 0.663350 0.149630 0.132670
4 0.202963 0.282753 0.130370 0.140962
5 0.863704 0.524046 0.136296 0.135987
5 0.766667 0.318408 0.152593 0.076285
6 0.507407 0.592040 0.125926 0.122720
6 0.315556 0.480100 0.151111 0.067993
7 0.805185 0.762023 0.102222 0.140962
7 0.345185 0.613599 0.065185 0.145937
8 0.703704 0.387231 0.127407 0.104478
8 0.088889 0.676617 0.053333 0.139303
9 0.310370 0.773632 0.117037 0.107794
9 0.688889 0.521559 0.077037 0.124378
10 0.585185 0.823383 0.127407 0.067993
10 0.210370 0.395522 0.094815 0.134328
11 0.355556 0.593698 0.136296 0.049751
11 0.660741 0.475954 0.100741 0.112769
12 0.748148 0.553897 0.100741 0.076285
12 0.172593 0.671642 0.069630 0.112769
13 0.227407 0.755390 0.072593 0.104478
13 0.865926 0.345771 0.099259 0.084577
14 0.726667 0.762023 0.102222 0.064677
14 0.564444 0.768657 0.100741 0.061360
15 0.408148 0.694859 0.078519 0.082919
15 0.879259 0.840796 0.087407 0.076285
16 0.125926 0.282753 0.091852 0.067993
16 0.577778 0.464345 0.085926 0.066335
17 0.600000 0.670813 0.044444 0.101161
17 0.106667 0.376451 0.085926 0.072968
18 0.133333 0.592040 0.068148 0.069652
18 0.498519 0.534826 0.072593 0.044776
19 0.853333 0.415423 0.047407 0.087894
19 0.898519 0.397181 0.057778 0.074627
20 0.592593 0.492537 0.047407 0.056385
20 0.483704 0.894693 0.048889 0.067993
21 0.771111 0.411277 0.066667 0.072968
21 0.520741 0.893035 0.048889 0.074627
22 0.482222 0.460199 0.134815 0.067993
23 0.652593 0.328358 0.048889 0.086235