0 0.545045 0.089091 0.275676 0.120000
0 0.272973 0.380000 0.171171 0.247273
1 0.557658 0.433636 0.203604 0.252727
1 0.778378 0.265455 0.198198 0.210909
2 0.881982 0.450000 0.124324 0.238182
2 0.818919 0.520000 0.214414 0.207273
3 0.548649 0.564545 0.167568 0.143636
3 0.114414 0.306364 0.077477 0.212727
4 0.292793 0.712727 0.192793 0.090909
4 0.421622 0.429091 0.108108 0.192727
5 0.229730 0.603636 0.131532 0.163636
5 0.573874 0.690000 0.163964 0.140000
6 0.578378 0.765455 0.176577 0.101818
6 0.507207 0.291818 0.099099 0.187273
7 0.739640 0.392727 0.102703 0.160000
7 0.310811 0.610000 0.073874 0.158182
8 0.163063 0.577273 0.127928 0.129091
8 0.169369 0.480909 0.136937 0.129091
9 0.588288 0.199091 0.059459 0.172727
9 0.396396 0.642727 0.079279 0.154545
10 0.627027 0.417273 0.136937 0.110909
10 0.767568 0.564545 0.126126 0.165455
11 0.336937 0.170909 0.129730 0.141818
11 0.838739 0.552727 0.120721 0.152727
12 0.500000 0.180000 0.124324 0.083636
12 0.685586 0.711818 0.063063 0.147273
13 0.731532 0.669091 0.082883 0.116364
13 0.509910 0.925455 0.057658 0.149091
14 0.625225 0.810000 0.115315 0.100000
14 0.464865 0.698182 0.068468 0.120000
15 0.380180 0.428182 0.072072 0.107273
15 0.318919 0.309091 0.086486 0.101818
16 0.271171 0.449091 0.088288 0.098182
16 0.430631 0.200000 0.061261 0.120000
17 0.253153 0.650909 0.077477 0.094545
17 0.700901 0.133636 0.079279 0.100000
18 0.429730 0.078182 0.095495 0.072727
18 0.633333 0.168182 0.066667 0.092727
19 0.418018 0.761818 0.068468 0.087273
19 0.612613 0.870909 0.082883 0.076364
20 0.471171 0.943636 0.059459 0.080000
20 0.655856 0.479091 0.075676 0.067273
20 0.802703 0.252727 0.055856 0.083636
21 0.752252 0.140000 0.081081 0.061818
21 0.535135 0.134545 0.061261 0.076364
22 0.523423 0.512727 0.145946 0.094545
23 0.484685 0.426364 0.050450 0.067273