0 0.607703 0.725363 0.313837 0.177706
0 0.603424 0.542003 0.179743 0.347334
1 0.806705 0.382068 0.195435 0.143780
1 0.405849 0.488691 0.109843 0.250404
2 0.324536 0.827948 0.281027 0.105008
2 0.196148 0.282714 0.138374 0.274637
3 0.532810 0.833603 0.172611 0.129241
3 0.697575 0.839257 0.119829 0.214863
4 0.718260 0.543619 0.175464 0.121163
4 0.327389 0.294830 0.198288 0.095315
5 0.207561 0.625202 0.098431 0.200323
5 0.176890 0.548465 0.119829 0.231018
6 0.462910 0.302908 0.212553 0.095315
6 0.381598 0.175283 0.138374 0.166397
7 0.323110 0.180937 0.138374 0.161551
7 0.868046 0.601777 0.121255 0.150242
8 0.425820 0.533926 0.129815 0.169628
8 0.105563 0.580775 0.054208 0.231018
9 0.666191 0.256866 0.094151 0.135703
9 0.372325 0.163166 0.168331 0.126010
10 0.697575 0.480614 0.162625 0.072698
10 0.306705 0.714863 0.077033 0.205170
11 0.377318 0.414378 0.144080 0.147011
11 0.620542 0.339257 0.145506 0.093700
12 0.718260 0.659128 0.132668 0.090468
12 0.500713 0.570275 0.116976 0.106624
13 0.343081 0.596123 0.055635 0.164782
13 0.208274 0.413570 0.082739 0.138934
14 0.600571 0.767367 0.151213 0.074313
14 0.519258 0.197092 0.054208 0.151858
15 0.827389 0.583199 0.059914 0.109855
15 0.579173 0.647819 0.099857 0.067851
16 0.723252 0.428110 0.111270 0.067851
16 0.303138 0.630048 0.072753 0.119548
17 0.407275 0.694669 0.075606 0.090468
17 0.814551 0.479806 0.085592 0.074313
18 0.318830 0.490307 0.084165 0.053312
18 0.258203 0.491115 0.048502 0.106624
19 0.495007 0.497577 0.071327 0.087237
19 0.348074 0.096931 0.059914 0.071082
20 0.764622 0.289176 0.042796 0.087237
20 0.634807 0.279483 0.082739 0.054927
21 0.577746 0.594507 0.048502 0.080775
21 0.547076 0.762520 0.075606 0.058158
22 0.619116 0.513732 0.179743 0.103393
23 0.153352 0.726171 0.075606 0.056543