0 0.509248 0.176969 0.113440 0.068794
0 0.729346 0.705384 0.176326 0.096710
1 0.605425 0.153041 0.162762 0.106680
1 0.457460 0.700399 0.061652 0.162512
2 0.768187 0.692423 0.125771 0.108674
2 0.848335 0.721336 0.088779 0.072782
3 0.577682 0.039880 0.149199 0.067797
3 0.194205 0.499501 0.127004 0.087737
4 0.584464 0.208873 0.110974 0.082752
4 0.340937 0.335494 0.099877 0.096710
5 0.615290 0.624128 0.140567 0.047856
5 0.124538 0.531904 0.115906 0.088734
6 0.294698 0.522931 0.059186 0.082752
6 0.079531 0.723829 0.053021 0.111665
7 0.267571 0.440179 0.113440 0.034895
7 0.238594 0.400299 0.112207 0.042871
8 0.303329 0.358923 0.106042 0.053838
8 0.467941 0.936191 0.129470 0.055833
9 0.542540 0.863908 0.110974 0.086740
9 0.609741 0.689432 0.062885 0.096710
10 0.702219 0.498006 0.065351 0.094716
10 0.936498 0.665005 0.090012 0.069791
11 0.202836 0.607178 0.085080 0.075773
11 0.540691 0.515454 0.048089 0.083749
12 0.930949 0.705384 0.059186 0.078764
12 0.469790 0.537886 0.093711 0.032901
13 0.414303 0.439681 0.069051 0.073779
13 0.356350 0.454636 0.091245 0.045862
14 0.400740 0.368893 0.059186 0.065803
14 0.687423 0.650548 0.077682 0.054835
15 0.587546 0.460618 0.082614 0.031904
15 0.345869 0.557827 0.043157 0.066800
16 0.394575 0.671984 0.073983 0.057827
16 0.503699 0.122134 0.072750 0.052841
17 0.709618 0.330508 0.070284 0.050847
17 0.699753 0.299103 0.067818 0.051844
18 0.635018 0.437188 0.051788 0.050847
18 0.266954 0.627119 0.043157 0.055833
19 0.666461 0.385344 0.070284 0.038883
19 0.081381 0.939681 0.076449 0.034895
20 0.507398 0.724826 0.062885 0.035892
20 0.600493 0.266700 0.049322 0.034895
21 0.508015 0.584247 0.056720 0.039880
21 0.139334 0.911266 0.051788 0.047856
22 0.650432 0.130110 0.104809 0.074776
23 0.048089 0.761216 0.046856 0.042871