0 0.640381 0.377229 0.102253 0.123457
0 0.795494 0.687929 0.117851 0.234568
1 0.810225 0.779150 0.223570 0.181070
1 0.313692 0.845679 0.131716 0.138546
2 0.475737 0.514403 0.206239 0.087791
2 0.403813 0.716049 0.225303 0.057613
3 0.578856 0.769547 0.155979 0.117970
3 0.711438 0.481481 0.067591 0.164609
4 0.184575 0.689300 0.143847 0.141289
4 0.441941 0.421125 0.204506 0.096022
5 0.831889 0.404664 0.149047 0.128944
5 0.786828 0.757888 0.086655 0.174211
6 0.878683 0.570645 0.173310 0.082305
6 0.299827 0.437586 0.079723 0.156379
7 0.133449 0.230453 0.117851 0.120713
7 0.192374 0.761317 0.086655 0.142661
8 0.493934 0.715364 0.124783 0.102881
8 0.414211 0.883402 0.072790 0.134431
9 0.551993 0.222908 0.168111 0.069959
9 0.862218 0.559671 0.112652 0.112483
10 0.939341 0.452675 0.086655 0.123457
10 0.258232 0.228395 0.097054 0.080933
11 0.428943 0.655693 0.147314 0.079561
11 0.245234 0.095336 0.157712 0.091907
12 0.265165 0.746914 0.103986 0.069959
12 0.677643 0.774348 0.083189 0.094650
13 0.853553 0.458848 0.053726 0.102881
13 0.776430 0.702332 0.135182 0.054870
14 0.554593 0.362140 0.090121 0.074074
14 0.549393 0.857339 0.055459 0.082305
15 0.662045 0.906722 0.090121 0.087791
15 0.435875 0.253772 0.109185 0.068587
16 0.193241 0.382030 0.105719 0.080933
16 0.529463 0.619342 0.105719 0.056241
17 0.305026 0.292867 0.093588 0.072702
17 0.170711 0.423868 0.088388 0.057613
18 0.542461 0.428669 0.083189 0.042524
18 0.400347 0.490398 0.093588 0.045267
19 0.646447 0.495199 0.076256 0.054870
19 0.409012 0.734568 0.055459 0.075446
20 0.243501 0.469822 0.057192 0.067215
20 0.590988 0.574074 0.055459 0.056241
21 0.684575 0.694787 0.090121 0.042524
21 0.800693 0.537037 0.055459 0.058985
22 0.559792 0.919067 0.124783 0.076818
22 0.376083 0.450617 0.183709 0.039781