0 0.726899 0.508446 0.205339 0.145270
0 0.792608 0.466216 0.258727 0.175676
1 0.413758 0.092905 0.338809 0.057432
1 0.722793 0.375845 0.217659 0.116554
2 0.912731 0.631757 0.100616 0.199324
2 0.752567 0.267736 0.211499 0.163851
3 0.243326 0.747466 0.203285 0.126689
3 0.476386 0.913007 0.242300 0.059122
4 0.416838 0.786318 0.094456 0.194257
4 0.199179 0.496622 0.098563 0.195946
5 0.186858 0.641892 0.127310 0.138514
5 0.706366 0.539696 0.147844 0.146959
6 0.588296 0.201858 0.170431 0.119932
6 0.533881 0.591216 0.102669 0.155405
7 0.634497 0.757601 0.147844 0.096284
7 0.880903 0.755912 0.193018 0.072635
8 0.407598 0.282095 0.092402 0.145270
8 0.647844 0.777872 0.149897 0.133446
9 0.453799 0.700169 0.082136 0.136824
9 0.413758 0.177365 0.145791 0.111486
10 0.467146 0.415541 0.063655 0.152027
10 0.639630 0.592061 0.121150 0.123311
11 0.353183 0.880912 0.065708 0.157095
11 0.527721 0.678209 0.147844 0.069257
12 0.304928 0.471284 0.075975 0.125000
12 0.477413 0.502534 0.096509 0.113176
13 0.413758 0.406250 0.055441 0.113176
13 0.551335 0.614020 0.055441 0.109797
14 0.341889 0.370777 0.059548 0.123311
14 0.271047 0.714527 0.090349 0.097973
15 0.470226 0.277027 0.102669 0.084459
15 0.202259 0.775338 0.121150 0.074324
16 0.632444 0.111486 0.094456 0.108108
16 0.813142 0.715372 0.106776 0.076014
17 0.752567 0.646115 0.104723 0.069257
17 0.105749 0.824324 0.121150 0.054054
18 0.356263 0.263514 0.071869 0.077703
18 0.686858 0.485642 0.063655 0.072635
19 0.360370 0.596284 0.075975 0.084459
19 0.185832 0.347973 0.096509 0.070946
20 0.294661 0.337838 0.059548 0.074324
20 0.498973 0.549831 0.053388 0.055743
21 0.597536 0.655405 0.065708 0.067568
21 0.260780 0.500000 0.053388 0.081081
22 0.548255 0.827703 0.193018 0.064189
23 0.512320 0.728041 0.059548 0.054054