0 0.200000 0.558271 0.187050 0.088972
0 0.935252 0.545739 0.077698 0.211779
1 0.900000 0.542607 0.145324 0.130326
1 0.369065 0.432957 0.133813 0.149123
2 0.153237 0.781955 0.148201 0.135338
2 0.163309 0.438596 0.090647 0.082707
3 0.227338 0.459900 0.152518 0.110276
3 0.639568 0.487469 0.119424 0.130326
4 0.582734 0.703634 0.109353 0.131579
4 0.659712 0.340226 0.099281 0.093985
5 0.241727 0.667920 0.164029 0.052632
5 0.332374 0.636591 0.080576 0.140351
6 0.415108 0.377820 0.142446 0.081454
6 0.858993 0.904135 0.129496 0.088972
7 0.608633 0.398496 0.126619 0.060150
7 0.758273 0.595238 0.069065 0.115288
8 0.449640 0.850877 0.053237 0.117794
8 0.244604 0.089599 0.080576 0.139098
9 0.404317 0.630326 0.097842 0.107769
9 0.395683 0.311404 0.100719 0.101504
10 0.510072 0.590852 0.061871 0.114035
10 0.213669 0.583960 0.105036 0.062657
11 0.340288 0.845865 0.128058 0.062657
11 0.216547 0.638471 0.084892 0.109023
12 0.606475 0.847744 0.090647 0.078947
12 0.748201 0.391604 0.048921 0.101504
13 0.564029 0.586466 0.071942 0.090226
13 0.525899 0.911654 0.047482 0.093985
14 0.446043 0.791353 0.115108 0.043860
14 0.414388 0.516917 0.063309 0.086466
15 0.331655 0.760025 0.090647 0.058897
15 0.142446 0.357769 0.054676 0.076441
16 0.265468 0.377193 0.073381 0.077694
16 0.324460 0.597744 0.084892 0.067669
17 0.690647 0.664160 0.086331 0.040100
17 0.875540 0.451128 0.050360 0.077694
18 0.411511 0.689850 0.057554 0.061404
18 0.401439 0.556391 0.057554 0.062657
19 0.411511 0.434211 0.077698 0.043860
19 0.741007 0.483709 0.071942 0.052632
20 0.274101 0.708647 0.056115 0.046366
20 0.564029 0.691103 0.048921 0.046366
21 0.486331 0.728697 0.051799 0.061404
21 0.322302 0.412281 0.046043 0.060150
22 0.101439 0.401629 0.064748 0.119048
23 0.365468 0.523183 0.060432 0.031328