0 0.667188 0.539318 0.290625 0.078635
0 0.485156 0.252967 0.289062 0.087537
1 0.342187 0.119436 0.196875 0.161721
1 0.892188 0.361276 0.162500 0.114243
2 0.733594 0.759644 0.126562 0.169139
2 0.630469 0.518546 0.132812 0.203264
3 0.427344 0.648368 0.142187 0.157270
3 0.066406 0.666914 0.132812 0.111276
4 0.496094 0.310831 0.210938 0.102374
4 0.444531 0.232938 0.210938 0.127596
5 0.208594 0.602374 0.201563 0.065282
5 0.173437 0.688427 0.100000 0.127596
6 0.251563 0.407270 0.134375 0.152819
6 0.339844 0.804896 0.164062 0.117211
7 0.566406 0.802671 0.070312 0.178042
7 0.860938 0.584570 0.171875 0.136499
8 0.808594 0.755193 0.085938 0.160237
8 0.382812 0.199555 0.153125 0.117211
9 0.600000 0.365727 0.146875 0.102374
9 0.126562 0.935460 0.143750 0.066766
10 0.388281 0.528932 0.089063 0.149852
10 0.269531 0.550445 0.167187 0.059347
11 0.666406 0.608309 0.092188 0.160237
11 0.194531 0.830119 0.154688 0.093472
12 0.505469 0.436944 0.129688 0.066766
12 0.750781 0.645401 0.132812 0.074184
13 0.204687 0.237389 0.075000 0.133531
13 0.285156 0.168398 0.079687 0.117211
14 0.495312 0.512611 0.065625 0.114243
14 0.276562 0.756677 0.134375 0.080119
15 0.453125 0.617953 0.056250 0.114243
15 0.810156 0.501484 0.123438 0.080119
16 0.267188 0.294510 0.118750 0.051929
16 0.324219 0.692136 0.095312 0.087537
17 0.265625 0.668398 0.050000 0.099407
17 0.176563 0.867211 0.068750 0.084570
18 0.718750 0.850148 0.103125 0.053412
18 0.562500 0.586795 0.050000 0.087537
19 0.314844 0.402077 0.073438 0.080119
19 0.228125 0.876113 0.078125 0.069733
20 0.461719 0.189169 0.060937 0.066766
20 0.208594 0.221810 0.104688 0.054896
21 0.387500 0.419881 0.084375 0.053412
21 0.226562 0.699555 0.040625 0.075668
22 0.385156 0.513353 0.185938 0.053412
23 0.314063 0.777448 0.075000 0.053412