0 0.082949 0.610018 0.079877 0.325581
0 0.526114 0.433810 0.155146 0.169946
1 0.695853 0.277281 0.184332 0.239714
1 0.304916 0.618068 0.136713 0.223614
2 0.849462 0.296064 0.076805 0.266547
2 0.476959 0.177102 0.127496 0.218247
3 0.254224 0.887299 0.204301 0.100179
3 0.675883 0.486583 0.135177 0.218247
4 0.516897 0.250447 0.167435 0.132379
4 0.385561 0.296959 0.082949 0.236136
5 0.484639 0.321109 0.176651 0.055456
5 0.603687 0.484794 0.135177 0.236136
6 0.672811 0.702147 0.104455 0.177102
6 0.883257 0.520572 0.187404 0.089445
7 0.207373 0.796064 0.138249 0.100179
7 0.516897 0.697674 0.105991 0.153846
8 0.262673 0.754025 0.104455 0.162791
8 0.790323 0.327370 0.062980 0.164580
9 0.878648 0.384615 0.098310 0.186047
9 0.419355 0.716458 0.132104 0.101968
10 0.500000 0.822004 0.124424 0.101968
10 0.405530 0.931127 0.098310 0.101968
11 0.450845 0.735242 0.075269 0.164580
11 0.489247 0.320215 0.087558 0.182469
12 0.447005 0.624329 0.110599 0.114490
12 0.629800 0.638640 0.107527 0.110912
13 0.452381 0.105546 0.075269 0.132379
13 0.362519 0.431127 0.110599 0.100179
14 0.397081 0.533989 0.096774 0.094812
14 0.243472 0.429338 0.062980 0.118068
15 0.301843 0.381038 0.087558 0.103757
15 0.531490 0.898927 0.086022 0.087657
16 0.556068 0.535778 0.107527 0.062612
16 0.526114 0.494633 0.078341 0.073345
17 0.379416 0.756708 0.070661 0.067979
17 0.602919 0.744186 0.053763 0.089445
18 0.413210 0.580501 0.046083 0.084079
18 0.825653 0.284436 0.041475 0.100179
19 0.701229 0.793381 0.059908 0.098390
19 0.680492 0.550984 0.033794 0.082290
20 0.331029 0.776386 0.066052 0.050089
20 0.165131 0.448122 0.059908 0.076923
21 0.541475 0.651163 0.044547 0.075134
21 0.507680 0.933810 0.066052 0.067979
22 0.760369 0.269231 0.067588 0.180680
23 0.809524 0.611807 0.046083 0.089445