0 0.248808 0.394245 0.205087 0.212950
0 0.644674 0.754676 0.103339 0.142446
1 0.708267 0.653957 0.128776 0.205755
1 0.476153 0.623741 0.122417 0.174101
2 0.448331 0.801439 0.165342 0.109353
2 0.637520 0.100000 0.251192 0.067626
3 0.644674 0.625899 0.205087 0.109353
3 0.798092 0.224460 0.098569 0.195683
4 0.633545 0.527338 0.173291 0.122302
4 0.574722 0.925899 0.173291 0.107914
5 0.265501 0.530935 0.171701 0.120863
5 0.829889 0.346763 0.098569 0.146763
6 0.079491 0.404317 0.104928 0.158273
6 0.622417 0.197842 0.141494 0.156835
7 0.466614 0.384173 0.147854 0.089209
7 0.337838 0.725180 0.081081 0.106475
8 0.231320 0.588489 0.163752 0.080576
8 0.504769 0.316547 0.163752 0.057554
9 0.169316 0.407914 0.160572 0.116547
9 0.557234 0.415827 0.147854 0.100719
10 0.875994 0.660432 0.130366 0.120863
10 0.807631 0.579856 0.162162 0.063309
11 0.203498 0.207194 0.139905 0.141007
11 0.421304 0.771223 0.066773 0.141007
12 0.884738 0.338129 0.128776 0.060432
12 0.382353 0.489209 0.122417 0.089209
13 0.746423 0.632374 0.090620 0.099281
13 0.497615 0.097842 0.073132 0.123741
14 0.856121 0.474820 0.116057 0.089209
14 0.245628 0.105755 0.131955 0.090647
15 0.778219 0.492086 0.112878 0.048921
15 0.402226 0.097842 0.149444 0.063309
16 0.431638 0.527338 0.074722 0.102158
16 0.304452 0.682014 0.096979 0.086331
17 0.622417 0.310072 0.055644 0.096403
17 0.492846 0.858993 0.101749 0.043165
18 0.541335 0.517266 0.077901 0.070504
18 0.383148 0.677698 0.060413 0.077698
19 0.462639 0.450360 0.076312 0.066187
19 0.498410 0.515108 0.062003 0.074820
20 0.484102 0.358273 0.065183 0.060432
20 0.755962 0.370504 0.074722 0.056115
21 0.735294 0.319424 0.084261 0.063309
21 0.557234 0.382014 0.046105 0.073381
22 0.763116 0.430216 0.111288 0.080576
22 0.879968 0.248921 0.087440 0.164029