0 0.513384 0.195772 0.135755 0.148897
0 0.648184 0.462316 0.229446 0.204044
1 0.385277 0.481618 0.173996 0.128676
1 0.787763 0.464154 0.244742 0.137868
2 0.721797 0.327206 0.235182 0.073529
2 0.726577 0.386029 0.095602 0.216912
3 0.842256 0.889706 0.196941 0.161765
3 0.481836 0.432904 0.152964 0.193015
4 0.886233 0.542279 0.120459 0.198529
4 0.220841 0.316176 0.082218 0.213235
5 0.707457 0.784007 0.217973 0.075368
5 0.155832 0.283088 0.089866 0.213235
6 0.209369 0.614890 0.112811 0.119485
6 0.782983 0.626838 0.139579 0.132353
7 0.276291 0.325368 0.063098 0.165441
7 0.630975 0.598346 0.187380 0.056985
8 0.493308 0.380515 0.156788 0.091912
8 0.774379 0.491728 0.107075 0.134191
9 0.782027 0.647978 0.164436 0.082721
9 0.283939 0.559743 0.158700 0.108456
10 0.574570 0.305147 0.158700 0.055147
10 0.488528 0.249081 0.120459 0.134191
11 0.841300 0.309743 0.087954 0.152574
11 0.326960 0.700368 0.187380 0.084559
12 0.638623 0.131434 0.130019 0.097426
12 0.384321 0.612132 0.045889 0.154412
13 0.443595 0.598346 0.080306 0.119485
13 0.681644 0.539522 0.112811 0.075368
14 0.431166 0.206801 0.066922 0.108456
14 0.394837 0.309743 0.059273 0.137868
15 0.326004 0.615809 0.101338 0.062500
15 0.527725 0.069853 0.076482 0.106618
16 0.734226 0.130515 0.122371 0.084559
16 0.707457 0.220588 0.057361 0.121324
17 0.473231 0.617647 0.063098 0.099265
17 0.549713 0.444853 0.116635 0.044118
18 0.239006 0.464154 0.087954 0.060662
18 0.763862 0.182904 0.074570 0.086397
19 0.525813 0.600184 0.053537 0.093750
19 0.489484 0.159926 0.065010 0.091912
20 0.483748 0.329963 0.065010 0.053309
20 0.767686 0.266544 0.070746 0.066176
21 0.617591 0.247243 0.080306 0.071691
21 0.615679 0.192096 0.080306 0.049632
22 0.544933 0.815257 0.183556 0.075368
22 0.845124 0.716912 0.099426 0.128676