0 0.729332 0.302994 0.092865 0.210778
0 0.932050 0.223952 0.079275 0.138922
1 0.682333 0.490419 0.118913 0.156886
1 0.143262 0.589222 0.098528 0.184431
2 0.540204 0.301198 0.086070 0.147305
2 0.536240 0.694611 0.105323 0.112575
3 0.610419 0.582036 0.142695 0.059880
3 0.689128 0.068862 0.127973 0.101796
4 0.849943 0.208982 0.118913 0.132934
4 0.723103 0.152695 0.112118 0.108982
5 0.065119 0.817964 0.089468 0.129341
5 0.851076 0.737126 0.046433 0.140120
6 0.540204 0.570659 0.092865 0.128144
6 0.674972 0.305988 0.113250 0.063473
7 0.665345 0.242515 0.114383 0.061078
7 0.358437 0.499401 0.082673 0.126946
8 0.800680 0.435329 0.095130 0.104192
8 0.567950 0.414970 0.089468 0.101796
9 0.570215 0.876048 0.044168 0.118563
9 0.877123 0.211976 0.060023 0.122156
10 0.604757 0.186826 0.095130 0.067066
10 0.747452 0.480838 0.047565 0.125749
11 0.591733 0.894611 0.041903 0.110180
11 0.615515 0.938323 0.060023 0.113772
12 0.827293 0.827545 0.035108 0.105389
12 0.557758 0.170659 0.093998 0.077844
13 0.629105 0.403593 0.089468 0.035928
13 0.814270 0.093413 0.043035 0.114970
14 0.631937 0.443114 0.095130 0.035928
14 0.771234 0.315569 0.099660 0.051497
15 0.808041 0.294012 0.080408 0.041916
15 0.792186 0.482635 0.075878 0.045509
16 0.544168 0.904192 0.037373 0.083832
16 0.652888 0.841317 0.096263 0.051497
17 0.527746 0.957485 0.079275 0.039521
17 0.565685 0.783234 0.037373 0.067066
18 0.597961 0.754491 0.063420 0.038323
18 0.774632 0.076647 0.047565 0.062275
19 0.928086 0.727545 0.062288 0.053892
19 0.718573 0.168263 0.032843 0.063473
20 0.794451 0.361677 0.037373 0.057485
20 0.566818 0.235928 0.041903 0.043114
21 0.562854 0.525749 0.056625 0.047904
21 0.596263 0.791018 0.044168 0.053892
22 0.632503 0.198204 0.098528 0.080240
23 0.823896 0.258683 0.062288 0.052695