0 0.379719 0.508065 0.143108 0.094470
0 0.471466 0.395161 0.096576 0.165899
1 0.389816 0.354839 0.094820 0.154378
1 0.581212 0.239631 0.073749 0.168203
2 0.431519 0.054724 0.137840 0.077189
2 0.288411 0.381336 0.122037 0.129032
3 0.580334 0.136521 0.131694 0.056452
3 0.859087 0.737903 0.051800 0.095622
4 0.438543 0.269585 0.097454 0.110599
4 0.402546 0.181452 0.122037 0.049539
5 0.134328 0.523041 0.103600 0.124424
5 0.399473 0.441820 0.040386 0.155530
6 0.334504 0.201613 0.035119 0.142857
6 0.348112 0.529378 0.062335 0.118664
7 0.680860 0.630184 0.072871 0.112903
7 0.608867 0.519009 0.081651 0.097926
8 0.733977 0.853111 0.066725 0.120968
8 0.952151 0.547811 0.060579 0.107143
9 0.553117 0.482719 0.035119 0.126728
9 0.053995 0.533986 0.046532 0.067972
10 0.053556 0.473502 0.093064 0.076037
10 0.278753 0.374424 0.058824 0.124424
11 0.600088 0.343894 0.083406 0.091014
11 0.754609 0.660714 0.092186 0.091014
12 0.735294 0.957373 0.060579 0.085253
12 0.973661 0.878456 0.050922 0.100230
13 0.384548 0.258641 0.070237 0.044931
13 0.614135 0.427419 0.044776 0.087558
14 0.790167 0.850806 0.064969 0.074885
14 0.669886 0.472350 0.080773 0.036866
15 0.694469 0.561636 0.061457 0.063364
15 0.334065 0.330645 0.030729 0.087558
16 0.625988 0.491935 0.061457 0.069124
16 0.317384 0.370392 0.032485 0.088710
17 0.400790 0.302995 0.053556 0.062212
17 0.489903 0.157258 0.029851 0.086406
18 0.338016 0.809908 0.056190 0.050691
18 0.297191 0.113479 0.055312 0.042627
19 0.386304 0.343318 0.045654 0.039171
19 0.794557 0.916475 0.036874 0.077189
20 0.330992 0.773618 0.047410 0.040323
20 0.519754 0.263249 0.031607 0.056452
21 0.291045 0.484447 0.039508 0.054147
21 0.640474 0.430300 0.032485 0.067972
22 0.594820 0.794355 0.065847 0.107143
22 0.493854 0.088134 0.071115 0.065668