0 0.340555 0.547708 0.310225 0.061958
0 0.338821 0.211896 0.192374 0.076828
1 0.323224 0.322800 0.240901 0.083024
1 0.526863 0.791822 0.194107 0.168525
2 0.287695 0.684634 0.093588 0.127633
2 0.576256 0.242875 0.178510 0.106568
3 0.609185 0.110905 0.109185 0.159851
3 0.629983 0.231722 0.223570 0.042131
4 0.648180 0.719950 0.128250 0.141264
4 0.792894 0.392813 0.209705 0.054523
5 0.573657 0.133829 0.207972 0.052045
5 0.271231 0.557621 0.084922 0.128872
6 0.194974 0.553284 0.105719 0.083024
6 0.693241 0.540273 0.207972 0.039653
7 0.503466 0.790582 0.143847 0.086741
7 0.323224 0.413879 0.102253 0.118959
8 0.466205 0.921314 0.076256 0.110285
8 0.688042 0.446097 0.131716 0.074349
9 0.175043 0.639405 0.159445 0.071871
9 0.496534 0.320942 0.123050 0.109046
10 0.147314 0.317224 0.100520 0.128872
10 0.217504 0.693309 0.168111 0.048327
11 0.709705 0.276332 0.116118 0.099133
11 0.155979 0.335192 0.142114 0.095415
12 0.637782 0.623916 0.076256 0.087980
12 0.734835 0.592937 0.103986 0.083024
13 0.699307 0.599752 0.074523 0.089219
13 0.428076 0.224907 0.055459 0.097893
14 0.341421 0.630112 0.110919 0.087980
14 0.875217 0.463445 0.131716 0.047088
15 0.666378 0.482652 0.123050 0.043371
15 0.657712 0.362454 0.112652 0.065675
16 0.757366 0.673482 0.110919 0.053284
16 0.793761 0.571871 0.121317 0.043371
17 0.534662 0.949195 0.098787 0.061958
17 0.211438 0.734201 0.103986 0.040892
18 0.475737 0.615861 0.060659 0.076828
18 0.415945 0.736679 0.062392 0.063197
19 0.097920 0.532218 0.098787 0.043371
19 0.742634 0.515489 0.060659 0.059480
20 0.668977 0.418835 0.076256 0.039653
20 0.700173 0.516729 0.048527 0.039653
21 0.854419 0.500620 0.079723 0.032218
21 0.521664 0.683395 0.065858 0.050805
22 0.521664 0.171623 0.159445 0.085502
22 0.513865 0.753408 0.150780 0.054523