0 0.691544 0.149414 0.065441 0.083984
0 0.829779 0.870605 0.050735 0.124023
1 0.874632 0.232422 0.096324 0.060547
1 0.859559 0.099609 0.097059 0.041016
2 0.145956 0.469727 0.069853 0.068359
2 0.841912 0.892090 0.082353 0.057617
3 0.110662 0.502441 0.066912 0.061523
3 0.600735 0.163086 0.069118 0.076172
4 0.415074 0.608398 0.075735 0.031250
4 0.798162 0.686035 0.068382 0.043945
5 0.269853 0.295898 0.048529 0.078125
5 0.684926 0.220215 0.058088 0.081055
6 0.914338 0.515625 0.065441 0.042969
6 0.131618 0.336914 0.054412 0.066406
7 0.394118 0.461426 0.045588 0.075195
7 0.237132 0.600586 0.059559 0.048828
8 0.784559 0.421875 0.052941 0.062500
8 0.657353 0.200684 0.033824 0.071289
9 0.586029 0.915039 0.023529 0.076172
9 0.592647 0.597168 0.055882 0.047852
10 0.724632 0.471680 0.033088 0.074219
10 0.262132 0.640625 0.053676 0.050781
11 0.611397 0.895020 0.037500 0.071289
11 0.295588 0.289551 0.044118 0.069336
12 0.459926 0.904297 0.050735 0.039062
12 0.641176 0.658691 0.023529 0.065430
13 0.320221 0.653809 0.037500 0.053711
13 0.619853 0.676270 0.032353 0.053711
14 0.404044 0.350098 0.036029 0.067383
14 0.436765 0.867676 0.045588 0.045898
15 0.573897 0.073242 0.028676 0.062500
15 0.247059 0.499512 0.035294 0.053711
16 0.328309 0.482422 0.028676 0.056641
16 0.171691 0.222656 0.038971 0.054688
17 0.492279 0.051758 0.043382 0.041016
17 0.180147 0.911621 0.039706 0.038086
18 0.045588 0.774414 0.032353 0.050781
18 0.700000 0.708984 0.026471 0.050781
19 0.774632 0.723145 0.033088 0.041992
19 0.593015 0.974121 0.036029 0.034180
20 0.309559 0.455566 0.026471 0.030273
20 0.290809 0.470215 0.027206 0.032227
21 0.688971 0.414551 0.033824 0.038086
21 0.305147 0.492676 0.020588 0.038086
22 0.943015 0.556152 0.047794 0.079102
23 0.300368 0.680176 0.021324 0.043945