0 0.560673 0.129747 0.138889 0.234177
0 0.408626 0.770570 0.092105 0.205696
1 0.174708 0.741297 0.258772 0.115506
1 0.654240 0.132120 0.279240 0.166139
2 0.490497 0.562500 0.147661 0.134494
2 0.256579 0.393987 0.279240 0.145570
3 0.772661 0.427215 0.209064 0.091772
3 0.570175 0.653481 0.181287 0.208861
4 0.845029 0.492089 0.201754 0.091772
4 0.381579 0.384494 0.096491 0.240506
5 0.649854 0.249209 0.206140 0.147152
5 0.167398 0.461234 0.130117 0.175633
6 0.600877 0.727848 0.184211 0.088608
6 0.376462 0.572785 0.068713 0.183544
7 0.720029 0.154272 0.106725 0.185127
7 0.788012 0.159810 0.184211 0.082278
8 0.117690 0.313291 0.112573 0.088608
8 0.883772 0.275316 0.086257 0.174051
9 0.231725 0.859177 0.162281 0.094937
9 0.822368 0.091772 0.165205 0.079114
10 0.756579 0.556962 0.141813 0.123418
10 0.904971 0.506329 0.096491 0.180380
11 0.921053 0.654272 0.090643 0.137658
11 0.867690 0.317247 0.162281 0.109177
12 0.608187 0.594146 0.052632 0.131329
12 0.730263 0.606013 0.042398 0.117089
13 0.552632 0.821203 0.108187 0.085443
13 0.535088 0.305380 0.096491 0.110759
14 0.849415 0.236551 0.128655 0.064873
14 0.194444 0.730222 0.070175 0.137658
15 0.333333 0.587025 0.070175 0.104430
15 0.652778 0.535601 0.100877 0.077532
16 0.141082 0.613924 0.062865 0.101266
16 0.300439 0.676424 0.097953 0.064873
17 0.559942 0.564082 0.043860 0.102848
17 0.812135 0.408228 0.089181 0.056962
18 0.641082 0.424842 0.062865 0.080696
18 0.703216 0.747627 0.073099 0.061709
19 0.463450 0.802215 0.067251 0.079114
19 0.225146 0.301424 0.046784 0.099684
20 0.543129 0.705696 0.057018 0.053797
20 0.688596 0.650316 0.043860 0.066456
21 0.253655 0.568038 0.074561 0.056962
21 0.663012 0.633703 0.039474 0.074367
22 0.270468 0.893196 0.099415 0.147152
23 0.629386 0.640823 0.033626 0.041139