0 0.406135 0.092568 0.188957 0.150000
0 0.487730 0.670270 0.195092 0.045946
1 0.215337 0.366216 0.082209 0.178378
1 0.511043 0.203378 0.202454 0.055405
2 0.674233 0.402027 0.126380 0.077027
2 0.509202 0.835811 0.083436 0.163514
3 0.705521 0.952703 0.147239 0.059459
3 0.400613 0.522973 0.153374 0.043243
4 0.458896 0.197297 0.125153 0.113514
4 0.497546 0.870946 0.084663 0.133784
5 0.450920 0.411486 0.119018 0.093243
5 0.599387 0.586486 0.136196 0.051351
6 0.620859 0.887838 0.127607 0.083784
6 0.069325 0.708108 0.111656 0.070270
7 0.420245 0.261486 0.116564 0.050000
7 0.951534 0.740541 0.092025 0.108108
8 0.669325 0.359459 0.040491 0.105405
8 0.639264 0.295946 0.049080 0.094595
9 0.495706 0.289865 0.107975 0.060811
9 0.595706 0.860811 0.077301 0.113514
10 0.823313 0.422973 0.088344 0.110811
10 0.701840 0.639865 0.105521 0.039189
11 0.212883 0.497297 0.050307 0.118919
11 0.570552 0.334459 0.110429 0.050000
12 0.782822 0.456081 0.080982 0.058108
12 0.169939 0.699324 0.074847 0.077027
13 0.495706 0.366892 0.085890 0.074324
13 0.606748 0.632432 0.089571 0.043243
14 0.394479 0.454054 0.065031 0.083784
14 0.434356 0.804054 0.076074 0.081081
15 0.228221 0.622973 0.076074 0.045946
15 0.428834 0.608784 0.067485 0.066216
16 0.745399 0.436486 0.069939 0.070270
16 0.917791 0.606081 0.073620 0.074324
17 0.802454 0.591892 0.044172 0.075676
17 0.260736 0.681757 0.047853 0.074324
18 0.697546 0.835811 0.072393 0.041892
18 0.873006 0.660811 0.069939 0.043243
19 0.847239 0.587162 0.057669 0.060811
19 0.588957 0.795270 0.058896 0.052703
20 0.610429 0.721622 0.055215 0.040541
20 0.037423 0.602703 0.040491 0.056757
21 0.604908 0.370270 0.053988 0.056757
21 0.261350 0.463514 0.058896 0.037838
22 0.676687 0.680405 0.109202 0.077027
23 0.254601 0.529730 0.057669 0.037838