0 0.259184 0.471734 0.131973 0.111809
0 0.653741 0.738065 0.246259 0.076633
1 0.731973 0.520729 0.138776 0.091709
1 0.429252 0.429020 0.164626 0.154523
2 0.643537 0.651382 0.119728 0.099246
2 0.468027 0.358040 0.146939 0.148241
3 0.378231 0.060302 0.212245 0.090452
3 0.440816 0.293342 0.062585 0.167085
4 0.334014 0.366206 0.099320 0.159548
4 0.871429 0.638191 0.178231 0.092965
5 0.136735 0.268844 0.129252 0.165829
5 0.532653 0.349246 0.121088 0.085427
6 0.640816 0.853015 0.108844 0.115578
6 0.657823 0.423995 0.153741 0.076633
7 0.819048 0.679020 0.157823 0.054020
7 0.548980 0.828518 0.063946 0.129397
8 0.340136 0.695980 0.114286 0.128141
8 0.636735 0.440955 0.103401 0.095477
9 0.215646 0.228015 0.134694 0.096734
9 0.214286 0.115578 0.156463 0.072864
10 0.119048 0.471734 0.077551 0.136935
10 0.541497 0.917085 0.127891 0.120603
11 0.469388 0.534548 0.127891 0.069095
11 0.704762 0.842337 0.048980 0.126884
12 0.240136 0.192839 0.104762 0.086683
12 0.425850 0.594221 0.100680 0.065327
13 0.201361 0.533920 0.106122 0.087940
13 0.348299 0.535804 0.087075 0.089196
14 0.423129 0.550879 0.100680 0.069095
14 0.440816 0.390704 0.084354 0.095477
15 0.376190 0.227387 0.061224 0.092965
15 0.279592 0.399497 0.099320 0.050251
16 0.659864 0.824121 0.065306 0.072864
16 0.119728 0.381281 0.095238 0.059045
17 0.302041 0.724874 0.048980 0.092965
17 0.329252 0.599874 0.092517 0.054020
18 0.504762 0.593593 0.062585 0.071608
18 0.317007 0.177764 0.048980 0.076633
19 0.365306 0.644472 0.088435 0.037688
19 0.171429 0.317839 0.089796 0.042714
20 0.503401 0.812814 0.070748 0.045226
20 0.374150 0.334171 0.043537 0.065327
21 0.486395 0.658920 0.072109 0.041457
21 0.228571 0.346734 0.062585 0.057789
22 0.785714 0.647613 0.112925 0.061558
22 0.748299 0.775126 0.092517 0.120603