0 0.599826 0.158983 0.196181 0.263911
0 0.724826 0.795707 0.227431 0.119237
1 0.149306 0.702703 0.135417 0.241653
1 0.332465 0.768680 0.220486 0.195548
2 0.389757 0.377583 0.112847 0.205087
2 0.841146 0.647854 0.234375 0.093800
3 0.230903 0.593005 0.267361 0.089030
3 0.597222 0.253577 0.208333 0.103339
4 0.725694 0.410175 0.225694 0.082671
4 0.216146 0.384738 0.189236 0.158983
5 0.377604 0.781399 0.203125 0.141494
5 0.460069 0.634340 0.194444 0.114467
6 0.598958 0.899841 0.201389 0.101749
6 0.785590 0.300477 0.085069 0.197138
7 0.530382 0.436407 0.157986 0.122417
7 0.263889 0.363275 0.159722 0.125596
8 0.493056 0.857711 0.187500 0.090620
8 0.498264 0.317170 0.107639 0.109698
9 0.601562 0.129571 0.088542 0.119237
9 0.279514 0.480922 0.104167 0.147854
10 0.857639 0.554054 0.152778 0.062003
10 0.698785 0.270270 0.171875 0.101749
11 0.835069 0.185215 0.135417 0.151033
11 0.532118 0.433227 0.095486 0.160572
12 0.628472 0.512719 0.069444 0.112878
12 0.825521 0.278219 0.133681 0.054054
13 0.875868 0.432432 0.137153 0.050874
13 0.809028 0.484102 0.135417 0.068362
14 0.297743 0.461049 0.137153 0.076312
14 0.659722 0.342607 0.152778 0.049285
15 0.432292 0.399046 0.069444 0.104928
15 0.236111 0.598569 0.062500 0.109698
16 0.784722 0.817170 0.111111 0.060413
16 0.690104 0.169316 0.112847 0.087440
17 0.739583 0.197138 0.076389 0.095390
17 0.669271 0.591415 0.098958 0.069952
18 0.511285 0.172496 0.081597 0.071542
18 0.427951 0.500000 0.092014 0.046105
19 0.522569 0.720986 0.100694 0.042925
19 0.190972 0.502385 0.090278 0.063593
20 0.501736 0.767886 0.076389 0.060413
20 0.888889 0.604134 0.062500 0.060413
21 0.597222 0.755167 0.090278 0.044515
21 0.841146 0.581876 0.071181 0.076312
22 0.404514 0.143879 0.097222 0.157393
23 0.536458 0.687599 0.076389 0.049285