0 0.344098 0.222997 0.083890 0.178862
0 0.916481 0.149245 0.063103 0.203252
1 0.042687 0.129501 0.085375 0.186992
1 0.623979 0.951220 0.109131 0.085947
2 0.273942 0.436702 0.120267 0.065041
2 0.536006 0.349013 0.078693 0.145180
3 0.890497 0.410569 0.079436 0.131243
3 0.484039 0.473287 0.044543 0.152149
4 0.619154 0.485482 0.099480 0.076655
4 0.440609 0.537747 0.080921 0.095238
5 0.137713 0.582462 0.061618 0.133566
5 0.631403 0.883856 0.089829 0.067364
6 0.319228 0.919861 0.065330 0.132404
6 0.141054 0.091754 0.047513 0.134727
7 0.050854 0.317654 0.052710 0.128920
7 0.328508 0.226481 0.049740 0.118467
8 0.467335 0.782811 0.058649 0.113821
8 0.115813 0.110337 0.056422 0.095238
9 0.182628 0.887921 0.043059 0.131243
9 0.746474 0.287456 0.061618 0.112660
10 0.380846 0.685830 0.080178 0.054588
10 0.623237 0.983740 0.088344 0.032520
11 0.898664 0.167828 0.036377 0.114983
11 0.086117 0.105691 0.069785 0.081301
12 0.917595 0.065621 0.051967 0.101045
12 0.724573 0.620790 0.072754 0.056911
13 0.700817 0.443089 0.038604 0.098722
13 0.971047 0.350174 0.057906 0.082462
14 0.749814 0.232288 0.051967 0.074332
14 0.644395 0.913473 0.062361 0.061556
15 0.377877 0.203252 0.054937 0.051103
15 0.101336 0.057491 0.052710 0.061556
16 0.721232 0.231707 0.031923 0.091754
16 0.695991 0.391986 0.028953 0.089431
17 0.663326 0.192799 0.039347 0.081301
17 0.524128 0.397793 0.050483 0.049942
18 0.439866 0.447154 0.042316 0.060395
18 0.274684 0.087689 0.031180 0.075494
19 0.296585 0.205575 0.025984 0.072009
19 0.510022 0.351916 0.043059 0.062718
20 0.868968 0.407085 0.036377 0.052265
20 0.268374 0.188153 0.031923 0.058072
21 0.134744 0.038908 0.023014 0.052265
21 0.453972 0.778165 0.027468 0.046458
22 0.587973 0.961092 0.083148 0.061556
22 0.327394 0.269454 0.050483 0.116144