0 0.388629 0.689460 0.176012 0.116688
0 0.362928 0.603513 0.056075 0.223338
1 0.507009 0.755960 0.197819 0.089084
1 0.778816 0.415307 0.177570 0.107905
2 0.095016 0.649937 0.084112 0.112923
2 0.259346 0.638645 0.085670 0.168130
3 0.048287 0.651819 0.093458 0.154329
3 0.204829 0.464868 0.179128 0.081556
4 0.750000 0.606023 0.107477 0.138018
4 0.757009 0.048934 0.205607 0.075282
5 0.252336 0.527604 0.171340 0.051443
5 0.150312 0.660602 0.070093 0.134253
6 0.209502 0.801129 0.129283 0.129235
6 0.712617 0.767252 0.166667 0.079046
7 0.752336 0.357591 0.133956 0.087829
7 0.118380 0.429109 0.112150 0.115433
8 0.751558 0.473024 0.088785 0.085320
8 0.541277 0.632999 0.082555 0.048934
9 0.795950 0.115433 0.155763 0.067754
9 0.342679 0.917817 0.165109 0.038896
10 0.865265 0.609787 0.107477 0.087829
10 0.832555 0.513802 0.057632 0.126725
11 0.380062 0.914680 0.056075 0.122961
11 0.338006 0.507528 0.130841 0.091593
12 0.284268 0.905897 0.073209 0.082811
12 0.309190 0.577164 0.101246 0.050188
13 0.292835 0.767880 0.096573 0.067754
13 0.498442 0.722710 0.112150 0.055207
14 0.470405 0.900878 0.059190 0.102886
14 0.500000 0.643036 0.090343 0.061481
15 0.604361 0.722710 0.096573 0.055207
15 0.217290 0.407779 0.051402 0.082811
16 0.246885 0.710163 0.073209 0.082811
16 0.519470 0.740276 0.054517 0.075282
17 0.625389 0.824341 0.060748 0.067754
17 0.565421 0.821832 0.071651 0.057716
18 0.451713 0.818695 0.046729 0.066499
18 0.304517 0.827478 0.076324 0.048934
19 0.943925 0.610414 0.062305 0.074028
19 0.588785 0.898369 0.096573 0.040151
20 0.504673 0.685069 0.080997 0.042660
20 0.529595 0.877039 0.056075 0.055207
21 0.297508 0.621706 0.065421 0.043915
21 0.357477 0.756587 0.073209 0.032622
22 0.362928 0.811167 0.155763 0.071518
23 0.190031 0.597240 0.049844 0.062735