0 0.611179 0.621986 0.141278 0.100709
0 0.494472 0.353191 0.271499 0.090780
1 0.087838 0.448936 0.087224 0.245390
1 0.931204 0.623404 0.120393 0.256738
2 0.858722 0.763830 0.152334 0.109220
2 0.299140 0.390780 0.143735 0.123404
3 0.514742 0.264539 0.110565 0.194326
3 0.589066 0.707801 0.175676 0.079433
4 0.681818 0.514894 0.140049 0.139007
4 0.130221 0.463830 0.085995 0.164539
5 0.643735 0.851773 0.081081 0.146099
5 0.568796 0.720567 0.137592 0.153191
6 0.536855 0.265248 0.113022 0.141844
6 0.216830 0.516312 0.119165 0.124823
7 0.273956 0.248936 0.135135 0.080851
7 0.335381 0.521277 0.122850 0.086525
8 0.294840 0.136879 0.108108 0.120567
8 0.753071 0.450355 0.122850 0.078014
9 0.450860 0.791489 0.078624 0.147518
9 0.163391 0.160284 0.083538 0.127660
10 0.437961 0.550355 0.124079 0.070922
10 0.231572 0.273050 0.099509 0.112057
11 0.855651 0.697872 0.047912 0.150355
11 0.800369 0.456028 0.116708 0.126241
12 0.608108 0.534752 0.110565 0.056738
12 0.450860 0.527660 0.054054 0.133333
13 0.288084 0.074468 0.099509 0.078014
13 0.560811 0.614184 0.106880 0.056738
14 0.270270 0.205674 0.093366 0.056738
14 0.805897 0.583688 0.058968 0.083688
15 0.624079 0.195745 0.063882 0.102128
15 0.490786 0.159574 0.084767 0.072340
16 0.702703 0.375177 0.085995 0.058156
16 0.743243 0.519149 0.093366 0.070922
17 0.436118 0.404965 0.083538 0.046809
17 0.618550 0.272340 0.079853 0.051064
18 0.544226 0.104965 0.046683 0.090780
18 0.772113 0.687943 0.050369 0.053901
19 0.692875 0.448227 0.061425 0.068085
19 0.396192 0.520567 0.067568 0.062411
20 0.945332 0.592908 0.052826 0.062411
20 0.516585 0.314184 0.047912 0.052482
21 0.496314 0.100000 0.051597 0.058156
21 0.843366 0.596454 0.070025 0.038298
22 0.522113 0.898582 0.142506 0.083688
22 0.437961 0.258156 0.089681 0.124823