0 0.680505 0.729855 0.245487 0.120211
0 0.188628 0.561427 0.157040 0.113606
1 0.397112 0.328269 0.238267 0.109643
1 0.665162 0.899604 0.196751 0.121532
2 0.393502 0.256275 0.162455 0.113606
2 0.666968 0.505284 0.171480 0.112285
3 0.333032 0.863937 0.124549 0.171731
3 0.744585 0.089168 0.236462 0.120211
4 0.809567 0.782695 0.240072 0.112285
4 0.274368 0.804491 0.111913 0.147952
5 0.729242 0.808454 0.223827 0.108322
5 0.740072 0.536988 0.270758 0.054161
6 0.772563 0.347424 0.205776 0.095112
6 0.740072 0.239102 0.256318 0.050198
7 0.534296 0.868560 0.169675 0.101717
7 0.310469 0.658520 0.198556 0.077939
8 0.138989 0.625495 0.166065 0.096433
8 0.232852 0.395641 0.151625 0.107001
9 0.546029 0.089828 0.128159 0.113606
9 0.759025 0.241083 0.084838 0.154557
10 0.476534 0.084544 0.151625 0.087186
10 0.201264 0.479524 0.167870 0.108322
11 0.663357 0.134742 0.120939 0.147952
11 0.935018 0.740423 0.097473 0.141347
12 0.326715 0.067371 0.133574 0.100396
12 0.190433 0.415456 0.142599 0.075297
13 0.286101 0.390357 0.117329 0.101717
13 0.638087 0.897622 0.149819 0.043593
14 0.596570 0.634082 0.131769 0.071334
14 0.651625 0.431308 0.155235 0.035667
15 0.627256 0.381110 0.135379 0.043593
15 0.453069 0.431968 0.140794 0.052840
16 0.843863 0.702774 0.063177 0.105680
16 0.313177 0.570674 0.102888 0.095112
17 0.490072 0.519155 0.088448 0.076618
17 0.493682 0.188904 0.120939 0.063408
18 0.698556 0.653897 0.097473 0.047556
18 0.742780 0.399604 0.048736 0.077939
19 0.894404 0.869881 0.106498 0.064729
19 0.918773 0.667107 0.101083 0.060766
20 0.466606 0.590489 0.074007 0.058124
20 0.558664 0.560766 0.092058 0.043593
21 0.551444 0.460370 0.052347 0.070013
21 0.687726 0.607662 0.054152 0.068692
22 0.368231 0.522457 0.086643 0.141347
23 0.775271 0.588507 0.084838 0.038309