0 0.459032 0.601907 0.277467 0.135876
0 0.498138 0.915971 0.202980 0.091776
1 0.545624 0.186532 0.163873 0.113230
1 0.432030 0.805125 0.275605 0.075089
2 0.162942 0.318832 0.214153 0.091776
2 0.689944 0.908224 0.132216 0.128725
3 0.742086 0.766389 0.117318 0.112038
3 0.489758 0.579857 0.074488 0.151371
4 0.260708 0.248510 0.230912 0.072706
4 0.461825 0.744338 0.178771 0.106079
5 0.412477 0.721097 0.135940 0.126341
5 0.506518 0.772944 0.152700 0.113230
6 0.229981 0.420739 0.184358 0.092968
6 0.195531 0.333731 0.078212 0.133492
7 0.756983 0.724672 0.169460 0.066746
7 0.363128 0.172229 0.126629 0.110846
8 0.486965 0.339094 0.173184 0.075089
8 0.864060 0.730036 0.055866 0.110846
9 0.365922 0.581645 0.072626 0.112038
9 0.350093 0.489869 0.156425 0.066746
10 0.776536 0.501192 0.145251 0.060787
10 0.299814 0.337902 0.130354 0.101311
11 0.725326 0.581049 0.158287 0.065554
11 0.690875 0.812872 0.089385 0.092968
12 0.554935 0.393325 0.052142 0.090584
12 0.581937 0.443385 0.083799 0.085816
13 0.706704 0.640048 0.109870 0.071514
13 0.783054 0.647795 0.061453 0.082241
14 0.635009 0.790822 0.059590 0.082241
14 0.637803 0.600715 0.135940 0.085816
15 0.648976 0.462455 0.098696 0.069130
15 0.428305 0.792014 0.111732 0.041716
16 0.721601 0.444577 0.054004 0.088200
16 0.584730 0.085221 0.130354 0.051251
17 0.540968 0.834327 0.102421 0.030989
17 0.625698 0.939809 0.070764 0.060787
18 0.531657 0.602503 0.076350 0.036949
18 0.464618 0.376043 0.094972 0.053635
19 0.838920 0.802145 0.050279 0.057211
19 0.299814 0.407032 0.089385 0.046484
20 0.315642 0.178188 0.080074 0.051251
20 0.413408 0.307509 0.048417 0.052443
21 0.637803 0.675805 0.054004 0.052443
21 0.610801 0.759237 0.052142 0.050060
22 0.572626 0.747914 0.054004 0.120381
23 0.512104 0.739571 0.059590 0.039333