0 0.678383 0.155766 0.123023 0.197935
0 0.582601 0.238382 0.275923 0.187608
1 0.724077 0.511188 0.119508 0.258176
1 0.347979 0.172117 0.098418 0.337349
2 0.589631 0.640275 0.117750 0.182444
2 0.826011 0.617900 0.207381 0.172117
3 0.655536 0.537866 0.091388 0.222031
3 0.701230 0.848537 0.217926 0.165232
4 0.287346 0.540448 0.117750 0.206540
4 0.507030 0.239243 0.244288 0.058520
5 0.844464 0.877797 0.131810 0.172117
5 0.783831 0.569707 0.186292 0.099828
6 0.645870 0.893287 0.198594 0.055077
6 0.472759 0.597246 0.147627 0.172117
7 0.507030 0.767642 0.170475 0.092943
7 0.324253 0.783993 0.184534 0.115318
8 0.606327 0.956971 0.172232 0.065404
8 0.278559 0.432874 0.124780 0.149742
9 0.431459 0.521515 0.181019 0.072289
9 0.411248 0.262478 0.059754 0.177281
10 0.457821 0.376076 0.181019 0.067126
10 0.881371 0.765921 0.184534 0.068847
11 0.715290 0.686747 0.137083 0.165232
11 0.588752 0.438038 0.168717 0.118761
12 0.254833 0.324441 0.063269 0.153184
12 0.209139 0.508606 0.080844 0.139415
13 0.346221 0.445783 0.101933 0.117040
13 0.448155 0.438038 0.137083 0.046472
14 0.675747 0.716867 0.079086 0.132530
14 0.572935 0.163511 0.080844 0.141136
15 0.304042 0.191050 0.108963 0.082616
15 0.167838 0.213425 0.065026 0.117040
16 0.623902 0.328744 0.077329 0.113597
16 0.383128 0.278830 0.137083 0.068847
17 0.319859 0.101549 0.087873 0.092943
17 0.094903 0.117040 0.073814 0.096386
18 0.509666 0.172117 0.087873 0.061962
18 0.355888 0.314974 0.100176 0.048193
19 0.528120 0.338210 0.079086 0.080895
19 0.436731 0.649742 0.082601 0.070568
20 0.799649 0.710843 0.066784 0.058520
20 0.639719 0.510327 0.049209 0.074010
21 0.881371 0.455250 0.047452 0.091222
21 0.326889 0.360585 0.080844 0.046472
22 0.585237 0.128227 0.101933 0.156627
22 0.469244 0.645439 0.105448 0.165232