0 0.271898 0.369987 0.167883 0.090556
0 0.239051 0.414618 0.237226 0.073739
1 0.700730 0.531048 0.211679 0.071151
1 0.561131 0.153946 0.213504 0.085382
2 0.209854 0.193402 0.204380 0.055627
2 0.318431 0.093790 0.213504 0.104787
3 0.628650 0.300129 0.111314 0.121604
3 0.433394 0.481889 0.147810 0.091850
4 0.551095 0.628072 0.080292 0.125485
4 0.622263 0.598965 0.138686 0.093144
5 0.261861 0.266494 0.173358 0.046572
5 0.687044 0.357050 0.114964 0.113842
6 0.904197 0.512937 0.144161 0.071151
6 0.852190 0.529754 0.124088 0.089263
7 0.546533 0.343467 0.096715 0.102199
7 0.422445 0.553687 0.140511 0.069858
8 0.353102 0.650712 0.107664 0.080207
8 0.743613 0.135188 0.125912 0.063389
9 0.331204 0.576326 0.129562 0.065977
9 0.758212 0.245796 0.133212 0.072445
10 0.215328 0.530401 0.069343 0.106080
10 0.360401 0.424968 0.125912 0.089263
11 0.441606 0.113195 0.069343 0.097025
11 0.387774 0.087969 0.060219 0.098318
12 0.518248 0.733506 0.072993 0.082794
12 0.346715 0.152652 0.120438 0.038810
13 0.513686 0.212807 0.107664 0.053040
13 0.248175 0.643596 0.113139 0.037516
14 0.652372 0.172057 0.089416 0.064683
14 0.426095 0.246442 0.111314 0.047865
15 0.120438 0.570505 0.062044 0.077620
15 0.447993 0.665589 0.100365 0.058215
16 0.821168 0.210867 0.105839 0.051746
16 0.738139 0.371281 0.104015 0.056921
17 0.572993 0.778137 0.091241 0.045278
17 0.327555 0.312419 0.056569 0.063389
18 0.316606 0.950841 0.096715 0.043984
18 0.746350 0.190815 0.062044 0.055627
19 0.147810 0.395860 0.076642 0.051746
19 0.270985 0.343467 0.067518 0.063389
20 0.695255 0.179819 0.058394 0.041397
20 0.492701 0.501294 0.058394 0.050453
21 0.125000 0.320181 0.078467 0.040103
21 0.687044 0.276843 0.074818 0.041397
22 0.468066 0.749030 0.074818 0.100906
22 0.529197 0.814360 0.145985 0.047865