0 0.317105 0.363548 0.052632 0.309942
0 0.628947 0.729045 0.152632 0.233918
1 0.704605 0.307992 0.182895 0.109162
1 0.243421 0.501949 0.126316 0.267057
2 0.630921 0.575049 0.153947 0.074074
2 0.490789 0.119883 0.157895 0.087719
3 0.670395 0.691033 0.082895 0.196881
3 0.611842 0.765107 0.076316 0.216374
4 0.555263 0.129630 0.123684 0.134503
4 0.414474 0.297271 0.100000 0.165692
5 0.586184 0.747563 0.148684 0.068226
5 0.751974 0.340156 0.130263 0.126706
6 0.172368 0.706628 0.113158 0.161793
6 0.178947 0.834308 0.142105 0.089669
7 0.813158 0.408382 0.113158 0.095517
7 0.380263 0.719298 0.115789 0.081871
8 0.595395 0.403509 0.088158 0.109162
8 0.594737 0.231969 0.089474 0.120858
9 0.284868 0.315789 0.114474 0.054581
9 0.426316 0.853801 0.118421 0.058480
10 0.875000 0.309942 0.115789 0.093567
10 0.086184 0.137427 0.046053 0.173489
11 0.355921 0.784600 0.111842 0.079922
11 0.573684 0.649123 0.092105 0.105263
12 0.520395 0.322612 0.067105 0.118908
12 0.392763 0.188109 0.088158 0.056530
13 0.166447 0.398635 0.088158 0.095517
13 0.428947 0.294347 0.081579 0.054581
14 0.719737 0.784600 0.078947 0.103314
14 0.488158 0.608187 0.078947 0.066277
15 0.792105 0.612086 0.044737 0.109162
15 0.355263 0.411306 0.055263 0.101365
16 0.748026 0.480507 0.080263 0.052632
16 0.783553 0.527290 0.069737 0.099415
17 0.623684 0.470760 0.042105 0.099415
17 0.719079 0.258285 0.069737 0.060429
18 0.288816 0.502924 0.035526 0.097466
18 0.194737 0.497076 0.071053 0.077973
19 0.932237 0.365497 0.064474 0.056530
19 0.406579 0.503899 0.050000 0.056530
20 0.578947 0.294347 0.055263 0.054581
20 0.810526 0.231969 0.052632 0.062378
21 0.673684 0.486355 0.050000 0.072125
21 0.410526 0.388889 0.044737 0.083821
22 0.138158 0.578947 0.097368 0.155945
23 0.909868 0.409357 0.051316 0.066277