0 0.564022 0.954944 0.132552 0.042553
0 0.374662 0.600125 0.056808 0.168961
1 0.133454 0.321652 0.115419 0.120150
1 0.228133 0.471214 0.102795 0.116395
2 0.387737 0.926783 0.093778 0.073842
2 0.084761 0.460576 0.045086 0.152691
3 0.580703 0.911765 0.099188 0.038798
3 0.517583 0.454944 0.093778 0.051314
4 0.665915 0.554443 0.074842 0.105131
4 0.432822 0.429287 0.091975 0.040050
5 0.818305 0.375469 0.038774 0.130163
5 0.399008 0.348561 0.085663 0.053817
6 0.969342 0.844180 0.030658 0.121402
6 0.260144 0.533166 0.035167 0.125156
7 0.448602 0.619524 0.036970 0.100125
7 0.126240 0.327284 0.039675 0.073842
8 0.321461 0.426783 0.042381 0.102628
8 0.864743 0.841677 0.043282 0.103880
9 0.283589 0.475594 0.038774 0.085106
9 0.470243 0.584481 0.026150 0.097622
10 0.909829 0.788486 0.064923 0.082603
10 0.200631 0.653317 0.071235 0.070088
11 0.063120 0.344806 0.063120 0.088861
11 0.704238 0.540050 0.039675 0.098874
12 0.298467 0.632040 0.037872 0.087610
12 0.730839 0.501252 0.029757 0.086358
13 0.204689 0.559449 0.036069 0.082603
13 0.311091 0.500000 0.039675 0.076345
14 0.233995 0.435544 0.042381 0.077597
14 0.116772 0.282854 0.060415 0.060075
15 0.807033 0.484981 0.034265 0.076345
15 0.467989 0.792240 0.055906 0.047559
16 0.248422 0.387985 0.040577 0.070088
16 0.426060 0.588235 0.036970 0.070088
17 0.246168 0.641427 0.036069 0.063830
17 0.358882 0.377972 0.045086 0.057572
18 0.671326 0.081352 0.038774 0.062578
18 0.113616 0.421151 0.034265 0.061327
19 0.331830 0.690864 0.043282 0.055069
19 0.915239 0.853567 0.045086 0.037547
20 0.233093 0.527534 0.031560 0.041302
20 0.524346 0.719650 0.027953 0.057572
21 0.440938 0.538798 0.039675 0.036295
21 0.036069 0.629537 0.039675 0.050063
22 0.168170 0.374844 0.029757 0.108886
23 0.743913 0.568836 0.036069 0.048811