0 0.295977 0.563559 0.097701 0.153753
0 0.551724 0.321429 0.080460 0.148910
1 0.628736 0.383172 0.105747 0.156174
1 0.841954 0.754237 0.180460 0.113801
2 0.120690 0.838983 0.126437 0.121065
2 0.351724 0.559927 0.071264 0.207022
3 0.922414 0.351695 0.152874 0.098063
3 0.343678 0.817191 0.089655 0.162228
4 0.767241 0.779661 0.143678 0.096852
4 0.864943 0.552058 0.143678 0.077482
5 0.358046 0.056901 0.100000 0.084746
5 0.564943 0.879540 0.182759 0.061743
6 0.419540 0.909806 0.080460 0.136804
6 0.476437 0.700363 0.074713 0.112591
7 0.616092 0.674334 0.135632 0.089588
7 0.554598 0.768160 0.122989 0.073850
8 0.304023 0.848063 0.095402 0.110169
8 0.432759 0.067191 0.145977 0.071429
9 0.553448 0.109564 0.122989 0.102906
9 0.848276 0.390436 0.110345 0.078692
10 0.683333 0.646489 0.139080 0.087167
10 0.888506 0.708232 0.066667 0.159806
11 0.645977 0.299031 0.087356 0.118644
11 0.409770 0.480024 0.081609 0.064165
12 0.394253 0.766949 0.085057 0.119855
12 0.517241 0.680993 0.071264 0.112591
13 0.852299 0.634383 0.127586 0.079903
13 0.577586 0.781477 0.093103 0.054479
14 0.522989 0.503027 0.059770 0.112591
14 0.458621 0.476392 0.043678 0.107748
15 0.540805 0.656174 0.093103 0.079903
15 0.758621 0.624697 0.050575 0.089588
16 0.048276 0.829298 0.062069 0.101695
16 0.167241 0.857143 0.056322 0.053269
17 0.645977 0.204600 0.085057 0.060533
17 0.529310 0.430387 0.074713 0.052058
18 0.600575 0.643462 0.077011 0.052058
18 0.427011 0.714891 0.047126 0.069007
19 0.891954 0.156780 0.089655 0.054479
19 0.851149 0.595642 0.065517 0.053269
20 0.834483 0.500605 0.066667 0.052058
20 0.470690 0.558111 0.074713 0.038741
21 0.767816 0.583535 0.064368 0.038741
21 0.833333 0.562349 0.064368 0.059322
22 0.505747 0.829298 0.101149 0.070218
22 0.640230 0.816586 0.096552 0.088378