0 0.855455 0.375897 0.096364 0.183590
0 0.852273 0.184615 0.131818 0.178462
1 0.767727 0.372821 0.111818 0.140513
1 0.338636 0.221026 0.040909 0.230769
2 0.697273 0.236923 0.149091 0.090256
2 0.360000 0.145641 0.167273 0.038974
3 0.643182 0.180513 0.142727 0.051282
3 0.223182 0.728718 0.057273 0.126154
4 0.434091 0.463077 0.126364 0.072821
4 0.769091 0.443077 0.061818 0.145641
5 0.065000 0.368205 0.095455 0.149744
5 0.735909 0.537436 0.071818 0.145641
6 0.355000 0.133846 0.055455 0.140513
6 0.712273 0.378462 0.055455 0.121026
7 0.543636 0.274359 0.096364 0.099487
7 0.733636 0.578974 0.092727 0.095385
8 0.498182 0.193846 0.103636 0.071795
8 0.762727 0.654359 0.078182 0.106667
9 0.775909 0.151795 0.037273 0.118974
9 0.815000 0.829744 0.068182 0.116923
10 0.524091 0.691795 0.051818 0.107692
10 0.795455 0.543590 0.060000 0.116923
11 0.588636 0.077949 0.086364 0.092308
11 0.606364 0.208718 0.045455 0.117949
12 0.552727 0.712821 0.032727 0.098462
12 0.438182 0.960513 0.087273 0.066667
13 0.671818 0.402051 0.074545 0.067692
13 0.744091 0.070256 0.077273 0.066667
14 0.660000 0.666667 0.049091 0.096410
14 0.420909 0.398974 0.056364 0.065641
15 0.625909 0.722051 0.070000 0.034872
15 0.693636 0.112308 0.074545 0.058462
16 0.307727 0.463077 0.071818 0.066667
16 0.761818 0.364103 0.054545 0.069744
17 0.660909 0.475897 0.034545 0.077949
17 0.430455 0.711282 0.040909 0.076923
18 0.622273 0.750769 0.059091 0.043077
18 0.814091 0.367692 0.040909 0.066667
19 0.721364 0.100000 0.059091 0.040000
19 0.594545 0.681026 0.058182 0.038974
20 0.753182 0.151282 0.042727 0.031795
20 0.964091 0.907692 0.050000 0.036923
21 0.711364 0.433333 0.035455 0.060513
21 0.481364 0.424615 0.048182 0.053333
22 0.807727 0.073846 0.088182 0.106667
23 0.607273 0.826154 0.030909 0.056410