0 0.752604 0.368765 0.164931 0.148456
0 0.721354 0.618765 0.196181 0.111639
1 0.220486 0.689430 0.083333 0.238717
1 0.373264 0.516033 0.118056 0.203088
2 0.758681 0.254157 0.125000 0.102138
2 0.580729 0.227435 0.161458 0.127078
3 0.155382 0.514252 0.234375 0.085511
3 0.731771 0.672803 0.102431 0.136580
4 0.250000 0.485748 0.260417 0.045131
4 0.684028 0.479810 0.218750 0.066508
5 0.531250 0.566508 0.187500 0.104513
5 0.398438 0.577791 0.175347 0.143705
6 0.847222 0.349762 0.204861 0.077197
6 0.385417 0.736936 0.197917 0.105701
7 0.490451 0.331948 0.192708 0.058195
7 0.488715 0.295131 0.050347 0.157957
8 0.512153 0.421021 0.090278 0.110451
8 0.809028 0.288005 0.125000 0.115202
9 0.779514 0.164489 0.208333 0.043943
9 0.918403 0.244656 0.107639 0.097387
10 0.135417 0.624109 0.118056 0.117577
10 0.448785 0.694774 0.112847 0.102138
11 0.373264 0.736936 0.090278 0.117577
11 0.434028 0.676366 0.159722 0.053444
12 0.566840 0.073634 0.144097 0.045131
12 0.583333 0.657957 0.107639 0.076010
13 0.162326 0.555819 0.140625 0.049881
13 0.486979 0.954276 0.168403 0.029691
14 0.388889 0.191805 0.131944 0.084323
14 0.329861 0.774941 0.100694 0.098575
15 0.386285 0.320071 0.064236 0.086698
15 0.607639 0.051663 0.104167 0.065321
16 0.476562 0.603919 0.088542 0.079572
16 0.296007 0.418052 0.060764 0.095012
17 0.319444 0.538599 0.114583 0.065321
17 0.338542 0.269596 0.059028 0.087886
18 0.271701 0.302850 0.102431 0.066508
18 0.845486 0.427553 0.079861 0.061758
19 0.184896 0.407957 0.067708 0.070071
19 0.253472 0.390736 0.065972 0.059382
20 0.471354 0.382423 0.085069 0.047506
20 0.213542 0.347387 0.100694 0.034442
21 0.571181 0.355701 0.093750 0.041568
21 0.872396 0.212589 0.074653 0.059382
22 0.581597 0.136580 0.138889 0.078385
23 0.291667 0.807601 0.069444 0.066508