0 0.232480 0.633481 0.152291 0.222714
0 0.328167 0.640118 0.109164 0.215339
1 0.142857 0.363569 0.126685 0.178466
1 0.611860 0.514749 0.161725 0.200590
2 0.576146 0.740413 0.141509 0.120944
2 0.694744 0.736726 0.109164 0.237463
3 0.859838 0.520649 0.204852 0.064897
3 0.481806 0.316372 0.106469 0.175516
4 0.532345 0.151180 0.172507 0.163717
4 0.380054 0.188053 0.172507 0.166667
5 0.422507 0.423304 0.181941 0.135693
5 0.902291 0.710177 0.146900 0.246313
6 0.108491 0.508112 0.106469 0.154867
6 0.347035 0.109145 0.214286 0.129794
7 0.287736 0.357670 0.152291 0.110619
7 0.558625 0.199853 0.057951 0.219764
8 0.670485 0.334808 0.149596 0.109145
8 0.231806 0.469027 0.137466 0.091445
9 0.261456 0.193215 0.110512 0.103245
9 0.695418 0.836283 0.061995 0.212389
10 0.382075 0.825959 0.141509 0.103245
10 0.097035 0.539823 0.145553 0.209440
11 0.264825 0.316372 0.106469 0.110619
11 0.390836 0.501475 0.204852 0.067847
12 0.537736 0.651917 0.107817 0.115044
12 0.632075 0.573009 0.064690 0.148968
13 0.467655 0.766962 0.053908 0.159292
13 0.444070 0.635693 0.125337 0.120944
14 0.615903 0.467552 0.118598 0.088496
14 0.385445 0.247050 0.121294 0.104720
15 0.570755 0.612832 0.101078 0.084071
15 0.413073 0.163717 0.136119 0.047198
16 0.516846 0.510324 0.079515 0.132743
16 0.888814 0.595133 0.066038 0.131268
17 0.679919 0.488201 0.095687 0.058997
17 0.723720 0.519174 0.099730 0.047198
18 0.660377 0.420354 0.083558 0.079646
18 0.320081 0.592920 0.039084 0.115044
19 0.403639 0.727876 0.095687 0.069322
19 0.619272 0.376844 0.074124 0.089971
20 0.845687 0.468289 0.071429 0.063422
20 0.426550 0.685103 0.049865 0.042773
21 0.789757 0.665929 0.083558 0.057522
21 0.583558 0.347345 0.035040 0.084071
22 0.561321 0.881268 0.200809 0.069322
22 0.799865 0.356195 0.190027 0.092920