0 0.382927 0.208580 0.144715 0.153846
0 0.634959 0.126479 0.151220 0.096154
1 0.298374 0.336538 0.177236 0.173077
1 0.404065 0.616124 0.203252 0.161243
2 0.373984 0.292160 0.182114 0.072485
2 0.877236 0.529586 0.095935 0.180473
3 0.794309 0.370562 0.186992 0.054734
3 0.604878 0.191568 0.130081 0.143491
4 0.717886 0.741124 0.063415 0.159763
4 0.278862 0.756657 0.060163 0.161243
5 0.356098 0.753698 0.143089 0.110947
5 0.191870 0.542160 0.091057 0.122781
6 0.782114 0.683432 0.117073 0.076923
6 0.271545 0.923077 0.117073 0.076923
7 0.645528 0.553254 0.087805 0.124260
7 0.424390 0.488905 0.074797 0.122781
8 0.082114 0.586538 0.079675 0.131657
8 0.432520 0.380917 0.113821 0.102071
9 0.786179 0.861686 0.108943 0.102071
9 0.787805 0.417160 0.141463 0.044379
10 0.204065 0.815828 0.086179 0.128698
10 0.463415 0.140533 0.100813 0.106509
11 0.722764 0.204142 0.099187 0.133136
11 0.378049 0.544379 0.121951 0.091716
12 0.263415 0.489645 0.065041 0.100592
12 0.618699 0.836538 0.118699 0.066568
13 0.642276 0.404586 0.074797 0.116864
13 0.324390 0.843935 0.056911 0.099112
14 0.506504 0.116124 0.056911 0.110947
14 0.552033 0.803994 0.060163 0.093195
15 0.521951 0.224112 0.084553 0.081361
15 0.728455 0.832101 0.048780 0.090237
16 0.349593 0.798817 0.065041 0.088757
16 0.368293 0.173077 0.079675 0.088757
17 0.535772 0.849852 0.079675 0.066568
17 0.367480 0.226331 0.084553 0.053254
18 0.515447 0.633136 0.091057 0.053254
18 0.454472 0.596893 0.076423 0.063609
19 0.700000 0.483728 0.073171 0.073964
19 0.697561 0.579882 0.061789 0.068047
20 0.765854 0.781065 0.042276 0.065089
20 0.373171 0.666420 0.056911 0.057692
21 0.613821 0.653107 0.082927 0.039941
21 0.643089 0.619083 0.076423 0.045858
22 0.230894 0.403846 0.130081 0.073964
23 0.523577 0.517751 0.068293 0.062130