0 0.678414 0.451948 0.173275 0.083117
0 0.824523 0.764935 0.195301 0.077922
1 0.474302 0.214935 0.129222 0.172727
1 0.480176 0.337662 0.096916 0.106494
2 0.633627 0.720779 0.071953 0.153247
2 0.568282 0.338312 0.085169 0.157143
3 0.922173 0.753896 0.096916 0.136364
3 0.500734 0.509740 0.170338 0.063636
4 0.546990 0.535065 0.142438 0.114286
4 0.577093 0.374675 0.158590 0.048052
5 0.660793 0.923377 0.111601 0.072727
5 0.780470 0.650649 0.066079 0.127273
6 0.856094 0.685065 0.064611 0.115584
6 0.500000 0.268182 0.048458 0.123377
7 0.599119 0.644805 0.073421 0.094805
7 0.729075 0.557143 0.107195 0.072727
8 0.760646 0.540260 0.102790 0.067532
8 0.552129 0.865584 0.076358 0.102597
9 0.554332 0.452597 0.107195 0.053247
9 0.591777 0.574026 0.114537 0.070130
10 0.721733 0.610390 0.098385 0.083117
10 0.552863 0.709091 0.118943 0.070130
11 0.670338 0.403247 0.077827 0.089610
11 0.823789 0.750649 0.114537 0.064935
12 0.546256 0.410390 0.076358 0.075325
12 0.076358 0.044156 0.099853 0.059740
13 0.532305 0.664935 0.083700 0.064935
13 0.380323 0.399351 0.111601 0.050649
14 0.654185 0.890260 0.045521 0.087013
14 0.640969 0.567532 0.071953 0.062338
15 0.433921 0.422727 0.066079 0.066234
15 0.686490 0.425974 0.063142 0.054545
16 0.733480 0.711688 0.069016 0.062338
16 0.646843 0.688312 0.042584 0.070130
17 0.476505 0.477273 0.048458 0.066234
17 0.330396 0.459091 0.055800 0.074026
18 0.486050 0.429221 0.038179 0.061039
18 0.813510 0.787662 0.049927 0.061039
19 0.577093 0.895455 0.073421 0.037662
19 0.776065 0.506494 0.048458 0.051948
20 0.624082 0.961688 0.058737 0.035065
20 0.726138 0.575325 0.054332 0.031169
21 0.441997 0.462338 0.046990 0.059740
21 0.577093 0.549351 0.058737 0.038961
22 0.363436 0.562338 0.116006 0.080519
22 0.660793 0.815584 0.135095 0.041558