0 0.149254 0.478702 0.107463 0.135903
0 0.517910 0.603955 0.048756 0.191684
1 0.051244 0.772819 0.058706 0.174442
1 0.605970 0.788540 0.093532 0.110548
2 0.119900 0.146552 0.082587 0.074037
2 0.162189 0.914807 0.141294 0.095335
3 0.729851 0.043103 0.136318 0.065923
3 0.132836 0.873225 0.136318 0.050710
4 0.372139 0.165314 0.115423 0.109533
4 0.394527 0.365112 0.054726 0.070994
5 0.733333 0.576065 0.037811 0.135903
5 0.648259 0.579108 0.100498 0.062880
6 0.158209 0.943205 0.093532 0.093306
6 0.916915 0.289047 0.106468 0.103448
7 0.646766 0.629817 0.097512 0.056795
7 0.699502 0.475659 0.113433 0.046653
8 0.738308 0.255578 0.103483 0.062880
8 0.413930 0.328600 0.063682 0.097363
9 0.650249 0.713996 0.096517 0.054767
9 0.173134 0.492901 0.079602 0.058824
10 0.574129 0.579615 0.055721 0.092292
10 0.851741 0.074037 0.067662 0.103448
11 0.596020 0.754564 0.037811 0.099391
11 0.867662 0.094320 0.089552 0.081136
12 0.403980 0.414300 0.073632 0.067951
12 0.320398 0.701318 0.077612 0.069980
13 0.709453 0.659229 0.083582 0.040568
13 0.558706 0.257099 0.090547 0.045639
14 0.692040 0.606491 0.070647 0.058824
14 0.645771 0.568966 0.035821 0.085193
15 0.208955 0.547667 0.073632 0.034483
15 0.313433 0.658215 0.037811 0.075051
16 0.267164 0.765213 0.066667 0.053753
16 0.374627 0.399594 0.070647 0.038540
17 0.057711 0.822008 0.061692 0.045639
17 0.249751 0.088235 0.057711 0.054767
18 0.338308 0.352941 0.051741 0.044625
18 0.568159 0.771298 0.037811 0.057809
19 0.152736 0.457404 0.054726 0.028398
19 0.539801 0.533469 0.028856 0.058824
20 0.056219 0.303753 0.036816 0.047667
20 0.562189 0.100913 0.037811 0.051724
21 0.330348 0.375254 0.053731 0.026369
21 0.622388 0.657201 0.058706 0.034483
22 0.670149 0.542089 0.040796 0.112576
22 0.540796 0.621704 0.104478 0.060852