0 0.474783 0.362239 0.086957 0.116851
0 0.457826 0.281673 0.108696 0.078721
1 0.343478 0.709717 0.067826 0.177122
1 0.327391 0.452030 0.124348 0.129151
2 0.055217 0.614391 0.091304 0.121771
2 0.238696 0.367774 0.051304 0.179582
3 0.335217 0.587946 0.100000 0.103321
3 0.348261 0.115621 0.096522 0.086101
4 0.163043 0.306888 0.049565 0.161132
4 0.281304 0.352399 0.100000 0.131611
5 0.403043 0.150677 0.042609 0.168512
5 0.957826 0.950800 0.077391 0.098401
6 0.624783 0.354859 0.096522 0.109471
6 0.359565 0.541205 0.100000 0.068881
7 0.321739 0.301968 0.045217 0.138991
7 0.173913 0.207872 0.067826 0.120541
8 0.689565 0.410824 0.088696 0.073801
8 0.373043 0.267528 0.041739 0.104551
9 0.511739 0.325953 0.053043 0.110701
9 0.351739 0.547970 0.084348 0.065191
10 0.446957 0.222632 0.052174 0.123001
10 0.106522 0.396064 0.033913 0.125461
11 0.563913 0.344403 0.046087 0.100861
11 0.296957 0.489545 0.084348 0.068881
12 0.135652 0.404674 0.031304 0.105781
12 0.430870 0.031980 0.075652 0.049200
13 0.289565 0.445879 0.066087 0.043050
13 0.473478 0.345018 0.030435 0.097171
14 0.485652 0.237392 0.051304 0.098401
14 0.373478 0.373309 0.079130 0.038130
15 0.405217 0.304428 0.048696 0.075031
15 0.093913 0.373924 0.066087 0.059041
16 0.133043 0.239237 0.043478 0.094711
16 0.110870 0.321648 0.058261 0.065191
17 0.576957 0.285363 0.063478 0.046740
17 0.395652 0.474170 0.034783 0.079951
18 0.596522 0.357934 0.041739 0.063961
18 0.352174 0.588561 0.050435 0.043050
19 0.214348 0.247232 0.042609 0.063961
19 0.373043 0.181427 0.050435 0.055351
20 0.441304 0.562116 0.030435 0.056581
20 0.363043 0.445264 0.037391 0.041820
21 0.350870 0.329028 0.023478 0.070111
21 0.330000 0.480935 0.033913 0.039360
22 0.641739 0.458180 0.100870 0.062731
22 0.429565 0.415744 0.043478 0.132841