0 0.728988 0.575676 0.178388 0.264865
0 0.870497 0.854054 0.180103 0.252252
1 0.214408 0.453153 0.174957 0.207207
1 0.150943 0.346847 0.229846 0.153153
2 0.618353 0.835135 0.159520 0.120721
2 0.627787 0.441441 0.126930 0.241441
3 0.373070 0.563964 0.207547 0.183784
3 0.848199 0.633333 0.193825 0.135135
4 0.526587 0.294595 0.075472 0.218018
4 0.608062 0.694595 0.224700 0.095495
5 0.824185 0.745946 0.066895 0.234234
5 0.734134 0.222523 0.106346 0.243243
6 0.277015 0.153153 0.224700 0.086486
6 0.569468 0.616216 0.171527 0.129730
7 0.852487 0.252252 0.078902 0.190991
7 0.683533 0.754054 0.176672 0.059459
8 0.613208 0.234234 0.149228 0.129730
8 0.367925 0.441441 0.056604 0.176577
9 0.348199 0.632432 0.144082 0.097297
9 0.278731 0.218018 0.176672 0.064865
10 0.305317 0.408108 0.082333 0.124324
10 0.728130 0.466667 0.104631 0.151351
11 0.493997 0.459459 0.061750 0.187387
11 0.416810 0.389189 0.120069 0.169369
12 0.549743 0.490090 0.060034 0.144144
12 0.723842 0.475676 0.089194 0.129730
13 0.758148 0.370270 0.154374 0.102703
13 0.421098 0.496396 0.049743 0.142342
14 0.606346 0.092793 0.108062 0.124324
14 0.707547 0.578378 0.128645 0.075676
15 0.912521 0.476577 0.106346 0.099099
15 0.734134 0.843243 0.065180 0.133333
16 0.198971 0.321622 0.133791 0.088288
16 0.801029 0.271171 0.061750 0.131532
17 0.449400 0.207207 0.096055 0.086486
17 0.440823 0.279279 0.082333 0.100901
18 0.566895 0.150450 0.084048 0.099099
18 0.750429 0.685586 0.101201 0.066667
19 0.902230 0.383784 0.058319 0.104505
19 0.305317 0.300901 0.085763 0.090090
20 0.813894 0.463964 0.063465 0.066667
20 0.658662 0.309910 0.058319 0.075676
21 0.614065 0.605405 0.075472 0.054054
21 0.076329 0.261261 0.094340 0.061261
22 0.633791 0.470270 0.104631 0.169369
23 0.601201 0.565766 0.073756 0.050450