0 0.717520 0.468300 0.175197 0.121037
0 0.821850 0.362392 0.159449 0.159942
1 0.666339 0.226225 0.316929 0.109510
1 0.812992 0.186599 0.188976 0.108069
2 0.495079 0.193804 0.147638 0.139769
2 0.562008 0.363112 0.273622 0.069164
3 0.522638 0.885447 0.112205 0.194524
3 0.759843 0.515850 0.137795 0.126801
4 0.452756 0.768012 0.185039 0.115274
4 0.388780 0.102305 0.222441 0.083573
5 0.307087 0.806196 0.129921 0.105187
5 0.559055 0.507205 0.169291 0.146974
6 0.304134 0.659222 0.222441 0.110951
6 0.188976 0.731268 0.133858 0.145533
7 0.503937 0.269452 0.236220 0.043228
7 0.409449 0.554755 0.125984 0.138329
8 0.655512 0.710375 0.169291 0.126801
8 0.375000 0.137608 0.167323 0.113833
9 0.812992 0.139769 0.192913 0.072046
9 0.558071 0.492075 0.100394 0.159942
10 0.314961 0.554035 0.133858 0.102305
10 0.540354 0.913545 0.127953 0.149856
11 0.696850 0.323487 0.149606 0.119597
11 0.267717 0.657781 0.181102 0.110951
12 0.492126 0.727666 0.161417 0.048991
12 0.233268 0.201009 0.108268 0.105187
13 0.642717 0.582133 0.163386 0.060519
13 0.184055 0.505764 0.088583 0.100865
14 0.434055 0.176513 0.159449 0.059078
14 0.300197 0.468300 0.151575 0.048991
15 0.149606 0.399856 0.133858 0.056196
15 0.379921 0.609510 0.094488 0.086455
16 0.173228 0.442363 0.141732 0.069164
16 0.276575 0.677954 0.112205 0.087896
17 0.625984 0.822046 0.102362 0.076369
17 0.415354 0.056916 0.074803 0.056196
18 0.186024 0.634726 0.104331 0.053314
18 0.560039 0.207493 0.064961 0.086455
19 0.236220 0.159222 0.066929 0.079251
19 0.112205 0.593660 0.098425 0.054755
20 0.255906 0.596542 0.086614 0.037464
20 0.239173 0.487032 0.068898 0.060519
21 0.288386 0.304035 0.072835 0.072046
21 0.078740 0.578530 0.098425 0.053314
22 0.745079 0.122478 0.151575 0.115274
22 0.422244 0.656340 0.155512 0.064841