0 0.133387 0.507435 0.091054 0.330855
0 0.103035 0.608736 0.113419 0.306691
1 0.821086 0.394981 0.102236 0.210037
1 0.671725 0.240706 0.103834 0.262082
2 0.372204 0.789963 0.099042 0.234201
2 0.346645 0.354089 0.210863 0.143123
3 0.413738 0.223048 0.108626 0.152416
3 0.277157 0.855019 0.199681 0.122677
4 0.695687 0.275093 0.075080 0.215613
4 0.340256 0.877323 0.130990 0.200743
5 0.571885 0.776952 0.143770 0.133829
5 0.910543 0.252788 0.127796 0.193309
6 0.135783 0.609665 0.172524 0.130112
6 0.369808 0.478625 0.062300 0.217472
7 0.507987 0.480483 0.140575 0.113383
7 0.465655 0.539033 0.119808 0.144981
8 0.544728 0.723978 0.089457 0.143123
8 0.813898 0.214684 0.129393 0.139405
9 0.476837 0.623606 0.132588 0.117100
9 0.555911 0.881041 0.150160 0.078067
10 0.765974 0.453532 0.062300 0.174721
10 0.838658 0.135688 0.070288 0.144981
11 0.769169 0.235130 0.103834 0.150558
11 0.674121 0.547398 0.092652 0.161710
12 0.659744 0.860595 0.108626 0.111524
12 0.207668 0.490706 0.102236 0.107807
13 0.313099 0.203532 0.108626 0.102230
13 0.206070 0.724907 0.067093 0.137546
14 0.535942 0.348513 0.084665 0.135688
14 0.738019 0.533457 0.047923 0.133829
15 0.760383 0.137546 0.099042 0.070632
15 0.544728 0.561338 0.099042 0.096654
16 0.234026 0.342937 0.110224 0.076208
16 0.458466 0.747212 0.095847 0.081784
17 0.435304 0.671004 0.087859 0.066914
17 0.709265 0.664498 0.054313 0.098513
18 0.289936 0.749071 0.068690 0.089219
18 0.626997 0.439591 0.071885 0.072491
19 0.230831 0.278810 0.087859 0.070632
19 0.605431 0.493494 0.047923 0.091078
20 0.395367 0.366171 0.068690 0.052045
20 0.240415 0.510223 0.062300 0.068773
21 0.340256 0.289963 0.067093 0.066914
21 0.472045 0.359665 0.068690 0.057621
22 0.253195 0.678439 0.091054 0.118959
22 0.665335 0.525093 0.116613 0.169145