0 0.486425 0.614358 0.178733 0.057179
0 0.236425 0.211563 0.097285 0.105464
1 0.088235 0.339898 0.083710 0.102922
1 0.261878 0.341169 0.046380 0.171537
2 0.367647 0.423761 0.126697 0.100381
2 0.135747 0.188056 0.047511 0.144854
3 0.191176 0.071156 0.119910 0.063532
3 0.186652 0.435197 0.108597 0.092757
4 0.564480 0.361499 0.058824 0.125794
4 0.436086 0.454257 0.073529 0.120712
5 0.353507 0.259212 0.111991 0.073698
5 0.284502 0.387548 0.044118 0.111817
6 0.499434 0.684879 0.050905 0.111817
6 0.132353 0.341169 0.104072 0.057179
7 0.243213 0.147395 0.092760 0.040661
7 0.445136 0.688056 0.059955 0.102922
8 0.422511 0.263024 0.089367 0.048285
8 0.150452 0.130877 0.036199 0.099111
9 0.407805 0.130241 0.075792 0.090216
9 0.328620 0.118170 0.062217 0.101652
10 0.831448 0.761753 0.090498 0.062262
10 0.192873 0.221728 0.075792 0.077510
11 0.271493 0.197586 0.063348 0.092757
11 0.325226 0.177255 0.075792 0.092757
12 0.349548 0.375476 0.083710 0.062262
12 0.364819 0.310673 0.075792 0.062262
13 0.540724 0.440915 0.070136 0.045743
13 0.574661 0.510165 0.056561 0.077510
14 0.120475 0.054638 0.053167 0.071156
14 0.585407 0.378653 0.050905 0.068615
15 0.391403 0.487294 0.036199 0.074968
15 0.656674 0.951715 0.053167 0.068615
16 0.254525 0.067344 0.065611 0.055909
16 0.285068 0.113088 0.063348 0.035578
17 0.923077 0.819568 0.054299 0.066074
17 0.390271 0.193139 0.047511 0.058450
18 0.777149 0.806861 0.054299 0.055909
18 0.240950 0.237611 0.040724 0.050826
19 0.966629 0.536849 0.039593 0.064803
19 0.185520 0.124524 0.045249 0.058450
20 0.415724 0.212198 0.035068 0.048285
20 0.366516 0.170267 0.040724 0.040661
21 0.218326 0.246506 0.040724 0.053367
21 0.420249 0.292249 0.044118 0.038119
22 0.102376 0.104828 0.035068 0.102922
22 0.059389 0.270648 0.089367 0.055909