0 0.394292 0.610294 0.082452 0.147059
0 0.310782 0.606092 0.101480 0.102941
1 0.426004 0.496324 0.126850 0.114496
1 0.300740 0.934349 0.136364 0.091387
2 0.594609 0.470063 0.106765 0.114496
2 0.332981 0.868697 0.076110 0.130252
3 0.662791 0.301471 0.067653 0.115546
3 0.351480 0.528361 0.064482 0.121849
4 0.896934 0.390231 0.049683 0.114496
4 0.883192 0.465336 0.117336 0.063025
5 0.758985 0.649160 0.116279 0.092437
5 0.870507 0.355567 0.051797 0.118697
6 0.061311 0.739496 0.107822 0.058824
6 0.624736 0.336134 0.046512 0.102941
7 0.105708 0.821429 0.095137 0.052521
7 0.807611 0.455357 0.073996 0.082983
8 0.915433 0.504727 0.084567 0.064076
8 0.766385 0.043067 0.088795 0.071429
9 0.621036 0.267332 0.064482 0.087185
9 0.230973 0.734769 0.034884 0.093487
10 0.794926 0.482143 0.078224 0.079832
10 0.345137 0.888130 0.034884 0.089286
11 0.489958 0.389706 0.079281 0.075630
11 0.245243 0.872374 0.084567 0.068277
12 0.107294 0.611345 0.060254 0.069328
12 0.921247 0.375000 0.049683 0.069328
13 0.261628 0.806723 0.049683 0.067227
13 0.504757 0.585084 0.064482 0.052521
14 0.719873 0.256828 0.035941 0.076681
14 0.378436 0.654412 0.069767 0.052521
15 0.074524 0.284139 0.066596 0.043067
15 0.119450 0.802521 0.065539 0.033613
16 0.456660 0.620798 0.065539 0.033613
16 0.548097 0.574055 0.068710 0.038866
17 0.218288 0.286765 0.043340 0.058824
17 0.737844 0.555672 0.065539 0.033613
18 0.587738 0.428571 0.057082 0.035714
18 0.448732 0.505777 0.051797 0.043067
19 0.952960 0.400735 0.056025 0.038866
19 0.827696 0.250000 0.046512 0.054622
20 0.435518 0.599265 0.044397 0.030462
20 0.311311 0.621324 0.049683 0.032563
21 0.423362 0.699055 0.045455 0.043067
21 0.410677 0.540966 0.047569 0.042017
22 0.288055 0.515756 0.096195 0.050420
23 0.408034 0.612920 0.035941 0.038866