0 0.557971 0.808453 0.198946 0.239209
0 0.725296 0.264388 0.193676 0.230216
1 0.707510 0.357914 0.118577 0.118705
1 0.775362 0.586331 0.172596 0.223022
2 0.479578 0.894784 0.163373 0.163669
2 0.671278 0.798561 0.140975 0.122302
2 0.086298 0.151978 0.109354 0.167266
3 0.252306 0.233813 0.069829 0.176259
3 0.495389 0.332734 0.081686 0.219424
3 0.453228 0.334532 0.097497 0.205036
4 0.665349 0.677158 0.110672 0.113309
4 0.546772 0.861511 0.171278 0.125899
5 0.882740 0.503597 0.147563 0.147482
5 0.557971 0.339928 0.146245 0.089928
6 0.406456 0.692446 0.104084 0.161871
6 0.671937 0.213129 0.139657 0.131295
7 0.774045 0.758094 0.046113 0.188849
7 0.079710 0.264388 0.096179 0.107914
7 0.581686 0.276079 0.054018 0.199640
8 0.488142 0.163669 0.119895 0.143885
8 0.654150 0.277878 0.140975 0.055755
9 0.657444 0.419964 0.129117 0.088129
9 0.600132 0.714928 0.038208 0.185252
10 0.361001 0.700540 0.097497 0.127698
10 0.561924 0.508993 0.133070 0.057554
11 0.911726 0.561151 0.131752 0.071942
11 0.802372 0.857914 0.123847 0.093525
12 0.424901 0.548561 0.059289 0.129496
12 0.341238 0.437950 0.052701 0.131295
13 0.550725 0.685252 0.081686 0.089928
13 0.397892 0.392086 0.039526 0.140288
14 0.933465 0.621403 0.109354 0.077338
14 0.544796 0.439748 0.083004 0.091727
15 0.418972 0.262590 0.047431 0.107914
15 0.636364 0.129496 0.092227 0.053957
16 0.394598 0.571043 0.054018 0.113309
16 0.460474 0.114209 0.043478 0.142086
17 0.353096 0.316547 0.039526 0.107914
17 0.430171 0.148381 0.088274 0.070144
18 0.469697 0.544065 0.067194 0.055755
18 0.364954 0.389388 0.050066 0.077338
19 0.553360 0.596223 0.065876 0.062950
19 0.335968 0.171763 0.071146 0.066547
20 0.525033 0.629496 0.051383 0.046763
20 0.550066 0.544065 0.040843 0.066547
21 0.519104 0.406475 0.055336 0.064748
21 0.591568 0.562050 0.063241 0.048561
22 0.758235 0.138489 0.143610 0.079137
23 0.655468 0.069245 0.064559 0.052158