0 0.203560 0.752013 0.233746 0.141707
0 0.589009 0.653784 0.072755 0.286634
1 0.873839 0.391304 0.100619 0.193237
1 0.473684 0.895330 0.287926 0.103060
2 0.569659 0.363929 0.111455 0.138486
2 0.845201 0.344605 0.154799 0.167472
3 0.851393 0.859098 0.195046 0.172303
3 0.829721 0.185185 0.089783 0.231884
4 0.708204 0.392915 0.116099 0.219002
4 0.208204 0.491948 0.137771 0.169082
5 0.227554 0.668277 0.114551 0.196457
5 0.181115 0.332528 0.126935 0.169082
6 0.889319 0.542673 0.103715 0.119163
6 0.585913 0.475845 0.147059 0.127214
7 0.269350 0.388889 0.086687 0.175523
7 0.728328 0.821256 0.100619 0.173913
8 0.355263 0.641707 0.054180 0.162641
8 0.628483 0.581320 0.170279 0.048309
9 0.137771 0.549114 0.157895 0.074074
9 0.241486 0.850242 0.114551 0.128824
10 0.515480 0.723027 0.058824 0.151369
10 0.196594 0.885668 0.126935 0.132045
11 0.451238 0.743156 0.057276 0.169082
11 0.061920 0.542673 0.095975 0.164251
12 0.527090 0.491948 0.103715 0.091787
12 0.664087 0.421095 0.065015 0.120773
13 0.393963 0.739936 0.054180 0.127214
13 0.476006 0.512882 0.085139 0.123994
14 0.143189 0.355878 0.137771 0.077295
14 0.203560 0.581320 0.085139 0.106280
15 0.743808 0.665056 0.078947 0.096618
15 0.379257 0.485507 0.049536 0.114332
16 0.796440 0.477456 0.091331 0.091787
16 0.585913 0.326087 0.063467 0.120773
17 0.443498 0.574879 0.075851 0.077295
17 0.572755 0.214976 0.046440 0.107890
18 0.681115 0.512077 0.055728 0.080515
18 0.307276 0.746377 0.072755 0.066023
19 0.732972 0.913849 0.072755 0.082126
19 0.330495 0.208535 0.082043 0.082126
20 0.681115 0.625604 0.043344 0.085346
20 0.306502 0.483092 0.055728 0.064412
21 0.568111 0.682770 0.049536 0.070853
21 0.451238 0.425926 0.069659 0.078905
22 0.139319 0.530596 0.114551 0.181965
22 0.651703 0.674718 0.074303 0.154589