0 0.539225 0.928859 0.156902 0.096644
0 0.775074 0.308054 0.145978 0.127517
1 0.423535 0.242282 0.134062 0.130201
1 0.508937 0.632886 0.090367 0.111409
2 0.808342 0.712752 0.109235 0.120805
2 0.427011 0.263087 0.115194 0.139597
3 0.348064 0.502013 0.086395 0.112752
3 0.567031 0.557047 0.057597 0.147651
4 0.574479 0.302013 0.108242 0.102013
4 0.567031 0.565101 0.109235 0.085906
5 0.490070 0.485906 0.104270 0.088591
5 0.110725 0.248322 0.116187 0.077852
6 0.597319 0.406040 0.048659 0.114094
6 0.465243 0.334228 0.110228 0.067114
7 0.590864 0.200671 0.099305 0.046980
7 0.826216 0.618121 0.041708 0.111409
8 0.500000 0.295973 0.046673 0.097987
8 0.868918 0.594631 0.055611 0.104698
9 0.534757 0.412752 0.090367 0.057718
9 0.547666 0.279195 0.058590 0.110067
10 0.537239 0.367785 0.087388 0.075168
10 0.708540 0.364430 0.084409 0.068456
11 0.711023 0.202685 0.085402 0.088591
11 0.863952 0.583893 0.041708 0.118121
12 0.434955 0.616107 0.049652 0.104698
12 0.716981 0.318121 0.075472 0.042953
13 0.868918 0.463087 0.065541 0.075168
13 0.446872 0.381879 0.045680 0.100671
14 0.764151 0.380537 0.044687 0.087248
14 0.637041 0.354362 0.038729 0.091275
15 0.640516 0.284564 0.051639 0.077852
15 0.039722 0.440940 0.039722 0.097987
16 0.160874 0.391275 0.057597 0.079195
16 0.828699 0.406711 0.046673 0.077852
17 0.359484 0.276510 0.063555 0.045638
17 0.095829 0.044295 0.062562 0.061745
18 0.899702 0.480537 0.053625 0.042953
18 0.822741 0.554362 0.032771 0.064430
19 0.365442 0.583221 0.049652 0.063087
19 0.363456 0.332215 0.051639 0.060403
20 0.795432 0.369799 0.029791 0.057718
20 0.800397 0.423490 0.035750 0.052349
21 0.657398 0.384564 0.037736 0.052349
21 0.653426 0.216779 0.053625 0.044295
22 0.960278 0.621477 0.079444 0.096644
22 0.470705 0.546309 0.055611 0.091275