0 0.563620 0.192006 0.277778 0.164577
0 0.195341 0.467868 0.150538 0.214734
1 0.886201 0.810345 0.145161 0.153605
1 0.521505 0.079937 0.229391 0.106583
2 0.374552 0.201411 0.243728 0.079937
2 0.341398 0.615204 0.116487 0.173981
3 0.364695 0.739028 0.241935 0.054859
3 0.714158 0.349530 0.206093 0.112853
4 0.490143 0.739028 0.152330 0.173981
4 0.652330 0.268809 0.222222 0.123824
5 0.654122 0.510188 0.232975 0.061129
5 0.848566 0.518025 0.120072 0.095611
6 0.682796 0.746865 0.139785 0.126959
6 0.363799 0.200627 0.075269 0.188088
7 0.882616 0.660658 0.130824 0.130094
7 0.465950 0.846395 0.186380 0.059561
8 0.188172 0.315831 0.064516 0.158307
8 0.411290 0.478056 0.130824 0.090909
9 0.181004 0.627743 0.150538 0.133229
9 0.406810 0.762539 0.132616 0.145768
10 0.552867 0.664577 0.141577 0.084639
10 0.746416 0.836991 0.130824 0.072100
11 0.756272 0.596395 0.111111 0.089342
11 0.544803 0.195925 0.107527 0.141066
12 0.546595 0.380878 0.114695 0.100313
12 0.672939 0.752351 0.155914 0.053292
13 0.750896 0.671630 0.125448 0.076803
13 0.138889 0.487461 0.109319 0.112853
14 0.297491 0.368339 0.139785 0.065831
14 0.612007 0.935737 0.102151 0.078370
15 0.693548 0.836991 0.107527 0.065831
15 0.370072 0.882445 0.112903 0.059561
16 0.474910 0.455329 0.100358 0.073668
16 0.669355 0.576803 0.048387 0.115987
17 0.494624 0.409875 0.096774 0.073668
17 0.534946 0.925549 0.066308 0.092476
18 0.360215 0.631661 0.053763 0.090909
18 0.277778 0.365204 0.068100 0.081505
19 0.378136 0.314263 0.086022 0.061129
19 0.689068 0.413793 0.091398 0.062696
20 0.544803 0.637147 0.050179 0.067398
20 0.538530 0.491379 0.073477 0.057994
21 0.590502 0.554859 0.080645 0.056426
21 0.775090 0.732759 0.055556 0.064263
22 0.103047 0.325235 0.098566 0.120690
22 0.310932 0.097962 0.184588 0.067398