0 0.718550 0.519547 0.264392 0.088477
0 0.174840 0.272634 0.247335 0.104938
1 0.375267 0.426955 0.277186 0.063786
1 0.830490 0.271605 0.151386 0.201646
2 0.651386 0.796296 0.211087 0.106996
2 0.600213 0.185185 0.138593 0.135802
3 0.723881 0.239712 0.061834 0.195473
3 0.454158 0.518519 0.140725 0.160494
4 0.223881 0.676955 0.110874 0.189300
4 0.519190 0.211934 0.083156 0.172840
5 0.339019 0.106996 0.196162 0.078189
5 0.171642 0.575103 0.061834 0.158436
6 0.221748 0.279835 0.127932 0.152263
6 0.496802 0.741770 0.170576 0.084362
7 0.692964 0.690329 0.149254 0.080247
7 0.585288 0.891975 0.104478 0.150206
8 0.654584 0.368313 0.063966 0.135802
8 0.431770 0.398148 0.223881 0.059671
9 0.381663 0.669753 0.140725 0.117284
9 0.353945 0.188272 0.119403 0.113169
10 0.611940 0.592593 0.119403 0.090535
10 0.768657 0.378601 0.168443 0.061728
11 0.793177 0.622428 0.076759 0.141975
11 0.340085 0.457819 0.074627 0.154321
12 0.454158 0.108025 0.119403 0.088477
12 0.310235 0.235597 0.100213 0.096708
13 0.312367 0.808642 0.117271 0.090535
13 0.432836 0.234568 0.102345 0.090535
14 0.530917 0.720165 0.063966 0.106996
14 0.148188 0.466049 0.121535 0.067901
15 0.626866 0.269547 0.085288 0.090535
15 0.707889 0.479424 0.051173 0.102881
16 0.702559 0.637860 0.117271 0.045267
16 0.374200 0.384774 0.091684 0.078189
17 0.764392 0.832305 0.100213 0.084362
17 0.784648 0.265432 0.098081 0.065844
18 0.464819 0.245885 0.081023 0.067901
18 0.639659 0.466049 0.076759 0.055556
19 0.472281 0.790123 0.091684 0.053498
19 0.231343 0.341564 0.087420 0.061728
20 0.479744 0.691358 0.051173 0.057613
20 0.229211 0.481481 0.061834 0.061728
21 0.514925 0.649177 0.078891 0.047325
21 0.382729 0.723251 0.078891 0.047325
22 0.140725 0.276749 0.110874 0.146091
23 0.460554 0.171811 0.068230 0.076132