0 0.657380 0.758565 0.197289 0.110278
0 0.530873 0.857066 0.179217 0.091006
1 0.647590 0.881156 0.090361 0.145610
1 0.239458 0.737687 0.195783 0.122056
2 0.863705 0.517131 0.182229 0.062099
2 0.659639 0.198073 0.225904 0.057816
3 0.705572 0.696467 0.161145 0.048180
3 0.946536 0.857602 0.070783 0.117773
4 0.728916 0.268737 0.123494 0.100642
4 0.233434 0.390792 0.099398 0.111349
5 0.855422 0.952355 0.105422 0.091006
5 0.496988 0.389722 0.051205 0.128480
6 0.864458 0.852784 0.072289 0.105996
6 0.548193 0.874197 0.099398 0.095289
7 0.295934 0.717880 0.082831 0.084582
7 0.666416 0.375803 0.058735 0.094218
8 0.801958 0.531049 0.131024 0.055675
8 0.762801 0.417024 0.094880 0.080300
9 0.752259 0.469486 0.131024 0.052463
9 0.804217 0.247323 0.138554 0.068522
10 0.716114 0.367238 0.088855 0.087794
10 0.359187 0.313704 0.118976 0.072805
11 0.307229 0.198608 0.129518 0.052463
11 0.767319 0.802998 0.043675 0.089936
12 0.414157 0.798180 0.096386 0.035332
12 0.514307 0.186296 0.082831 0.077088
13 0.633283 0.532120 0.103916 0.053533
13 0.876506 0.650428 0.048193 0.069593
14 0.662651 0.297645 0.075301 0.068522
14 0.829066 0.647752 0.064759 0.066381
15 0.143072 0.658458 0.090361 0.053533
15 0.330572 0.283726 0.052711 0.064240
16 0.763554 0.739293 0.093373 0.050321
16 0.707831 0.721627 0.072289 0.040685
17 0.565512 0.302463 0.058735 0.063169
17 0.091114 0.558887 0.079819 0.038544
18 0.593373 0.411135 0.081325 0.038544
18 0.848645 0.580300 0.067771 0.049251
19 0.820783 0.896681 0.060241 0.048180
19 0.283133 0.454497 0.057229 0.050321
20 0.555723 0.029443 0.057229 0.050321
20 0.683735 0.497323 0.063253 0.035332
21 0.614458 0.697537 0.054217 0.046039
21 0.532380 0.752141 0.073795 0.041756
22 0.405120 0.478051 0.138554 0.056745
22 0.514307 0.667559 0.125000 0.052463