0 0.662130 0.556614 0.214201 0.063492
0 0.728994 0.624868 0.139645 0.077249
1 0.711243 0.757672 0.118343 0.110053
1 0.947337 0.460847 0.060355 0.113228
2 0.505325 0.415873 0.179882 0.059259
2 0.324852 0.253968 0.107692 0.137566
3 0.753846 0.914286 0.059172 0.146032
3 0.805917 0.628042 0.163314 0.087831
4 0.857988 0.592063 0.082840 0.100529
4 0.513018 0.561376 0.084024 0.075132
5 0.356213 0.403175 0.087574 0.093122
5 0.754438 0.904233 0.173964 0.049735
6 0.744379 0.361905 0.063905 0.124868
6 0.404142 0.423810 0.057988 0.147090
7 0.359172 0.332804 0.091124 0.106878
7 0.656213 0.567196 0.062722 0.118519
8 0.552071 0.335979 0.088757 0.104762
8 0.634911 0.662963 0.060355 0.108995
9 0.468639 0.476720 0.113609 0.077249
9 0.658580 0.790476 0.126627 0.074074
10 0.828402 0.631217 0.030769 0.117460
10 0.702367 0.551323 0.088757 0.067725
11 0.834911 0.849735 0.119527 0.067725
11 0.228402 0.479365 0.123077 0.095238
12 0.911834 0.556614 0.057988 0.071958
12 0.579882 0.626984 0.037870 0.089947
13 0.486391 0.658201 0.104142 0.040212
13 0.487574 0.612169 0.101775 0.049735
14 0.633728 0.681481 0.093491 0.052910
14 0.494083 0.527513 0.072189 0.068783
15 0.408284 0.560317 0.092308 0.037037
15 0.104142 0.241799 0.068639 0.073016
16 0.750888 0.807937 0.057988 0.077249
16 0.573964 0.588360 0.071006 0.057143
17 0.344970 0.056614 0.067456 0.064550
17 0.699408 0.830688 0.075740 0.048677
18 0.436095 0.248677 0.067456 0.044444
18 0.047337 0.071958 0.044970 0.067725
19 0.702959 0.880423 0.063905 0.046561
19 0.115385 0.275132 0.048521 0.061376
20 0.793491 0.676190 0.043787 0.044444
20 0.704734 0.286243 0.043787 0.053968
21 0.589349 0.475661 0.059172 0.058201
21 0.767456 0.557143 0.053254 0.041270
22 0.657396 0.468783 0.081657 0.074074
22 0.399408 0.183069 0.126627 0.082540