0 0.270735 0.468027 0.112559 0.152381
0 0.833531 0.727891 0.122038 0.182313
1 0.156398 0.377551 0.158768 0.077551
1 0.572867 0.639456 0.114929 0.092517
2 0.334716 0.468707 0.162322 0.142857
2 0.808057 0.542857 0.149289 0.095238
3 0.741706 0.752381 0.078199 0.195918
3 0.774289 0.593878 0.131517 0.159184
4 0.698460 0.581633 0.152844 0.102041
4 0.866706 0.636054 0.098341 0.151020
5 0.084123 0.310884 0.087678 0.104762
5 0.947867 0.640136 0.087678 0.110204
6 0.809834 0.720408 0.077014 0.088435
6 0.285545 0.129932 0.104265 0.159184
7 0.428318 0.461224 0.114929 0.087075
7 0.745261 0.678231 0.061611 0.159184
8 0.617299 0.693878 0.082938 0.127891
8 0.614929 0.891837 0.075829 0.088435
9 0.567536 0.764626 0.127962 0.051701
9 0.654028 0.592517 0.123223 0.074830
10 0.733412 0.898639 0.127962 0.069388
10 0.687204 0.674830 0.068720 0.136054
11 0.380332 0.393197 0.111374 0.103401
11 0.309834 0.382993 0.150474 0.042177
12 0.120853 0.423810 0.106635 0.050340
12 0.564573 0.708163 0.093602 0.066667
13 0.829384 0.859184 0.099526 0.053061
13 0.515995 0.296599 0.048578 0.141497
14 0.828791 0.921769 0.086493 0.099320
14 0.670024 0.776871 0.072275 0.089796
15 0.078791 0.234014 0.058057 0.097959
15 0.031991 0.279592 0.042654 0.104762
16 0.660545 0.904762 0.041469 0.111565
16 0.750000 0.897959 0.042654 0.100680
17 0.673578 0.536054 0.079384 0.051701
17 0.888626 0.837415 0.075829 0.091156
18 0.650474 0.745578 0.037915 0.081633
18 0.208531 0.497959 0.042654 0.084354
19 0.446682 0.393197 0.049763 0.065306
19 0.616114 0.828571 0.059242 0.070748
20 0.724526 0.625850 0.041469 0.062585
20 0.575237 0.835374 0.050948 0.051701
21 0.918839 0.699320 0.039100 0.078912
21 0.546209 0.810204 0.047393 0.058503
22 0.187796 0.487075 0.069905 0.141497
23 0.723934 0.842857 0.049763 0.077551