0 0.616114 0.145191 0.240126 0.177858
0 0.260664 0.415608 0.142180 0.206897
1 0.824645 0.515426 0.120063 0.221416
1 0.415482 0.563521 0.221169 0.103448
2 0.854660 0.646098 0.126382 0.196007
2 0.557662 0.110708 0.218009 0.072595
3 0.340442 0.625227 0.096367 0.215971
3 0.788310 0.517241 0.101106 0.199637
4 0.642970 0.584392 0.088468 0.196007
4 0.624803 0.477314 0.118483 0.181488
5 0.225908 0.626134 0.132701 0.098004
5 0.092417 0.621597 0.080569 0.208711
6 0.536335 0.521779 0.105845 0.172414
6 0.375197 0.302178 0.077409 0.194192
7 0.211690 0.290381 0.126382 0.148820
7 0.810427 0.460980 0.063191 0.174229
8 0.762243 0.808530 0.134281 0.070780
8 0.436809 0.352995 0.061611 0.176044
9 0.913902 0.400181 0.131122 0.103448
9 0.751185 0.905626 0.127962 0.098004
10 0.532385 0.508167 0.139021 0.101633
10 0.310427 0.277677 0.112164 0.141561
11 0.534755 0.321234 0.121643 0.127042
11 0.509479 0.702359 0.115324 0.119782
12 0.633491 0.813067 0.094787 0.068966
12 0.477883 0.727768 0.093207 0.090744
13 0.538705 0.671506 0.104265 0.087114
13 0.285940 0.594374 0.072670 0.107078
14 0.447867 0.469147 0.090047 0.099819
14 0.385466 0.611615 0.047393 0.130672
15 0.734597 0.713249 0.085308 0.090744
15 0.660348 0.270417 0.097946 0.054446
16 0.699842 0.208711 0.107425 0.068966
16 0.172196 0.531760 0.113744 0.047187
17 0.500790 0.808530 0.078989 0.070780
17 0.560821 0.437387 0.085308 0.072595
18 0.718009 0.564428 0.080569 0.065336
18 0.458926 0.609800 0.077409 0.061706
19 0.272512 0.436479 0.048973 0.085299
19 0.866509 0.359347 0.071090 0.087114
20 0.621643 0.336661 0.048973 0.081670
20 0.414692 0.735935 0.061611 0.045372
21 0.458926 0.769510 0.058452 0.058076
21 0.538705 0.432849 0.053712 0.092559
22 0.755924 0.646098 0.115324 0.079855
22 0.746445 0.294918 0.105845 0.168784