0 0.696733 0.248705 0.188920 0.165803
0 0.419034 0.644560 0.107955 0.205181
1 0.154830 0.363212 0.153409 0.251813
1 0.706676 0.884974 0.177557 0.130570
2 0.562500 0.758031 0.250000 0.098446
2 0.667614 0.085492 0.144886 0.092228
3 0.485795 0.877720 0.079545 0.205181
3 0.416903 0.172021 0.129261 0.134715
4 0.276989 0.178756 0.105114 0.191710
4 0.329545 0.606218 0.136364 0.082902
5 0.611506 0.850259 0.200284 0.127461
5 0.442472 0.086010 0.274148 0.060104
6 0.600852 0.343005 0.090909 0.113990
6 0.589489 0.880829 0.105114 0.155440
7 0.666193 0.680829 0.142045 0.132642
7 0.486506 0.524352 0.123580 0.064249
8 0.892045 0.581347 0.090909 0.132642
8 0.671875 0.408808 0.102273 0.135751
9 0.170455 0.838342 0.119318 0.138860
9 0.741477 0.594301 0.187500 0.086010
10 0.364347 0.717617 0.120739 0.148187
10 0.702415 0.655440 0.177557 0.117098
11 0.213068 0.175130 0.110795 0.143005
11 0.192472 0.772539 0.115057 0.081865
12 0.620739 0.547150 0.085227 0.111917
12 0.718750 0.504145 0.153409 0.056995
13 0.754261 0.504145 0.147727 0.073575
13 0.801136 0.417617 0.116477 0.113990
14 0.415483 0.134197 0.188920 0.046632
14 0.767756 0.676684 0.197443 0.041451
15 0.784091 0.489119 0.059659 0.099482
15 0.140625 0.860622 0.068182 0.081865
16 0.788352 0.599482 0.062500 0.110881
16 0.838068 0.557513 0.048295 0.111917
17 0.560369 0.497927 0.046875 0.086010
17 0.631392 0.164767 0.072443 0.089119
18 0.740057 0.436788 0.048295 0.079793
18 0.883523 0.498964 0.079545 0.075648
19 0.512784 0.582902 0.082386 0.054922
19 0.718040 0.600000 0.061080 0.074611
20 0.727273 0.367358 0.048295 0.052850
20 0.691051 0.301036 0.075284 0.052850
21 0.615767 0.419689 0.089489 0.043523
21 0.532670 0.058549 0.088068 0.042487
22 0.549716 0.645596 0.090909 0.103627
22 0.816761 0.354404 0.164773 0.145078