0 0.434003 0.373239 0.113343 0.149296
0 0.561693 0.446479 0.098996 0.200000
1 0.147059 0.675352 0.216643 0.066197
1 0.406743 0.831690 0.081779 0.173239
2 0.231707 0.549296 0.159254 0.095775
2 0.506456 0.564085 0.146341 0.077465
3 0.199426 0.411268 0.065997 0.154930
3 0.621951 0.671831 0.162123 0.078873
4 0.644907 0.687324 0.139168 0.112676
4 0.141320 0.651408 0.061693 0.156338
5 0.494978 0.750000 0.106169 0.130986
5 0.627690 0.785915 0.064562 0.154930
6 0.319943 0.808451 0.086083 0.087324
6 0.269010 0.486620 0.101865 0.130986
7 0.201578 0.888028 0.107604 0.114085
7 0.294118 0.684507 0.045911 0.129577
8 0.568867 0.345775 0.139168 0.052113
8 0.645624 0.550000 0.057389 0.122535
9 0.576758 0.748592 0.100430 0.102817
9 0.223816 0.884507 0.100430 0.115493
10 0.694405 0.430986 0.088953 0.126761
10 0.931133 0.069014 0.068867 0.090141
11 0.475610 0.669014 0.076040 0.118310
11 0.446198 0.756338 0.065997 0.107042
12 0.187948 0.728873 0.091822 0.066197
12 0.327834 0.561972 0.044476 0.076056
13 0.399570 0.910563 0.096126 0.046479
13 0.340029 0.533803 0.091822 0.090141
14 0.436872 0.534507 0.093257 0.052113
14 0.386657 0.685211 0.064562 0.063380
15 0.606887 0.573944 0.077475 0.069014
15 0.435438 0.780986 0.093257 0.080282
16 0.546628 0.839437 0.080344 0.070423
16 0.448350 0.921831 0.055954 0.091549
17 0.632712 0.453521 0.071736 0.053521
17 0.507174 0.595775 0.070301 0.056338
18 0.513630 0.670423 0.045911 0.064789
18 0.187948 0.618310 0.068867 0.047887
19 0.385940 0.637324 0.057389 0.046479
19 0.584648 0.416901 0.055954 0.045070
20 0.369440 0.508451 0.038737 0.056338
20 0.460545 0.496479 0.060258 0.035211
21 0.555237 0.692958 0.063128 0.036620
21 0.547346 0.471127 0.061693 0.063380
22 0.316356 0.616197 0.090387 0.108451
23 0.543042 0.907042 0.038737 0.061972