0 0.446463 0.533053 0.223709 0.097356
0 0.643403 0.593149 0.151052 0.094952
1 0.704589 0.730769 0.212237 0.141827
1 0.206501 0.413462 0.191205 0.132212
2 0.262906 0.557091 0.101338 0.181490
2 0.227533 0.596755 0.195029 0.082933
3 0.792543 0.552284 0.170172 0.075721
3 0.298279 0.838341 0.099426 0.147837
4 0.383365 0.326923 0.120459 0.151442
4 0.387189 0.649038 0.173996 0.108173
5 0.815488 0.609375 0.173996 0.120192
5 0.799235 0.844952 0.137667 0.108173
6 0.337476 0.644832 0.166348 0.082933
6 0.183556 0.580529 0.080306 0.132212
7 0.401530 0.341947 0.141491 0.078125
7 0.482792 0.083534 0.101338 0.114183
8 0.334608 0.468750 0.149140 0.052885
8 0.872849 0.870192 0.082218 0.098558
9 0.655832 0.921875 0.061185 0.105769
9 0.571702 0.662861 0.156788 0.066106
10 0.119503 0.741587 0.059273 0.120192
10 0.657744 0.146635 0.122371 0.076923
11 0.566922 0.225962 0.131931 0.098558
11 0.399618 0.686899 0.141491 0.085337
12 0.664436 0.844952 0.089866 0.072115
12 0.396750 0.851562 0.116635 0.054087
13 0.479924 0.501202 0.053537 0.093750
13 0.427342 0.703125 0.086042 0.069712
14 0.634799 0.666466 0.126195 0.066106
14 0.259082 0.529447 0.112811 0.070913
15 0.764818 0.835938 0.110899 0.051683
15 0.593690 0.353365 0.055449 0.081731
16 0.485660 0.792668 0.126195 0.037260
16 0.409178 0.180889 0.130019 0.061298
17 0.455067 0.751803 0.099426 0.051683
17 0.508604 0.209135 0.122371 0.033654
18 0.623327 0.515625 0.076482 0.062500
18 0.370937 0.599159 0.080306 0.051683
19 0.377629 0.939904 0.086042 0.045673
19 0.618547 0.305889 0.093690 0.046875
20 0.413002 0.896034 0.076482 0.030048
20 0.198853 0.805288 0.091778 0.033654
21 0.511472 0.593750 0.070746 0.043269
21 0.319312 0.575120 0.084130 0.030048
22 0.162524 0.415865 0.175908 0.057692
23 0.499044 0.364784 0.084130 0.049279