0 0.672474 0.252632 0.222997 0.198496
0 0.243031 0.272180 0.179443 0.261654
1 0.514808 0.788722 0.200348 0.121805
1 0.581882 0.263158 0.153310 0.189474
2 0.170732 0.580451 0.188153 0.144361
2 0.754355 0.254135 0.167247 0.171429
3 0.351045 0.861654 0.123693 0.111278
3 0.360627 0.772932 0.243902 0.057143
4 0.439895 0.267669 0.186411 0.168421
4 0.870209 0.409023 0.162021 0.207519
5 0.288328 0.242105 0.221254 0.102256
5 0.452962 0.583459 0.202091 0.108271
6 0.322300 0.556391 0.188153 0.120301
6 0.479965 0.116541 0.123693 0.160902
7 0.621080 0.735338 0.134146 0.117293
7 0.473868 0.454135 0.188153 0.069173
8 0.151568 0.317293 0.153310 0.099248
8 0.141115 0.473684 0.163763 0.102256
9 0.786585 0.485714 0.123693 0.177444
9 0.144599 0.474436 0.083624 0.163910
10 0.476481 0.530827 0.175958 0.063158
10 0.494774 0.600000 0.139373 0.069173
11 0.879791 0.566165 0.202091 0.064662
11 0.416376 0.149624 0.156794 0.091729
12 0.485192 0.872180 0.151568 0.081203
12 0.513066 0.421053 0.134146 0.075188
13 0.292683 0.354887 0.104530 0.105263
13 0.450348 0.479699 0.130662 0.063158
14 0.472997 0.650376 0.141115 0.046617
14 0.381533 0.662406 0.073171 0.112782
15 0.681185 0.114286 0.097561 0.099248
15 0.324042 0.666165 0.087108 0.117293
16 0.469512 0.700752 0.123693 0.060150
16 0.256969 0.672932 0.057491 0.103759
17 0.335366 0.420301 0.050523 0.088722
17 0.551394 0.932331 0.116725 0.063158
18 0.762195 0.384211 0.064460 0.073684
18 0.540070 0.274436 0.104530 0.064662
19 0.506969 0.356391 0.094077 0.039098
19 0.263937 0.154887 0.071429 0.096241
20 0.740418 0.771429 0.066202 0.066165
20 0.161150 0.239098 0.050523 0.060150
21 0.470383 0.254135 0.048780 0.072180
21 0.496516 0.409774 0.083624 0.055639
22 0.594948 0.863158 0.165505 0.093233
23 0.707317 0.842105 0.080139 0.078195