0 0.313886 0.220989 0.147541 0.131181
0 0.903086 0.258325 0.135969 0.143290
1 0.494696 0.894551 0.061716 0.138244
1 0.402122 0.512614 0.113790 0.121090
2 0.625844 0.937941 0.081003 0.124117
2 0.441176 0.667003 0.083896 0.096872
3 0.438284 0.255802 0.054966 0.126135
3 0.334619 0.128658 0.050145 0.120081
4 0.517840 0.216953 0.032787 0.133199
4 0.531340 0.872856 0.071360 0.104945
5 0.433944 0.539354 0.082932 0.067608
5 0.468177 0.546418 0.099325 0.057518
6 0.420444 0.355197 0.055931 0.100908
6 0.946962 0.347629 0.090646 0.079717
7 0.034716 0.326942 0.034716 0.104945
7 0.845227 0.257820 0.078110 0.047427
8 0.490839 0.667508 0.098361 0.033300
8 0.346673 0.299697 0.045323 0.086781
9 0.712150 0.831483 0.072324 0.074672
9 0.585342 0.838547 0.090646 0.054490
10 0.067502 0.422301 0.054002 0.095863
10 0.487464 0.596367 0.083896 0.048436
11 0.500482 0.785066 0.075217 0.050454
11 0.436837 0.569627 0.030858 0.087790
12 0.604629 0.200807 0.054002 0.074672
12 0.466249 0.752775 0.056895 0.074672
13 0.370781 0.215943 0.066538 0.040363
13 0.914658 0.242684 0.039537 0.071645
14 0.370781 0.646821 0.064609 0.044400
14 0.388139 0.181130 0.051109 0.071645
15 0.318708 0.181130 0.043394 0.059536
15 0.475410 0.585267 0.059788 0.030272
16 0.346191 0.507064 0.054002 0.059536
16 0.202025 0.079717 0.047252 0.066599
17 0.283992 0.051968 0.043394 0.061554
17 0.462392 0.220989 0.054966 0.030272
18 0.624397 0.254289 0.051109 0.032291
18 0.476374 0.916246 0.050145 0.036327
19 0.421890 0.875378 0.031823 0.055499
19 0.392960 0.538345 0.035680 0.045409
20 0.403568 0.451564 0.037608 0.035318
20 0.538573 0.839556 0.027965 0.038345
21 0.585342 0.878406 0.048216 0.031282
21 0.476856 0.303734 0.026037 0.046418
22 0.404050 0.392028 0.061716 0.089808
22 0.459499 0.351665 0.060752 0.063572