0 0.696850 0.562215 0.074016 0.192716
0 0.629921 0.150228 0.081890 0.212443
1 0.763780 0.798938 0.176378 0.113809
1 0.124409 0.141882 0.122835 0.186646
2 0.133858 0.133536 0.157480 0.118361
2 0.907874 0.624431 0.146457 0.156297
3 0.751969 0.229135 0.140157 0.124431
3 0.144094 0.290592 0.108661 0.138088
4 0.482677 0.295144 0.165354 0.047041
4 0.565354 0.932473 0.166929 0.074355
5 0.262205 0.504552 0.061417 0.141123
5 0.503150 0.821700 0.083465 0.107739
6 0.459055 0.374052 0.067717 0.144158
6 0.655906 0.617602 0.055118 0.130501
7 0.681890 0.695751 0.135433 0.077390
7 0.766142 0.449924 0.074016 0.135053
8 0.562992 0.244310 0.118110 0.088012
8 0.488189 0.630501 0.066142 0.113809
9 0.411811 0.188923 0.102362 0.107739
9 0.078740 0.522762 0.119685 0.071320
10 0.711811 0.094082 0.107087 0.106222
10 0.438583 0.614568 0.067717 0.109256
11 0.104724 0.283763 0.092913 0.115326
11 0.685827 0.923369 0.118110 0.074355
12 0.788976 0.462822 0.100787 0.069803
12 0.370079 0.569044 0.072441 0.088012
13 0.462992 0.779970 0.085039 0.081942
13 0.129921 0.386950 0.086614 0.066768
14 0.400000 0.735964 0.050394 0.103187
14 0.436220 0.683612 0.081890 0.065250
15 0.076378 0.462064 0.080315 0.059181
15 0.848819 0.485584 0.085039 0.063733
16 0.488189 0.222307 0.047244 0.086495
16 0.580315 0.625190 0.089764 0.060698
17 0.744882 0.329287 0.085039 0.057663
17 0.646457 0.179059 0.077165 0.057663
18 0.355906 0.458270 0.075591 0.048558
18 0.438583 0.738998 0.067717 0.042489
19 0.362205 0.527314 0.056693 0.065250
19 0.466142 0.386191 0.066142 0.037936
20 0.144094 0.492413 0.058268 0.053111
20 0.311811 0.518968 0.050394 0.063733
21 0.218110 0.449924 0.055118 0.059181
21 0.514961 0.481032 0.056693 0.066768
22 0.132283 0.433232 0.125984 0.065250
22 0.669291 0.856601 0.119685 0.089530