0 0.483154 0.245114 0.149596 0.131922
0 0.164420 0.894951 0.196765 0.125407
1 0.632075 0.215798 0.161725 0.223127
1 0.636119 0.232085 0.105121 0.135179
2 0.902291 0.514658 0.119946 0.169381
2 0.279650 0.508143 0.082210 0.208469
3 0.888140 0.434039 0.105121 0.197068
3 0.407682 0.438111 0.114555 0.192182
4 0.542453 0.565961 0.079515 0.200326
4 0.101752 0.463355 0.171159 0.057003
5 0.217655 0.683225 0.154987 0.073290
5 0.597035 0.478827 0.140162 0.130293
6 0.650943 0.448697 0.075472 0.161238
6 0.377358 0.581433 0.088949 0.136808
7 0.179245 0.741857 0.134771 0.057003
7 0.322102 0.565961 0.053908 0.138436
8 0.117925 0.538274 0.066038 0.148208
8 0.326146 0.442997 0.132075 0.058632
9 0.430593 0.661238 0.066038 0.136808
9 0.377358 0.581433 0.088949 0.136808
10 0.165094 0.785831 0.130728 0.047231
10 0.253369 0.657980 0.123989 0.048860
11 0.367925 0.285016 0.086253 0.143322
11 0.599730 0.109935 0.110512 0.070033
12 0.564016 0.358306 0.103774 0.058632
12 0.568733 0.437296 0.088949 0.096091
13 0.050539 0.607492 0.071429 0.110749
13 0.941375 0.758143 0.103774 0.083062
14 0.437332 0.334691 0.095687 0.066775
14 0.117925 0.700326 0.106469 0.052117
15 0.867925 0.126221 0.059299 0.096091
15 0.502695 0.741857 0.088949 0.073290
16 0.258086 0.555375 0.087601 0.068404
16 0.595013 0.680782 0.071429 0.084691
17 0.483154 0.469055 0.055256 0.084691
17 0.438005 0.390065 0.078167 0.047231
18 0.533019 0.417752 0.068733 0.047231
18 0.503369 0.610749 0.063342 0.065147
19 0.194744 0.605049 0.068733 0.070033
19 0.417116 0.553746 0.063342 0.055375
20 0.520889 0.508143 0.041779 0.068404
20 0.566038 0.570033 0.056604 0.039088
21 0.512803 0.378664 0.057951 0.040717
21 0.597035 0.487785 0.029650 0.086319
22 0.815364 0.450326 0.078167 0.151466
22 0.240566 0.391694 0.090296 0.115635