0 0.258065 0.522849 0.131048 0.250000
0 0.255544 0.770161 0.202621 0.118280
1 0.226310 0.922715 0.170363 0.108871
1 0.347278 0.730511 0.210685 0.197581
2 0.598286 0.775538 0.099798 0.163978
2 0.506048 0.391801 0.151210 0.146505
3 0.578629 0.258737 0.141129 0.122312
3 0.509073 0.368952 0.177419 0.057796
4 0.700605 0.549059 0.092742 0.122312
4 0.472278 0.539651 0.123992 0.098118
5 0.361391 0.444892 0.069556 0.153226
5 0.218750 0.798387 0.129032 0.153226
6 0.769657 0.630376 0.069556 0.099462
6 0.878024 0.098118 0.098790 0.096774
7 0.649194 0.368952 0.131048 0.087366
7 0.657258 0.667339 0.143145 0.068548
8 0.362399 0.606855 0.138105 0.052419
8 0.202621 0.554435 0.129032 0.065860
9 0.297379 0.229167 0.129032 0.065860
9 0.715222 0.311156 0.119960 0.116935
10 0.458669 0.702285 0.084677 0.116935
10 0.667843 0.387769 0.097782 0.106183
11 0.216230 0.649194 0.109879 0.094086
11 0.280242 0.890457 0.080645 0.116935
12 0.503528 0.601478 0.103831 0.047043
12 0.512097 0.360887 0.066532 0.108871
13 0.287298 0.513441 0.106855 0.045699
13 0.479335 0.539651 0.091734 0.068548
14 0.305948 0.290995 0.083669 0.065860
14 0.395161 0.743280 0.056452 0.126344
15 0.053931 0.477151 0.093750 0.083333
15 0.703629 0.612903 0.044355 0.123656
16 0.507560 0.491935 0.083669 0.045699
16 0.593750 0.422043 0.076613 0.064516
17 0.941028 0.092742 0.065524 0.091398
17 0.271673 0.308468 0.079637 0.087366
18 0.775202 0.551747 0.064516 0.060484
18 0.241935 0.488575 0.064516 0.063172
19 0.681956 0.561828 0.039315 0.083333
19 0.359879 0.555108 0.058468 0.051075
20 0.525706 0.281586 0.053427 0.049731
20 0.732359 0.750000 0.043347 0.080645
21 0.699597 0.472446 0.052419 0.047043
21 0.434476 0.591398 0.040323 0.072581
22 0.682964 0.744624 0.063508 0.131720
23 0.140625 0.489247 0.071573 0.056452