0 0.914894 0.759282 0.133739 0.209158
0 0.737082 0.912748 0.215805 0.142327
1 0.611702 0.346535 0.165653 0.170792
1 0.512158 0.097772 0.191489 0.121287
2 0.570669 0.249381 0.150456 0.122525
2 0.821429 0.899134 0.150456 0.169554
3 0.843465 0.564356 0.121581 0.160891
3 0.401216 0.120668 0.273556 0.085396
4 0.354103 0.883045 0.197568 0.139851
4 0.537994 0.881807 0.170213 0.095297
5 0.767477 0.556931 0.130699 0.071782
5 0.210486 0.084158 0.156535 0.141089
6 0.376140 0.378713 0.098784 0.185644
6 0.458207 0.332921 0.101824 0.163366
7 0.078267 0.283416 0.095745 0.143564
7 0.643617 0.423886 0.101824 0.149752
8 0.687690 0.615718 0.147416 0.132426
8 0.416413 0.113243 0.167173 0.085396
9 0.369301 0.731436 0.194529 0.064356
9 0.784954 0.756188 0.189970 0.076733
10 0.370821 0.834158 0.155015 0.111386
10 0.278875 0.520421 0.092705 0.144802
11 0.529635 0.599010 0.095745 0.131188
11 0.627660 0.363243 0.091185 0.095297
12 0.250000 0.440594 0.050152 0.118812
12 0.291033 0.569926 0.113982 0.115099
13 0.493921 0.784035 0.103343 0.095297
13 0.394377 0.246287 0.162614 0.064356
14 0.647416 0.495668 0.133739 0.077970
14 0.392857 0.438738 0.144377 0.035891
15 0.313070 0.364480 0.054711 0.100248
15 0.527356 0.457302 0.109422 0.075495
16 0.596505 0.528465 0.080547 0.056931
16 0.871581 0.886757 0.120061 0.082921
17 0.336626 0.591584 0.086626 0.076733
17 0.544833 0.115099 0.086626 0.074257
18 0.468845 0.516089 0.065350 0.076733
18 0.568389 0.811881 0.066869 0.081683
19 0.727964 0.457921 0.088146 0.042079
19 0.288754 0.662129 0.112462 0.034653
20 0.544833 0.439356 0.047112 0.051980
20 0.200608 0.163985 0.054711 0.073020
21 0.123860 0.191832 0.110942 0.034653
21 0.584347 0.652228 0.080547 0.032178
22 0.594225 0.162748 0.161094 0.070545
22 0.227964 0.892946 0.188450 0.120050