0 0.860656 0.904861 0.224044 0.190278
0 0.556694 0.387500 0.143443 0.177778
1 0.137978 0.229167 0.254098 0.155556
1 0.778005 0.763889 0.157104 0.127778
2 0.415984 0.301389 0.129781 0.105556
2 0.304645 0.354167 0.103825 0.188889
3 0.529372 0.578472 0.102459 0.109722
3 0.185792 0.129167 0.125683 0.208333
4 0.187158 0.661111 0.207650 0.050000
4 0.371585 0.226389 0.147541 0.108333
5 0.732240 0.669444 0.133880 0.150000
5 0.605191 0.797917 0.109290 0.118056
6 0.301913 0.150000 0.112022 0.122222
6 0.258880 0.529167 0.080601 0.127778
7 0.549863 0.920139 0.124317 0.081944
7 0.681011 0.465278 0.091530 0.161111
8 0.486339 0.759028 0.125683 0.120833
8 0.734973 0.898611 0.101093 0.108333
9 0.121585 0.552083 0.128415 0.068056
9 0.154372 0.657639 0.073770 0.151389
10 0.240437 0.258333 0.122951 0.077778
10 0.316257 0.866667 0.045082 0.161111
11 0.463115 0.544444 0.120219 0.138889
11 0.603825 0.719444 0.057377 0.152778
12 0.383880 0.499306 0.106557 0.062500
12 0.221311 0.592361 0.098361 0.098611
13 0.409153 0.778472 0.061475 0.115278
13 0.569672 0.872917 0.114754 0.059722
14 0.690574 0.638194 0.113388 0.073611
14 0.270492 0.818750 0.125683 0.076389
15 0.660519 0.536806 0.086066 0.073611
15 0.187158 0.470139 0.103825 0.048611
16 0.678962 0.874306 0.081967 0.062500
16 0.186475 0.111111 0.121585 0.044444
17 0.310792 0.764583 0.083333 0.062500
17 0.429645 0.411111 0.086066 0.066667
18 0.660519 0.704167 0.066940 0.055556
19 0.064891 0.266667 0.042350 0.091667
19 0.088115 0.387500 0.066940 0.072222
20 0.116803 0.311806 0.042350 0.073611
21 0.719945 0.447917 0.065574 0.062500
21 0.314208 0.501389 0.065574 0.050000
22 0.534836 0.668750 0.110656 0.084722
23 0.572404 0.354167 0.060109 0.072222