0 0.649837 0.299200 0.070033 0.166400
0 0.640879 0.851200 0.149837 0.073600
1 0.068811 0.580800 0.116450 0.176000
1 0.511401 0.733600 0.068404 0.251200
2 0.572068 0.576000 0.041531 0.220800
2 0.653909 0.759200 0.120521 0.116800
3 0.676710 0.365600 0.068404 0.148800
3 0.247150 0.766400 0.105049 0.076800
4 0.866042 0.636800 0.090391 0.121600
4 0.442182 0.826400 0.076547 0.180800
5 0.268322 0.772000 0.041531 0.184000
5 0.661645 0.723200 0.078990 0.160000
6 0.802524 0.636800 0.064332 0.150400
6 0.714577 0.673600 0.069218 0.121600
7 0.543974 0.939200 0.087948 0.057600
7 0.748779 0.112800 0.092020 0.110400
8 0.651873 0.908800 0.078990 0.080000
8 0.539088 0.635200 0.029316 0.153600
9 0.153909 0.628800 0.074919 0.137600
9 0.700733 0.067200 0.092020 0.073600
10 0.825326 0.807200 0.082248 0.132800
10 0.616857 0.512000 0.048046 0.124800
11 0.948290 0.319200 0.093648 0.110400
11 0.773208 0.820000 0.090391 0.056000
12 0.924267 0.691200 0.034202 0.131200
12 0.325326 0.733600 0.062704 0.097600
13 0.242264 0.570400 0.067590 0.084800
13 0.562296 0.563200 0.025244 0.124800
14 0.601792 0.408000 0.060261 0.089600
14 0.644544 0.480800 0.048046 0.116800
15 0.241857 0.624000 0.055375 0.067200
15 0.672231 0.772000 0.051303 0.081600
16 0.622150 0.640000 0.040717 0.102400
16 0.588762 0.665600 0.030945 0.102400
17 0.166938 0.513600 0.057003 0.054400
17 0.769137 0.116000 0.043160 0.104000
18 0.765472 0.674400 0.042345 0.075200
18 0.395358 0.414400 0.051303 0.076800
19 0.228827 0.712000 0.043974 0.073600
19 0.449919 0.788000 0.038274 0.084800
20 0.185261 0.787200 0.026873 0.073600
20 0.445033 0.660000 0.031759 0.068800
21 0.644137 0.823200 0.039088 0.043200
21 0.605049 0.588800 0.040717 0.048000
22 0.514658 0.525600 0.087948 0.065600
22 0.485342 0.848800 0.037459 0.145600