0 0.322647 0.352556 0.208731 0.167759
0 0.503411 0.844037 0.240109 0.123198
1 0.173261 0.895806 0.278308 0.127130
1 0.858799 0.390564 0.211460 0.167759
2 0.842428 0.490170 0.200546 0.062910
2 0.575034 0.191350 0.118690 0.178244
3 0.463165 0.695282 0.099591 0.161206
3 0.918827 0.583879 0.107776 0.179554
4 0.703956 0.675623 0.117326 0.158585
4 0.839700 0.663827 0.162347 0.127130
5 0.706003 0.397772 0.077763 0.161206
5 0.877217 0.709043 0.122783 0.157274
6 0.452933 0.500655 0.120055 0.136304
6 0.643247 0.106160 0.113233 0.149410
7 0.323329 0.438401 0.111869 0.129751
7 0.459754 0.197248 0.051842 0.148100
8 0.740791 0.625819 0.125512 0.098296
8 0.810368 0.418087 0.060027 0.131062
9 0.826057 0.572084 0.107776 0.121887
9 0.620055 0.378113 0.135061 0.064220
10 0.367667 0.180210 0.115962 0.121887
10 0.202592 0.790301 0.066849 0.141547
11 0.578445 0.315858 0.147340 0.073394
11 0.271487 0.612058 0.054570 0.152031
12 0.343111 0.711664 0.072306 0.112713
12 0.381992 0.798165 0.109141 0.083879
13 0.834243 0.318480 0.113233 0.060288
13 0.546385 0.737877 0.091405 0.081258
14 0.418145 0.695282 0.105048 0.077326
14 0.603683 0.749672 0.050477 0.107471
15 0.669850 0.760157 0.092769 0.073394
15 0.759209 0.431848 0.053206 0.090433
16 0.344475 0.259502 0.064120 0.094364
16 0.283765 0.250328 0.057299 0.110092
17 0.732606 0.286370 0.092769 0.058978
17 0.540246 0.805374 0.060027 0.090433
18 0.656889 0.825033 0.069577 0.066841
18 0.501364 0.191350 0.055935 0.073394
19 0.663029 0.682831 0.057299 0.073394
19 0.538881 0.658585 0.043656 0.074705
20 0.803547 0.743775 0.062756 0.056356
20 0.546385 0.180210 0.053206 0.058978
21 0.521828 0.079292 0.066849 0.066841
21 0.450887 0.365007 0.058663 0.072084
22 0.882674 0.404980 0.098226 0.138925
23 0.431787 0.263434 0.047749 0.062910