0 0.667256 0.605134 0.161366 0.073350
0 0.872792 0.659535 0.141343 0.072127
1 0.269729 0.746333 0.110718 0.138142
1 0.634276 0.531174 0.182568 0.067237
2 0.485866 0.509169 0.093051 0.118582
2 0.949941 0.617971 0.088339 0.059902
3 0.697291 0.945599 0.087161 0.103912
3 0.912839 0.713936 0.040047 0.124694
4 0.292108 0.844132 0.103651 0.106357
4 0.272674 0.399756 0.093051 0.107579
5 0.594229 0.541565 0.093051 0.088020
5 0.276796 0.691320 0.047114 0.130807
6 0.332155 0.336186 0.077739 0.095355
6 0.065960 0.180929 0.115430 0.053790
7 0.242049 0.561125 0.060071 0.110024
7 0.436396 0.388753 0.062426 0.100244
8 0.823910 0.627139 0.093051 0.039120
8 0.818021 0.731051 0.093051 0.048900
9 0.947585 0.684597 0.036514 0.097800
9 0.553004 0.528729 0.078916 0.079462
10 0.689046 0.652812 0.091873 0.053790
10 0.689635 0.750000 0.097762 0.057457
11 0.751472 0.188264 0.077739 0.073350
11 0.497644 0.356357 0.036514 0.079462
12 0.186101 0.042176 0.042403 0.081907
12 0.451119 0.332518 0.068316 0.046455
13 0.264429 0.355134 0.036514 0.079462
13 0.472909 0.391809 0.048292 0.074572
14 0.761484 0.744499 0.064782 0.063570
14 0.576561 0.587408 0.062426 0.062347
15 0.295053 0.498778 0.053004 0.066015
15 0.673734 0.880196 0.070671 0.056235
16 0.342167 0.426650 0.045936 0.073350
16 0.442285 0.297066 0.064782 0.044010
17 0.316843 0.556235 0.054181 0.061125
17 0.536514 0.592910 0.048292 0.041565
18 0.240283 0.834352 0.044759 0.059902
18 0.207892 0.369804 0.038869 0.059902
19 0.474087 0.281174 0.053004 0.041565
19 0.353946 0.907702 0.034158 0.059902
20 0.680801 0.703545 0.035336 0.052567
20 0.275618 0.448655 0.044759 0.039120
21 0.306243 0.242665 0.044759 0.047677
21 0.048292 0.358802 0.037691 0.055012
22 0.388693 0.117359 0.047114 0.112469
23 0.760306 0.891809 0.053004 0.035452