0 0.539786 0.767884 0.115202 0.181126
0 0.835511 0.359209 0.191211 0.103501
1 0.698337 0.207763 0.090261 0.226788
1 0.795724 0.285388 0.099762 0.147641
2 0.479810 0.472603 0.099762 0.129376
2 0.476841 0.826484 0.136580 0.143075
3 0.347387 0.461948 0.157957 0.083714
3 0.421021 0.680365 0.150831 0.112633
4 0.881829 0.242770 0.096200 0.129376
4 0.612233 0.542618 0.096200 0.071537
5 0.605701 0.066971 0.109264 0.124810
5 0.884798 0.159817 0.071259 0.182648
6 0.519002 0.907154 0.142518 0.076104
6 0.327197 0.318113 0.115202 0.140030
7 0.473278 0.288432 0.089074 0.123288
7 0.928741 0.421613 0.140143 0.057839
8 0.939430 0.406393 0.040380 0.164384
8 0.478029 0.618721 0.043943 0.150685
9 0.697743 0.423896 0.115202 0.077626
9 0.075416 0.501522 0.096200 0.141553
10 0.824822 0.147641 0.089074 0.136986
10 0.361639 0.283866 0.124703 0.089802
11 0.718527 0.535769 0.118765 0.082192
11 0.611639 0.139269 0.116390 0.080670
12 0.372328 0.510654 0.086698 0.086758
12 0.576603 0.272451 0.065321 0.118721
13 0.383017 0.597412 0.103325 0.053272
13 0.278504 0.357686 0.034442 0.136986
14 0.634204 0.227549 0.083135 0.086758
14 0.508907 0.152207 0.086698 0.091324
15 0.596200 0.631659 0.066508 0.100457
15 0.639549 0.471081 0.053444 0.086758
16 0.673990 0.262557 0.079572 0.080670
16 0.854513 0.174277 0.046318 0.105023
17 0.242874 0.292998 0.048694 0.101979
17 0.438242 0.881279 0.071259 0.057839
18 0.617577 0.203196 0.066508 0.068493
18 0.539786 0.630898 0.062945 0.068493
19 0.737530 0.582953 0.038005 0.091324
19 0.633610 0.360731 0.074822 0.066971
20 0.446556 0.942161 0.061758 0.054795
20 0.324822 0.412481 0.043943 0.076104
21 0.527316 0.580670 0.047506 0.071537
21 0.577197 0.162861 0.038005 0.057839
22 0.430523 0.382801 0.127078 0.083714
23 0.368171 0.563166 0.057007 0.039574