0 0.502740 0.189655 0.254795 0.116711
0 0.433562 0.124005 0.283562 0.131300
1 0.368493 0.504642 0.161644 0.165782
1 0.421233 0.535146 0.154795 0.155172
2 0.702055 0.260610 0.168493 0.181698
2 0.285616 0.563660 0.086301 0.212202
3 0.614384 0.832228 0.176712 0.141910
3 0.435616 0.225464 0.063014 0.201592
4 0.277397 0.603448 0.141096 0.135279
4 0.818493 0.507294 0.121918 0.139257
5 0.741096 0.609416 0.063014 0.189655
5 0.139726 0.726127 0.145205 0.173740
6 0.254110 0.812997 0.091781 0.177719
6 0.637671 0.109416 0.119178 0.176393
7 0.124658 0.474801 0.139726 0.111406
7 0.348630 0.449602 0.078082 0.119363
8 0.760959 0.128647 0.124658 0.135279
8 0.325342 0.783156 0.146575 0.086207
9 0.641096 0.667109 0.115068 0.127321
9 0.629452 0.403846 0.072603 0.152520
10 0.430822 0.922414 0.141096 0.099469
10 0.618493 0.794430 0.100000 0.143236
11 0.367808 0.359416 0.110959 0.111406
11 0.858904 0.549735 0.093151 0.160477
12 0.531507 0.122016 0.128767 0.053050
12 0.348630 0.872679 0.061644 0.127321
13 0.363014 0.289788 0.120548 0.041114
13 0.686986 0.619363 0.100000 0.095491
14 0.496575 0.721485 0.102740 0.079576
14 0.460959 0.860743 0.113699 0.066313
15 0.604795 0.702918 0.097260 0.061008
15 0.686301 0.627984 0.063014 0.086207
16 0.449315 0.767905 0.098630 0.063660
16 0.580822 0.462865 0.101370 0.058355
17 0.465068 0.400531 0.089041 0.053050
17 0.166438 0.525862 0.086301 0.054377
18 0.195205 0.648541 0.042466 0.087533
18 0.579452 0.406499 0.049315 0.080902
19 0.719178 0.387931 0.095890 0.046419
19 0.611644 0.801724 0.080822 0.064987
20 0.412329 0.710212 0.068493 0.043767
20 0.158904 0.663130 0.063014 0.053050
21 0.675342 0.321618 0.052055 0.072944
21 0.461644 0.812334 0.079452 0.038462
22 0.707534 0.381300 0.080822 0.165782
23 0.261644 0.693634 0.063014 0.050398