0 0.330189 0.244856 0.215633 0.164609
0 0.729111 0.648148 0.134771 0.144033
1 0.535714 0.561728 0.192722 0.197531
1 0.773585 0.410494 0.126685 0.183128
2 0.277628 0.601852 0.064690 0.290123
2 0.473720 0.448560 0.057951 0.255144
3 0.276280 0.269547 0.053908 0.230453
3 0.653639 0.388889 0.105121 0.238683
4 0.132749 0.477366 0.095687 0.156379
4 0.375337 0.432099 0.138814 0.213992
5 0.223720 0.443416 0.094340 0.187243
5 0.131402 0.180041 0.049865 0.228395
6 0.134771 0.245885 0.134771 0.129630
6 0.712938 0.619342 0.134771 0.205761
7 0.741240 0.258230 0.137466 0.121399
7 0.411051 0.440329 0.064690 0.205761
8 0.076146 0.164609 0.079515 0.160494
8 0.332884 0.635802 0.059299 0.181070
9 0.708895 0.775720 0.107817 0.160494
9 0.630728 0.454733 0.142857 0.094650
10 0.518194 0.375514 0.049865 0.207819
10 0.139488 0.697531 0.074124 0.160494
11 0.461590 0.639918 0.090296 0.176955
11 0.899596 0.584362 0.165768 0.102881
12 0.237197 0.789095 0.072776 0.150206
12 0.845013 0.796296 0.091644 0.098765
13 0.381402 0.587449 0.072776 0.121399
13 0.595687 0.765432 0.099730 0.082305
14 0.217655 0.556584 0.057951 0.121399
14 0.580863 0.655350 0.099730 0.109053
15 0.159030 0.768519 0.059299 0.125514
15 0.530323 0.599794 0.049865 0.117284
16 0.349730 0.452675 0.071429 0.123457
16 0.080189 0.337449 0.084906 0.094650
17 0.632749 0.899177 0.084906 0.065844
17 0.646226 0.555556 0.041779 0.123457
18 0.283693 0.414609 0.068733 0.063786
18 0.214286 0.247942 0.043127 0.092593
19 0.331536 0.341564 0.072776 0.053498
19 0.356469 0.275720 0.055256 0.098765
20 0.355121 0.382716 0.055256 0.057613
20 0.599057 0.704733 0.039084 0.080247
21 0.586927 0.421811 0.063342 0.057613
21 0.542453 0.777778 0.052561 0.078189
22 0.351078 0.766461 0.095687 0.179012
22 0.215633 0.138889 0.086253 0.109053