0 0.229951 0.631518 0.155483 0.183082
0 0.418167 0.222480 0.070376 0.236385
1 0.774959 0.589224 0.191489 0.195829
1 0.236498 0.178447 0.188216 0.199305
2 0.635843 0.212051 0.188216 0.136732
2 0.296236 0.226535 0.183306 0.149479
3 0.511457 0.577057 0.096563 0.173812
3 0.508183 0.666280 0.240589 0.101970
4 0.476268 0.137891 0.111293 0.152955
4 0.615385 0.891657 0.114566 0.165701
5 0.929624 0.435689 0.130933 0.148320
5 0.295417 0.801275 0.145663 0.098494
6 0.554828 0.679027 0.075286 0.150637
6 0.853519 0.772306 0.152209 0.103129
7 0.761047 0.248552 0.068740 0.133256
7 0.523732 0.922364 0.137480 0.085747
8 0.729133 0.207416 0.168576 0.071842
8 0.123568 0.304751 0.171849 0.099652
9 0.696399 0.350521 0.148936 0.098494
9 0.220949 0.556779 0.130933 0.110081
10 0.409165 0.558517 0.068740 0.136732
10 0.865794 0.566628 0.150573 0.106605
11 0.656301 0.600811 0.062193 0.130939
11 0.642390 0.736964 0.073650 0.132097
12 0.585106 0.437428 0.073650 0.107764
12 0.226678 0.203940 0.162029 0.055620
13 0.291326 0.529548 0.124386 0.081112
13 0.540917 0.546929 0.145663 0.050985
14 0.381342 0.756083 0.117840 0.091541
14 0.408347 0.560834 0.129296 0.069525
15 0.400982 0.647161 0.121113 0.054461
15 0.730769 0.812283 0.063830 0.101970
16 0.356792 0.348783 0.134206 0.037080
16 0.352700 0.429896 0.063830 0.090382
17 0.718494 0.650058 0.104746 0.037080
17 0.496727 0.163963 0.106383 0.049826
18 0.206219 0.661645 0.055646 0.074160
18 0.463993 0.741599 0.044190 0.076477
19 0.495090 0.366744 0.090016 0.047509
19 0.365794 0.429316 0.116203 0.045191
20 0.407529 0.384125 0.062193 0.052144
20 0.489362 0.322711 0.081833 0.040556
21 0.508183 0.406721 0.086743 0.039397
21 0.829787 0.724218 0.075286 0.060255
22 0.628478 0.066628 0.202946 0.066049
22 0.218494 0.713789 0.152209 0.095017