0 0.619289 0.154026 0.125212 0.105018
0 0.629442 0.838973 0.074450 0.177363
1 0.495347 0.823804 0.092217 0.161027
1 0.495770 0.711202 0.086294 0.150525
2 0.884518 0.642357 0.034687 0.173862
2 0.701777 0.811552 0.129442 0.050175
3 0.374365 0.169778 0.078680 0.138856
3 0.345178 0.398483 0.109983 0.059510
4 0.472504 0.100350 0.076988 0.140023
4 0.381980 0.457410 0.075296 0.091015
5 0.685279 0.920653 0.084602 0.123687
5 0.439086 0.561260 0.065990 0.123687
6 0.598562 0.603267 0.032995 0.126021
6 0.806261 0.886231 0.052453 0.124854
7 0.517766 0.184364 0.094755 0.042007
7 0.840525 0.535589 0.076988 0.088681
8 0.510152 0.645858 0.065990 0.061844
8 0.617174 0.652275 0.027919 0.114352
9 0.706007 0.611435 0.068528 0.088681
9 0.829103 0.686114 0.038917 0.126021
10 0.662437 0.682030 0.032149 0.115519
10 0.433587 0.740957 0.038071 0.098016
11 0.468274 0.308635 0.039763 0.115519
11 0.413283 0.399067 0.051607 0.102684
12 0.515651 0.067095 0.044839 0.096849
12 0.352792 0.392065 0.049069 0.081680
13 0.568951 0.074679 0.031303 0.105018
13 0.845601 0.810385 0.071912 0.045508
14 0.752961 0.708285 0.040609 0.093349
14 0.885364 0.418903 0.036379 0.091015
15 0.928934 0.391482 0.033841 0.087515
15 0.310491 0.186698 0.059222 0.070012
16 0.588832 0.453909 0.054146 0.058343
16 0.722081 0.778880 0.060068 0.036173
17 0.836717 0.282380 0.045685 0.074679
17 0.680626 0.854726 0.027919 0.068845
18 0.904822 0.264294 0.056684 0.059510
18 0.587563 0.682614 0.034687 0.063011
19 0.496616 0.683197 0.038917 0.052509
19 0.924704 0.465578 0.032149 0.070012
20 0.955584 0.226954 0.044839 0.040840
21 0.704738 0.557176 0.037225 0.047841
21 0.618866 0.431739 0.041455 0.039673
22 0.046531 0.511085 0.064298 0.114352
23 0.545262 0.509918 0.043147 0.053676