0 0.530303 0.410401 0.164983 0.091479
0 0.148709 0.127820 0.072952 0.218045
1 0.181818 0.362155 0.141414 0.115288
1 0.682941 0.272556 0.142536 0.134085
2 0.044893 0.306391 0.058361 0.166667
2 0.660494 0.909774 0.129068 0.100251
3 0.301347 0.187343 0.106622 0.124060
3 0.140853 0.219298 0.097643 0.125313
4 0.405724 0.609649 0.124579 0.071429
4 0.698653 0.277569 0.072952 0.126566
5 0.487654 0.184211 0.129068 0.060150
5 0.632435 0.531955 0.061728 0.136591
6 0.073513 0.411028 0.106622 0.040100
6 0.280022 0.550125 0.111111 0.047619
7 0.318182 0.140977 0.102132 0.068922
7 0.106622 0.491228 0.103255 0.070175
8 0.668350 0.583333 0.090909 0.056391
8 0.485410 0.608396 0.046016 0.106516
9 0.185746 0.479950 0.095398 0.060150
9 0.652076 0.677318 0.078563 0.093985
10 0.695286 0.661654 0.072952 0.105263
10 0.438833 0.357143 0.040404 0.112782
11 0.942200 0.870927 0.093154 0.097744
11 0.691358 0.201128 0.105499 0.046366
12 0.879349 0.907895 0.054994 0.088972
12 0.222222 0.174812 0.078563 0.051378
13 0.236251 0.512531 0.075196 0.040100
13 0.142536 0.421679 0.049383 0.086466
14 0.084175 0.243108 0.065095 0.072682
14 0.493827 0.309524 0.076319 0.050125
15 0.684063 0.852757 0.061728 0.076441
15 0.448934 0.364662 0.078563 0.040100
16 0.483165 0.542607 0.077441 0.040100
16 0.186308 0.339599 0.049383 0.070175
17 0.144781 0.533835 0.056117 0.062657
17 0.187991 0.233083 0.054994 0.047619
18 0.225589 0.353383 0.047138 0.060150
18 0.253086 0.429198 0.052750 0.056391
19 0.301347 0.437343 0.057239 0.050125
19 0.343996 0.350251 0.043771 0.063910
20 0.200898 0.293860 0.038159 0.051378
20 0.198653 0.419799 0.035915 0.050125
21 0.552189 0.323935 0.056117 0.036341
21 0.093154 0.355890 0.049383 0.035088
22 0.254209 0.243108 0.057239 0.115288
23 0.269360 0.376566 0.049383 0.038847