0 0.314410 0.875502 0.205240 0.172691
0 0.396288 0.496988 0.093886 0.363454
1 0.116812 0.538153 0.189956 0.180723
1 0.155022 0.287149 0.131004 0.341365
2 0.300218 0.743976 0.093886 0.267068
2 0.856987 0.331325 0.137555 0.232932
3 0.330786 0.130522 0.255459 0.144578
3 0.789301 0.794177 0.264192 0.102410
4 0.465066 0.701807 0.109170 0.186747
4 0.881004 0.658635 0.146288 0.180723
5 0.576419 0.439759 0.139738 0.160643
5 0.637555 0.840361 0.091703 0.242972
6 0.458515 0.278112 0.100437 0.222892
6 0.719432 0.295181 0.133188 0.216867
7 0.893013 0.580321 0.061135 0.208835
7 0.219432 0.622490 0.098253 0.204819
8 0.405022 0.751004 0.155022 0.148594
8 0.633188 0.752008 0.183406 0.106426
9 0.290393 0.411647 0.091703 0.168675
9 0.780568 0.387550 0.120087 0.192771
10 0.501092 0.128514 0.089520 0.176707
10 0.342795 0.187751 0.148472 0.162651
11 0.269651 0.303213 0.203057 0.092369
11 0.731441 0.475904 0.152838 0.140562
12 0.617904 0.268072 0.087336 0.146586
12 0.551310 0.465863 0.150655 0.116466
13 0.146288 0.717871 0.069869 0.178715
13 0.767467 0.388554 0.102620 0.138554
14 0.091703 0.572289 0.152838 0.076305
14 0.361354 0.179719 0.168122 0.066265
15 0.302402 0.600402 0.106987 0.108434
15 0.461790 0.415663 0.102620 0.124498
16 0.672489 0.608434 0.065502 0.144578
16 0.284934 0.366466 0.141921 0.074297
17 0.655022 0.312249 0.082969 0.118474
17 0.250000 0.690763 0.054585 0.112450
18 0.355895 0.529116 0.082969 0.102410
18 0.724891 0.594378 0.056769 0.116466
19 0.620087 0.583333 0.069869 0.102410
19 0.765284 0.687751 0.063319 0.106426
20 0.229258 0.425703 0.109170 0.052209
20 0.527293 0.325301 0.115721 0.056225
21 0.550218 0.109438 0.065502 0.098394
21 0.534934 0.592369 0.109170 0.080321
22 0.636463 0.137550 0.168122 0.110442
23 0.554585 0.672691 0.078603 0.096386