0 0.112692 0.811932 0.108462 0.112500
0 0.857308 0.601136 0.082308 0.156818
1 0.875385 0.475568 0.109231 0.060227
1 0.711923 0.527273 0.060769 0.134091
2 0.320769 0.260795 0.066154 0.119318
2 0.189231 0.603409 0.063077 0.115909
3 0.181154 0.321023 0.086923 0.073864
3 0.796538 0.210795 0.082308 0.048864
4 0.263462 0.745455 0.080769 0.040909
4 0.897308 0.552273 0.086923 0.047727
5 0.856538 0.284659 0.059231 0.103409
5 0.861154 0.073864 0.046923 0.113636
6 0.846923 0.156250 0.049231 0.092045
6 0.130769 0.618750 0.049231 0.103409
7 0.236923 0.776136 0.072308 0.038636
7 0.646538 0.319886 0.037692 0.096591
8 0.036154 0.917045 0.049231 0.084091
8 0.589615 0.300568 0.056154 0.069318
9 0.481538 0.165341 0.064615 0.057955
9 0.933077 0.448864 0.033846 0.097727
10 0.083462 0.630114 0.071538 0.046591
10 0.270769 0.286932 0.036923 0.098864
11 0.811923 0.636932 0.063846 0.060227
11 0.966538 0.121023 0.062308 0.037500
12 0.239231 0.305682 0.043077 0.070455
12 0.219231 0.896591 0.053846 0.061364
13 0.248077 0.356818 0.056154 0.040909
13 0.281538 0.268750 0.052308 0.055682
14 0.572308 0.361932 0.023077 0.067045
14 0.588846 0.257955 0.054615 0.050000
15 0.136923 0.532955 0.041538 0.070455
15 0.537308 0.339205 0.045385 0.042045
16 0.208077 0.377273 0.050000 0.050000
16 0.469615 0.088068 0.051538 0.042045
17 0.538077 0.292614 0.040769 0.062500
17 0.038077 0.398295 0.036154 0.055682
18 0.599615 0.353977 0.026923 0.053409
18 0.262692 0.928409 0.037692 0.054545
19 0.898462 0.180114 0.035385 0.053409
19 0.561154 0.463636 0.037692 0.043182
20 0.448462 0.189773 0.033846 0.043182
20 0.270000 0.694886 0.033846 0.037500
21 0.812692 0.276705 0.037692 0.042045
21 0.741154 0.242045 0.031538 0.045455
22 0.680385 0.430682 0.062308 0.084091
23 0.690385 0.522159 0.023846 0.051136