0 0.667190 0.909145 0.241758 0.119952
0 0.401884 0.385392 0.147567 0.184086
1 0.682104 0.576010 0.243328 0.068884
1 0.802198 0.673990 0.106750 0.186461
2 0.643642 0.143705 0.160126 0.135392
2 0.677394 0.229216 0.202512 0.066508
3 0.224490 0.633610 0.100471 0.136580
3 0.799843 0.692993 0.174254 0.105701
4 0.453689 0.216746 0.185243 0.074822
4 0.798273 0.114608 0.196232 0.039192
5 0.640502 0.912114 0.160126 0.085511
5 0.598901 0.608076 0.064364 0.128266
6 0.751177 0.162114 0.174254 0.039192
6 0.298273 0.448337 0.160126 0.041568
7 0.142857 0.584323 0.053375 0.106888
7 0.540031 0.811164 0.128728 0.073634
8 0.316327 0.741686 0.111460 0.067696
8 0.558085 0.103919 0.149137 0.072447
9 0.474882 0.489311 0.133438 0.033254
9 0.619309 0.305819 0.142857 0.065321
10 0.237834 0.223278 0.127159 0.076010
10 0.550235 0.557601 0.114600 0.077197
11 0.361852 0.784442 0.136578 0.055819
11 0.343799 0.807007 0.081633 0.093824
12 0.491366 0.156770 0.119309 0.054632
12 0.504710 0.409739 0.105181 0.059382
13 0.722135 0.759501 0.084772 0.074822
13 0.261381 0.820665 0.092622 0.059382
14 0.682889 0.266627 0.109890 0.048694
14 0.445840 0.285036 0.109890 0.059382
15 0.287284 0.458432 0.047096 0.073634
15 0.446625 0.846793 0.102041 0.038005
16 0.311617 0.871140 0.054945 0.070071
16 0.340659 0.405582 0.062794 0.065321
17 0.541601 0.456057 0.078493 0.042755
17 0.572998 0.785629 0.081633 0.048694
18 0.341444 0.709026 0.080063 0.033254
18 0.639717 0.763064 0.086342 0.036817
19 0.476452 0.518409 0.073783 0.032067
19 0.469388 0.563539 0.072214 0.046318
20 0.655416 0.801663 0.048666 0.047506
20 0.470958 0.196556 0.065934 0.041568
21 0.651491 0.970309 0.069074 0.045131
21 0.525903 0.913895 0.053375 0.053444
22 0.583987 0.383017 0.094192 0.093824
22 0.668760 0.614608 0.056515 0.112827