0 0.328252 0.523549 0.126016 0.107338
0 0.425305 0.679628 0.082317 0.152245
1 0.400915 0.112815 0.157520 0.105148
1 0.131606 0.585980 0.118902 0.138007
2 0.581809 0.244797 0.078252 0.143483
2 0.388720 0.212486 0.112805 0.098576
3 0.269817 0.602957 0.112805 0.077766
3 0.125000 0.878970 0.123984 0.047097
4 0.095020 0.797919 0.064024 0.125958
4 0.479675 0.603505 0.042683 0.140197
5 0.129573 0.699343 0.086382 0.115005
5 0.454776 0.245345 0.125000 0.039430
6 0.051321 0.701533 0.080285 0.075575
6 0.419207 0.309419 0.106707 0.066813
7 0.146341 0.792990 0.048780 0.109529
7 0.478659 0.625958 0.087398 0.064622
8 0.930894 0.945235 0.077236 0.109529
8 0.427846 0.590909 0.038618 0.104053
9 0.528455 0.574480 0.054878 0.104053
9 0.390752 0.109529 0.043699 0.107338
10 0.568089 0.366375 0.052846 0.106243
10 0.196138 0.778204 0.046748 0.108434
11 0.373984 0.682366 0.046748 0.100767
11 0.071646 0.668127 0.061992 0.092004
12 0.235772 0.188390 0.073171 0.054765
12 0.129065 0.923877 0.075203 0.060241
13 0.466972 0.133078 0.082317 0.051479
13 0.367886 0.808324 0.040650 0.100767
14 0.294715 0.054765 0.069106 0.067908
14 0.092988 0.610077 0.092480 0.067908
15 0.059451 0.949069 0.066057 0.055860
15 0.057419 0.707010 0.033537 0.073384
16 0.180894 0.935926 0.036585 0.082147
16 0.326728 0.074480 0.072154 0.043812
17 0.238313 0.118291 0.057927 0.059146
17 0.584350 0.452355 0.063008 0.059146
18 0.318598 0.187842 0.033537 0.060241
18 0.448679 0.647864 0.041667 0.053669
19 0.369919 0.329135 0.048780 0.053669
19 0.488313 0.343373 0.037602 0.062432
20 0.100102 0.664841 0.047764 0.030668
20 0.186484 0.680723 0.035569 0.049288
21 0.512195 0.373494 0.034553 0.061336
21 0.134146 0.630887 0.048780 0.035049
22 0.521850 0.610624 0.068089 0.095290
23 0.288618 0.591457 0.042683 0.048193