0 0.444084 0.728592 0.119935 0.142235
0 0.147488 0.515239 0.233387 0.194485
1 0.311994 0.191582 0.196110 0.153846
1 0.799838 0.732221 0.215559 0.149492
2 0.264182 0.308418 0.145867 0.204644
2 0.480551 0.265602 0.212318 0.084180
3 0.250405 0.632801 0.160454 0.174165
3 0.531605 0.481858 0.129660 0.165457
4 0.296596 0.124819 0.129660 0.153846
4 0.765802 0.533382 0.089141 0.184325
5 0.770665 0.888970 0.092382 0.158200
5 0.863047 0.778665 0.085900 0.181422
6 0.403566 0.509434 0.168558 0.055152
6 0.865478 0.470247 0.132901 0.092888
7 0.914100 0.832366 0.051864 0.149492
7 0.692058 0.658926 0.162075 0.072569
8 0.254457 0.611030 0.081037 0.142235
8 0.837115 0.716255 0.115073 0.134978
9 0.751216 0.418723 0.089141 0.111756
9 0.500000 0.355588 0.150729 0.058055
10 0.606969 0.656749 0.134522 0.105951
10 0.504052 0.286647 0.084279 0.111756
11 0.694489 0.499274 0.053485 0.133527
11 0.292545 0.395501 0.076175 0.134978
12 0.482982 0.610305 0.097245 0.097242
12 0.653160 0.786647 0.048622 0.121916
13 0.680713 0.375181 0.119935 0.062409
13 0.679092 0.682148 0.045381 0.113208
14 0.613452 0.467344 0.115073 0.043541
14 0.548622 0.600871 0.063209 0.101597
15 0.376823 0.576923 0.105348 0.056604
15 0.804700 0.401306 0.095624 0.076923
16 0.744733 0.246734 0.095624 0.078374
16 0.577796 0.642235 0.095624 0.068215
17 0.641815 0.547170 0.090762 0.066763
17 0.612642 0.361393 0.048622 0.081277
18 0.772285 0.320755 0.089141 0.043541
18 0.559968 0.296807 0.043760 0.068215
19 0.688817 0.317852 0.058347 0.072569
19 0.693679 0.411466 0.077796 0.039187
20 0.395462 0.418723 0.064830 0.050798
20 0.556726 0.449202 0.043760 0.053701
21 0.752026 0.476778 0.042139 0.059507
21 0.769854 0.730044 0.061588 0.058055
22 0.530794 0.534833 0.150729 0.100145
22 0.555105 0.410015 0.095624 0.129173