0 0.440276 0.723842 0.231240 0.061750
0 0.406585 0.721269 0.090352 0.231561
1 0.754211 0.714408 0.093415 0.183533
1 0.779479 0.315609 0.116386 0.216123
2 0.111026 0.487993 0.139357 0.118353
2 0.830781 0.488851 0.120980 0.181818
3 0.300153 0.339623 0.143951 0.137221
3 0.454824 0.218696 0.125574 0.183533
4 0.893568 0.333619 0.163859 0.080617
4 0.519908 0.610635 0.124043 0.144082
5 0.653905 0.363636 0.159265 0.058319
5 0.646248 0.205832 0.162328 0.072041
6 0.651608 0.472556 0.120980 0.118353
6 0.820827 0.751286 0.085758 0.174957
7 0.637825 0.886792 0.133231 0.072041
7 0.202144 0.868782 0.131700 0.090909
8 0.684533 0.603774 0.085758 0.126930
8 0.209801 0.491424 0.091884 0.125214
9 0.258806 0.571184 0.134763 0.065180
9 0.347626 0.446827 0.131700 0.066895
10 0.122511 0.846484 0.128637 0.080617
10 0.346095 0.231561 0.067381 0.140652
11 0.502297 0.789022 0.125574 0.096055
11 0.293262 0.753002 0.108729 0.120069
12 0.748086 0.189537 0.059724 0.121784
12 0.930322 0.662093 0.050536 0.123499
13 0.292496 0.222127 0.070444 0.111492
13 0.606432 0.158662 0.098009 0.084048
14 0.244257 0.379074 0.108729 0.054889
14 0.369832 0.658662 0.065850 0.102916
15 0.575804 0.094340 0.088821 0.092624
15 0.421133 0.512007 0.061256 0.101201
16 0.431087 0.572899 0.087289 0.082333
16 0.638591 0.784734 0.088821 0.090909
17 0.298622 0.843053 0.061256 0.087479
17 0.621746 0.319039 0.079632 0.061750
18 0.709801 0.639794 0.071975 0.072041
18 0.205207 0.810463 0.064319 0.077187
19 0.552067 0.435678 0.075038 0.058319
19 0.741194 0.282161 0.070444 0.063465
20 0.524502 0.519726 0.044410 0.072041
20 0.552833 0.630360 0.045942 0.066895
21 0.416539 0.313894 0.079632 0.054889
21 0.461715 0.904803 0.065850 0.053173
22 0.871363 0.593482 0.076570 0.140652
22 0.482389 0.849914 0.110260 0.094340