0 0.243570 0.296296 0.160363 0.181601
0 0.492436 0.312425 0.092284 0.194743
1 0.483359 0.104540 0.258699 0.044205
1 0.140696 0.640980 0.084720 0.168459
2 0.146747 0.462366 0.181543 0.088411
2 0.567322 0.189367 0.151286 0.084827
3 0.688351 0.794504 0.154312 0.109916
3 0.670197 0.586619 0.181543 0.043011
4 0.576399 0.178017 0.169440 0.095579
4 0.499244 0.051971 0.157337 0.068100
5 0.142965 0.488053 0.110439 0.101553
5 0.422844 0.339307 0.055976 0.131422
6 0.712557 0.719235 0.114977 0.107527
6 0.937973 0.591398 0.099849 0.102748
7 0.277610 0.422939 0.095310 0.095579
7 0.711044 0.597969 0.118003 0.099164
8 0.575643 0.499403 0.110439 0.081243
8 0.161876 0.258662 0.105900 0.106332
9 0.264750 0.728196 0.108926 0.087216
9 0.487897 0.272999 0.122542 0.072879
10 0.833585 0.563919 0.072617 0.112306
10 0.090772 0.341099 0.139183 0.075269
11 0.511346 0.437873 0.111952 0.077658
11 0.271558 0.375747 0.101362 0.094385
12 0.423601 0.332139 0.108926 0.038232
12 0.588502 0.350657 0.121029 0.041816
13 0.567322 0.930108 0.072617 0.094385
13 0.835855 0.498208 0.107413 0.047790
14 0.873676 0.563321 0.074130 0.080048
14 0.245083 0.660693 0.102874 0.038232
15 0.277610 0.515532 0.086233 0.063321
15 0.589259 0.428315 0.095310 0.048984
16 0.276097 0.167264 0.113464 0.045400
16 0.220121 0.608722 0.095310 0.060932
17 0.350983 0.581840 0.081694 0.059737
17 0.669440 0.697133 0.049924 0.065711
18 0.612708 0.283751 0.078669 0.041816
18 0.576399 0.244922 0.081694 0.045400
19 0.657337 0.415771 0.068079 0.057348
19 0.767776 0.566906 0.062027 0.060932
20 0.732980 0.428315 0.065053 0.048984
20 0.416036 0.458781 0.063540 0.045400
21 0.658094 0.454002 0.072617 0.045400
21 0.373676 0.422939 0.045386 0.054958
22 0.328290 0.413381 0.096823 0.109916
23 0.302572 0.674432 0.075643 0.044205