0 0.741877 0.231003 0.241877 0.200608
0 0.305957 0.750000 0.203971 0.144377
1 0.907942 0.206687 0.093863 0.234043
1 0.636282 0.879179 0.258123 0.132219
2 0.371841 0.360942 0.126354 0.193009
2 0.346570 0.284954 0.187726 0.107903
3 0.337545 0.551672 0.220217 0.100304
3 0.604693 0.594985 0.126354 0.098784
4 0.231949 0.331307 0.193141 0.097264
4 0.251805 0.734043 0.222022 0.094225
5 0.565884 0.775076 0.167870 0.072948
5 0.361913 0.609422 0.211191 0.085106
6 0.681408 0.902736 0.120939 0.151976
6 0.657040 0.210486 0.129964 0.141337
7 0.121841 0.550912 0.059567 0.150456
7 0.541516 0.864742 0.079422 0.103343
8 0.883574 0.296353 0.063177 0.145897
8 0.686823 0.931611 0.160650 0.079027
9 0.706679 0.407295 0.157040 0.075988
9 0.720217 0.791033 0.126354 0.107903
10 0.345668 0.549392 0.110108 0.098784
10 0.830325 0.186170 0.054152 0.147416
11 0.758123 0.191489 0.119134 0.112462
11 0.537906 0.658815 0.126354 0.117021
12 0.753610 0.104103 0.095668 0.120061
12 0.423285 0.278116 0.146209 0.054711
13 0.454874 0.847264 0.072202 0.107903
13 0.200361 0.505319 0.126354 0.056231
14 0.344765 0.664134 0.083032 0.100304
14 0.071300 0.536474 0.099278 0.112462
15 0.277978 0.645137 0.119134 0.080547
15 0.443141 0.480243 0.110108 0.063830
16 0.422383 0.579787 0.068592 0.098784
16 0.186823 0.406535 0.088448 0.104863
17 0.544224 0.491641 0.110108 0.050152
17 0.778881 0.791793 0.084838 0.069909
18 0.111011 0.702888 0.059567 0.086626
18 0.131769 0.648936 0.101083 0.051672
19 0.176895 0.547872 0.075812 0.074468
19 0.110108 0.755319 0.097473 0.054711
20 0.465704 0.658815 0.054152 0.071429
20 0.709386 0.344225 0.075812 0.062310
21 0.351986 0.468085 0.086643 0.054711
21 0.351083 0.731003 0.092058 0.042553
22 0.465704 0.422492 0.169675 0.091185
23 0.800542 0.711246 0.063177 0.085106