0 0.601019 0.352896 0.095076 0.239329
0 0.293718 0.538110 0.227504 0.161585
1 0.254669 0.423780 0.166384 0.231707
1 0.781834 0.591463 0.140917 0.210366
2 0.504244 0.830793 0.108659 0.195122
2 0.641766 0.685976 0.101868 0.161585
3 0.454160 0.901677 0.181664 0.144817
3 0.792869 0.314787 0.078098 0.190549
4 0.302207 0.091463 0.098472 0.158537
4 0.275891 0.217226 0.191851 0.126524
5 0.651104 0.685213 0.164686 0.108232
5 0.524618 0.810976 0.207131 0.054878
6 0.482173 0.691311 0.193548 0.050305
6 0.418506 0.432927 0.161290 0.106707
7 0.662139 0.574695 0.112054 0.137195
7 0.853141 0.401677 0.079796 0.141768
8 0.542445 0.596799 0.144312 0.102134
8 0.117148 0.196646 0.169779 0.057927
9 0.362479 0.503049 0.123939 0.118902
9 0.586587 0.376524 0.144312 0.112805
10 0.703735 0.758384 0.151104 0.077744
10 0.281834 0.874238 0.071307 0.150915
11 0.666384 0.444360 0.137521 0.114329
11 0.525467 0.130335 0.127334 0.120427
12 0.531409 0.216463 0.135823 0.079268
12 0.446520 0.539634 0.091681 0.091463
13 0.275042 0.275152 0.095076 0.105183
13 0.239389 0.173780 0.095076 0.079268
14 0.657046 0.146341 0.067912 0.118902
14 0.944822 0.471037 0.096774 0.076220
15 0.695246 0.271341 0.083192 0.100610
15 0.410017 0.330030 0.076401 0.102134
16 0.587436 0.610518 0.098472 0.077744
16 0.218166 0.486280 0.117148 0.064024
17 0.832767 0.374238 0.045840 0.086890
17 0.484720 0.861280 0.066214 0.079268
18 0.489813 0.166159 0.069610 0.076220
18 0.548387 0.502287 0.088285 0.047256
19 0.550934 0.073171 0.059423 0.079268
19 0.515280 0.357470 0.059423 0.080793
20 0.113752 0.417683 0.081494 0.064024
20 0.356537 0.959604 0.071307 0.056402
21 0.905772 0.308689 0.049236 0.074695
21 0.749576 0.307927 0.049236 0.079268
22 0.109508 0.293445 0.110357 0.105183
22 0.324278 0.614329 0.098472 0.155488