0 0.210912 0.464474 0.099349 0.244737
0 0.556189 0.576974 0.252443 0.172368
1 0.145765 0.882237 0.193811 0.125000
1 0.887622 0.176974 0.169381 0.151316
2 0.344463 0.535526 0.131922 0.173684
2 0.286645 0.403947 0.078176 0.192105
3 0.613192 0.638816 0.190554 0.151316
3 0.446254 0.404605 0.136808 0.143421
4 0.785831 0.076974 0.232899 0.064474
4 0.148208 0.875000 0.078176 0.192105
5 0.343648 0.588158 0.153094 0.139474
5 0.722313 0.222368 0.206840 0.086842
6 0.131922 0.771053 0.172638 0.071053
6 0.241857 0.398026 0.089577 0.130263
7 0.446254 0.189474 0.166124 0.065789
7 0.599349 0.692105 0.120521 0.121053
8 0.621336 0.342763 0.164495 0.059211
8 0.409609 0.319079 0.128664 0.085526
9 0.494300 0.279605 0.066775 0.130263
9 0.367264 0.445395 0.083062 0.122368
10 0.637622 0.383553 0.161238 0.048684
10 0.319218 0.711842 0.061889 0.139474
11 0.526873 0.588158 0.092834 0.126316
11 0.800489 0.556579 0.096091 0.128947
12 0.622150 0.099342 0.130293 0.067105
12 0.811075 0.111184 0.065147 0.135526
13 0.482899 0.290132 0.125407 0.040789
13 0.739414 0.540132 0.055375 0.109211
14 0.706840 0.445395 0.133550 0.064474
14 0.552117 0.296711 0.048860 0.098684
15 0.755700 0.310526 0.120521 0.065789
15 0.693811 0.294079 0.110749 0.051316
16 0.473127 0.684868 0.112378 0.077632
16 0.251629 0.506579 0.073290 0.081579
17 0.613192 0.442105 0.070033 0.076316
17 0.589577 0.146053 0.097720 0.055263
18 0.793160 0.205263 0.084691 0.057895
18 0.616450 0.238158 0.089577 0.057895
19 0.700326 0.161184 0.081433 0.056579
19 0.446254 0.598026 0.081433 0.059211
20 0.795603 0.336184 0.060261 0.064474
20 0.642508 0.263158 0.066775 0.055263
21 0.518730 0.528947 0.070033 0.060526
21 0.609121 0.057895 0.094463 0.042105
22 0.745928 0.220395 0.071661 0.135526
23 0.219870 0.284868 0.068404 0.067105