0 0.492000 0.337935 0.153778 0.080777
0 0.699111 0.919223 0.125333 0.147239
1 0.620000 0.335378 0.095111 0.104294
1 0.064000 0.075153 0.112000 0.150307
2 0.566222 0.906953 0.117333 0.100204
2 0.673778 0.527607 0.081778 0.102249
3 0.784444 0.572086 0.073778 0.091002
3 0.721778 0.850204 0.120889 0.058282
4 0.424889 0.721881 0.039111 0.151329
4 0.880000 0.533231 0.039111 0.164622
5 0.571556 0.426892 0.088889 0.097137
5 0.549333 0.831288 0.060444 0.124744
6 0.895111 0.454499 0.101333 0.082822
6 0.620444 0.905930 0.110222 0.044990
7 0.788444 0.174335 0.106667 0.035787
7 0.735111 0.836401 0.064000 0.089980
8 0.758222 0.353272 0.088889 0.082822
8 0.951556 0.442229 0.045333 0.099182
9 0.576000 0.388037 0.067556 0.095092
9 0.541333 0.819530 0.076444 0.058282
10 0.714222 0.128323 0.043556 0.111452
10 0.432000 0.130368 0.088889 0.050102
11 0.616444 0.360429 0.052444 0.103272
11 0.564000 0.489775 0.047111 0.096115
12 0.839556 0.414110 0.073778 0.053170
12 0.807111 0.622188 0.062222 0.054192
13 0.759111 0.745399 0.071111 0.055215
13 0.904000 0.416667 0.049778 0.068507
14 0.948889 0.555215 0.066667 0.051125
14 0.402667 0.319530 0.046222 0.082822
15 0.933778 0.607873 0.072000 0.039877
15 0.461333 0.830777 0.069333 0.046012
16 0.649333 0.961656 0.068444 0.056237
16 0.715556 0.796524 0.044444 0.065440
17 0.802667 0.674847 0.053333 0.055215
17 0.659556 0.541411 0.060444 0.035787
18 0.932889 0.578221 0.054222 0.029652
18 0.948889 0.368609 0.050667 0.048057
19 0.692000 0.942229 0.029333 0.060327
19 0.688000 0.802147 0.048000 0.043967
20 0.975111 0.436605 0.032000 0.049080
20 0.400889 0.703476 0.044444 0.038855
21 0.804000 0.572086 0.043556 0.037832
21 0.668889 0.920757 0.047111 0.041922
22 0.745333 0.518916 0.056000 0.107362
22 0.730667 0.514315 0.110222 0.034765