0 0.345216 0.664216 0.363977 0.171569
0 0.605066 0.278595 0.317073 0.200980
1 0.429644 0.245098 0.180113 0.228758
1 0.571295 0.276144 0.290807 0.179739
2 0.832083 0.751634 0.106942 0.222222
2 0.419325 0.840686 0.155722 0.217320
3 0.272045 0.248366 0.105066 0.235294
3 0.347092 0.063725 0.285178 0.081699
4 0.227955 0.633987 0.088180 0.241830
4 0.565666 0.829248 0.200750 0.122549
5 0.710131 0.343954 0.069418 0.214052
5 0.187617 0.246732 0.255159 0.120915
6 0.783302 0.825163 0.103189 0.192810
6 0.763602 0.558824 0.082552 0.169935
7 0.644465 0.607843 0.181989 0.075163
7 0.321764 0.814542 0.140713 0.171569
8 0.614447 0.208333 0.103189 0.145425
8 0.604128 0.733660 0.187617 0.081699
9 0.462477 0.525327 0.193246 0.053922
9 0.136023 0.480392 0.080675 0.192810
10 0.490619 0.118464 0.204503 0.066993
10 0.871482 0.602124 0.181989 0.060458
11 0.525328 0.616830 0.165103 0.122549
11 0.266417 0.396242 0.206379 0.066993
12 0.639775 0.517974 0.153846 0.071895
12 0.279550 0.480392 0.157598 0.068627
13 0.619137 0.725490 0.120075 0.101307
13 0.197936 0.129085 0.080675 0.127451
14 0.741088 0.749183 0.135084 0.112745
14 0.231707 0.374183 0.065666 0.150327
15 0.752345 0.815359 0.090056 0.114379
15 0.500000 0.712418 0.103189 0.101307
16 0.868668 0.457516 0.108818 0.120915
16 0.281426 0.156863 0.157598 0.052288
17 0.405253 0.625000 0.105066 0.083333
17 0.588180 0.856209 0.065666 0.107843
18 0.379925 0.714869 0.106942 0.047386
18 0.562852 0.397876 0.067542 0.089869
19 0.844278 0.507353 0.093809 0.089869
19 0.687617 0.671569 0.103189 0.055556
20 0.503752 0.892974 0.084428 0.050654
20 0.577861 0.563725 0.090056 0.049020
21 0.804878 0.537582 0.056285 0.075163
21 0.476548 0.495915 0.097561 0.050654
22 0.497186 0.227941 0.153846 0.151961
23 0.303002 0.859477 0.084428 0.058824