0 0.688971 0.243004 0.113235 0.111929
0 0.895588 0.503682 0.152941 0.132548
1 0.860294 0.248159 0.114706 0.181149
1 0.338235 0.177467 0.152941 0.107511
2 0.232353 0.662003 0.111765 0.184094
2 0.652206 0.483063 0.195588 0.100147
3 0.549265 0.701767 0.183824 0.098675
3 0.373529 0.140648 0.150000 0.113402
4 0.512500 0.318851 0.033824 0.204713
4 0.757353 0.432990 0.123529 0.126657
5 0.191176 0.428571 0.079412 0.141384
5 0.151471 0.657585 0.108824 0.101620
6 0.280147 0.164212 0.136765 0.072165
6 0.895588 0.516200 0.070588 0.172312
7 0.607353 0.178940 0.108824 0.072165
7 0.089706 0.386598 0.135294 0.125184
8 0.583088 0.106775 0.110294 0.075110
8 0.798529 0.304860 0.094118 0.073638
9 0.383824 0.483800 0.132353 0.086892
9 0.216176 0.778351 0.126471 0.095729
10 0.612500 0.299705 0.063235 0.128130
10 0.600735 0.064801 0.148529 0.055965
11 0.714706 0.327688 0.097059 0.066274
11 0.766912 0.666421 0.133824 0.066274
12 0.491176 0.131811 0.085294 0.101620
12 0.779412 0.529455 0.117647 0.069219
13 0.187500 0.632548 0.113235 0.036819
13 0.659559 0.675258 0.072059 0.066274
14 0.244853 0.237113 0.110294 0.061856
14 0.438971 0.301915 0.057353 0.135493
15 0.261765 0.560383 0.079412 0.075110
15 0.365441 0.951399 0.057353 0.061856
16 0.135294 0.446244 0.044118 0.108984
16 0.696324 0.497054 0.104412 0.066274
17 0.522794 0.203240 0.057353 0.070692
17 0.312500 0.539764 0.066176 0.069219
18 0.075735 0.413844 0.060294 0.079529
18 0.736029 0.617084 0.066176 0.055965
19 0.472059 0.239323 0.047059 0.051546
19 0.459559 0.312224 0.075000 0.038292
20 0.854412 0.350515 0.047059 0.058910
20 0.852206 0.554492 0.066176 0.033873
21 0.353676 0.524300 0.045588 0.067747
21 0.352206 0.183358 0.066176 0.033873
22 0.067647 0.618557 0.052941 0.164948
22 0.302941 0.853461 0.138235 0.069219