0 0.755764 0.245283 0.104184 0.139027
0 0.501708 0.680238 0.064048 0.093347
1 0.434671 0.541708 0.042699 0.163853
1 0.516652 0.129593 0.099061 0.104270
2 0.803587 0.059086 0.085397 0.118173
2 0.889838 0.048163 0.095645 0.098312
3 0.570026 0.715988 0.079419 0.115194
3 0.375747 0.927507 0.075149 0.123138
4 0.656704 0.327706 0.087105 0.085402
4 0.774979 0.057597 0.082835 0.115194
5 0.957301 0.184211 0.056362 0.118173
5 0.897950 0.271599 0.096499 0.078451
6 0.784372 0.321748 0.081127 0.089374
6 0.826217 0.098312 0.086251 0.077458
7 0.453459 0.164350 0.056362 0.098312
7 0.901366 0.189672 0.067464 0.091360
8 0.838599 0.330685 0.085397 0.049652
8 0.884287 0.182224 0.077711 0.070506
9 0.420581 0.393744 0.040137 0.098312
9 0.722459 0.239821 0.068318 0.082423
10 0.940649 0.135551 0.041845 0.104270
10 0.215201 0.803873 0.081981 0.044687
11 0.467549 0.135551 0.052092 0.090367
11 0.622972 0.549156 0.053800 0.097319
12 0.389411 0.408640 0.032451 0.082423
12 0.885995 0.099305 0.064048 0.041708
13 0.834757 0.129096 0.052092 0.081430
13 0.716055 0.207547 0.055508 0.061569
14 0.669086 0.352532 0.062340 0.043694
14 0.859522 0.249752 0.058924 0.064548
15 0.720325 0.321748 0.057216 0.037736
15 0.326644 0.499503 0.058924 0.055611
16 0.628523 0.385303 0.061486 0.045680
16 0.370196 0.587885 0.065756 0.045680
17 0.929974 0.053128 0.049530 0.060576
17 0.041418 0.311321 0.058924 0.062562
18 0.611016 0.334657 0.041845 0.053625
18 0.664816 0.278054 0.046968 0.049652
19 0.892400 0.026316 0.035867 0.050645
19 0.789496 0.157895 0.045260 0.039722
20 0.398804 0.357001 0.035867 0.036743
20 0.681896 0.228401 0.036721 0.039722
21 0.615713 0.213505 0.049530 0.035750
21 0.464987 0.457299 0.035013 0.046673
22 0.894962 0.126614 0.085397 0.042701
23 0.761315 0.563059 0.048676 0.041708