0 0.616550 0.196319 0.142191 0.049080
0 0.389277 0.723313 0.083916 0.222086
1 0.543512 0.299387 0.108003 0.130061
1 0.342657 0.609202 0.037296 0.204908
2 0.512432 0.330061 0.086247 0.076074
2 0.518648 0.689571 0.097125 0.083436
3 0.635198 0.600613 0.100233 0.062577
3 0.646853 0.556442 0.038073 0.158282
4 0.426185 0.940491 0.098679 0.072393
4 0.559441 0.746012 0.045066 0.122699
5 0.337995 0.283436 0.085470 0.098160
5 0.402486 0.650920 0.094794 0.072393
6 0.141026 0.873620 0.055167 0.134969
6 0.557887 0.566258 0.049728 0.126380
7 0.599845 0.766871 0.048174 0.112883
7 0.315462 0.225153 0.069930 0.094479
8 0.956099 0.430675 0.069153 0.088344
8 0.409091 0.376687 0.025641 0.130061
9 0.575758 0.602454 0.043512 0.105521
9 0.552059 0.258896 0.055167 0.103067
10 0.260684 0.852147 0.047397 0.123926
10 0.616162 0.496933 0.029526 0.115337
11 0.365579 0.700613 0.038073 0.107975
11 0.384615 0.479141 0.071484 0.047853
12 0.509324 0.757669 0.048951 0.092025
12 0.148019 0.068098 0.036519 0.099387
13 0.909479 0.448466 0.059829 0.052761
13 0.360140 0.788344 0.059829 0.042945
14 0.513986 0.424540 0.042735 0.085890
14 0.621601 0.292025 0.032634 0.085890
15 0.615385 0.568098 0.048174 0.058896
15 0.829837 0.490798 0.040404 0.083436
16 0.416861 0.829448 0.052059 0.063804
16 0.106838 0.898773 0.047397 0.052761
17 0.663170 0.477301 0.047397 0.039264
17 0.313131 0.571779 0.034188 0.068712
18 0.377234 0.514110 0.030303 0.058896
18 0.651515 0.427607 0.028749 0.065031
19 0.466977 0.331902 0.031080 0.067485
19 0.436286 0.723926 0.042735 0.044172
20 0.523310 0.351534 0.027195 0.045399
20 0.203574 0.685276 0.029526 0.047853
21 0.559052 0.312883 0.034965 0.041718
21 0.329837 0.624540 0.028749 0.036810
22 0.519814 0.711043 0.074592 0.050307
22 0.043901 0.687117 0.045843 0.068712