0 0.307132 0.190120 0.209607 0.152695
0 0.326783 0.470808 0.190684 0.133234
1 0.569141 0.294162 0.250364 0.175150
1 0.845706 0.261228 0.212518 0.181138
2 0.440320 0.561377 0.106259 0.125749
2 0.822416 0.286677 0.160116 0.217066
3 0.116448 0.731287 0.098981 0.163174
3 0.225619 0.681886 0.125182 0.163174
4 0.208879 0.596557 0.068413 0.226048
4 0.117176 0.503743 0.196507 0.079341
5 0.540757 0.535928 0.123726 0.176647
5 0.854440 0.518713 0.154294 0.112275
6 0.586608 0.603293 0.160116 0.083832
6 0.669578 0.419910 0.139738 0.097305
7 0.117904 0.605539 0.163028 0.073353
7 0.264192 0.681138 0.176128 0.092814
8 0.256914 0.114521 0.050946 0.172156
8 0.919942 0.277695 0.096070 0.124251
9 0.329694 0.910928 0.085881 0.145210
9 0.551674 0.277695 0.075691 0.157186
10 0.230713 0.772455 0.120815 0.092814
10 0.652111 0.218563 0.148472 0.113772
11 0.650655 0.223802 0.145560 0.094311
11 0.288937 0.479042 0.147016 0.065868
12 0.606987 0.534431 0.101892 0.107784
12 0.685590 0.578593 0.078603 0.124251
13 0.771470 0.441617 0.104803 0.116766
13 0.542940 0.412425 0.066958 0.139222
14 0.568413 0.675898 0.117904 0.064371
14 0.680495 0.296407 0.114993 0.113772
15 0.443959 0.333832 0.069869 0.098802
15 0.195779 0.320359 0.106259 0.092814
16 0.375546 0.615269 0.084425 0.083832
16 0.532023 0.554641 0.103348 0.091317
17 0.479622 0.350299 0.088792 0.065868
17 0.728530 0.198353 0.056769 0.100299
18 0.219068 0.376497 0.050946 0.100299
18 0.355895 0.358533 0.071325 0.082335
19 0.422853 0.670659 0.053857 0.089820
19 0.668122 0.457335 0.078603 0.064371
20 0.186317 0.553144 0.066958 0.064371
20 0.300582 0.300898 0.082969 0.050898
21 0.508006 0.315868 0.052402 0.071856
21 0.642649 0.312874 0.071325 0.047904
22 0.763464 0.510479 0.103348 0.140719
22 0.570597 0.613772 0.131004 0.107784