0 0.448099 0.568396 0.176901 0.177673
0 0.551170 0.757862 0.119883 0.213836
1 0.830409 0.772013 0.134503 0.119497
1 0.862573 0.694969 0.116959 0.210692
2 0.753655 0.451258 0.065789 0.191824
2 0.686404 0.869497 0.188596 0.103774
3 0.283626 0.397013 0.131579 0.143082
3 0.929825 0.742138 0.087719 0.166667
4 0.202485 0.093553 0.150585 0.143082
4 0.538012 0.704403 0.146199 0.128931
5 0.523392 0.456761 0.096491 0.146226
5 0.636696 0.954403 0.153509 0.084906
6 0.589181 0.201258 0.116959 0.141509
6 0.309211 0.258648 0.153509 0.067610
7 0.312865 0.321541 0.128655 0.077044
7 0.635234 0.546384 0.068713 0.152516
8 0.505117 0.531447 0.118421 0.084906
8 0.736111 0.543239 0.141813 0.067610
9 0.067982 0.227201 0.133041 0.105346
9 0.492690 0.357704 0.122807 0.099057
10 0.796784 0.250786 0.122807 0.124214
10 0.586988 0.800314 0.130117 0.050314
11 0.263889 0.190252 0.124269 0.097484
11 0.383041 0.569182 0.061404 0.128931
12 0.665936 0.335692 0.106725 0.064465
12 0.518275 0.711478 0.048246 0.099057
13 0.396199 0.312107 0.096491 0.086478
13 0.733918 0.816824 0.052632 0.111635
14 0.896930 0.503145 0.057018 0.113208
14 0.619883 0.503931 0.108187 0.051887
15 0.845760 0.404088 0.059942 0.106918
15 0.512427 0.219340 0.083333 0.086478
16 0.496345 0.310535 0.092105 0.077044
16 0.612573 0.423742 0.087719 0.077044
17 0.801901 0.388365 0.065789 0.081761
17 0.487573 0.551101 0.033626 0.077044
18 0.633041 0.742925 0.073099 0.042453
18 0.437135 0.575472 0.055556 0.066038
19 0.691520 0.388365 0.055556 0.081761
19 0.789474 0.447327 0.070175 0.039308
20 0.581140 0.471698 0.039474 0.062893
20 0.639620 0.685535 0.042398 0.069182
21 0.877193 0.720126 0.052632 0.072327
21 0.725146 0.456761 0.043860 0.067610
22 0.706140 0.561321 0.067251 0.113208
23 0.798977 0.481918 0.059942 0.045597