0 0.388265 0.731458 0.117353 0.120205
0 0.541199 0.720588 0.078652 0.234015
1 0.163546 0.687340 0.059925 0.203325
1 0.481273 0.104220 0.230961 0.085678
2 0.267790 0.560102 0.063670 0.176471
2 0.581149 0.835038 0.076155 0.179028
3 0.480025 0.438619 0.141074 0.122762
3 0.495630 0.917519 0.069913 0.136829
4 0.584270 0.397698 0.119850 0.120205
4 0.501248 0.579284 0.041199 0.176471
5 0.445693 0.186701 0.134831 0.099744
5 0.359551 0.040281 0.172285 0.049872
6 0.459426 0.617647 0.044944 0.158568
6 0.372035 0.485294 0.124844 0.057545
7 0.373908 0.814578 0.133583 0.035806
7 0.847690 0.409207 0.057428 0.130435
8 0.393883 0.920077 0.121099 0.080563
8 0.937578 0.371483 0.099875 0.106138
9 0.352684 0.860614 0.121099 0.035806
9 0.483770 0.338875 0.078652 0.104859
10 0.268414 0.747442 0.114856 0.065217
10 0.553059 0.657928 0.099875 0.101023
11 0.229089 0.197570 0.043695 0.134271
11 0.237828 0.065857 0.123596 0.070332
12 0.372035 0.090793 0.102372 0.035806
12 0.857678 0.232097 0.034956 0.108696
13 0.359551 0.154092 0.104869 0.072890
13 0.617353 0.487212 0.086142 0.066496
14 0.549313 0.264066 0.097378 0.067775
14 0.514981 0.398338 0.068664 0.067775
15 0.839576 0.501918 0.086142 0.037084
15 0.142946 0.803069 0.083645 0.035806
16 0.234707 0.144501 0.064919 0.069054
16 0.217228 0.705243 0.057428 0.078005
17 0.374532 0.359974 0.074906 0.034527
17 0.216604 0.656010 0.068664 0.056266
18 0.274657 0.182225 0.044944 0.060102
18 0.197253 0.368286 0.069913 0.035806
19 0.166667 0.152174 0.071161 0.038363
19 0.102996 0.565217 0.068664 0.038363
20 0.612984 0.315857 0.032459 0.053708
20 0.792135 0.393223 0.051186 0.052430
21 0.392010 0.414962 0.029963 0.057545
21 0.034956 0.171995 0.059925 0.047315
22 0.114232 0.267263 0.138577 0.040921
23 0.121099 0.209079 0.059925 0.042199