0 0.480640 0.746753 0.287879 0.168831
0 0.519360 0.495455 0.244108 0.149351
1 0.213805 0.151948 0.218855 0.103896
1 0.562290 0.510390 0.343434 0.174026
2 0.763468 0.290909 0.176768 0.166234
2 0.500000 0.790260 0.141414 0.151948
3 0.686869 0.414286 0.191919 0.137662
3 0.678451 0.255844 0.265993 0.062338
4 0.370370 0.485065 0.235690 0.136364
4 0.655724 0.739610 0.220539 0.076623
5 0.744108 0.567532 0.215488 0.096104
5 0.256734 0.075325 0.230640 0.114286
6 0.148990 0.575974 0.069024 0.193506
6 0.880471 0.489610 0.164983 0.111688
7 0.424242 0.208442 0.185185 0.105195
7 0.379630 0.072727 0.196970 0.088312
8 0.772727 0.649351 0.171717 0.090909
8 0.409933 0.455195 0.156566 0.144156
9 0.528620 0.596104 0.070707 0.150649
9 0.692761 0.478571 0.186869 0.068831
10 0.319024 0.206494 0.180135 0.106494
10 0.360269 0.729221 0.168350 0.125974
11 0.351010 0.594156 0.207071 0.081818
11 0.507576 0.924026 0.200337 0.100000
12 0.526094 0.355195 0.082492 0.131169
12 0.225589 0.523377 0.104377 0.124675
13 0.393939 0.292857 0.161616 0.042857
13 0.500842 0.517532 0.062290 0.128571
14 0.116162 0.340909 0.084175 0.133766
14 0.278620 0.203247 0.139731 0.076623
15 0.441919 0.347403 0.075758 0.092208
15 0.448653 0.211039 0.072391 0.110390
16 0.123737 0.348052 0.136364 0.067532
16 0.645623 0.331818 0.146465 0.037662
17 0.547138 0.398052 0.050505 0.094805
17 0.233165 0.159740 0.126263 0.062338
18 0.343434 0.653896 0.070707 0.087013
18 0.330808 0.531818 0.112795 0.037662
19 0.855219 0.363636 0.074074 0.088312
19 0.616162 0.421429 0.101010 0.055844
20 0.682660 0.301299 0.092593 0.038961
20 0.148990 0.212338 0.082492 0.068831
21 0.144781 0.403896 0.080808 0.051948
21 0.222222 0.290909 0.060606 0.075325
22 0.442761 0.083766 0.124579 0.141558
22 0.141414 0.296753 0.178451 0.100000