0 0.408116 0.224403 0.286371 0.131399
0 0.341501 0.538396 0.122511 0.138225
1 0.820061 0.591297 0.136294 0.237201
1 0.187596 0.283276 0.252680 0.088737
2 0.922665 0.616894 0.084227 0.261092
2 0.341501 0.129693 0.128637 0.170648
3 0.508423 0.848976 0.159265 0.182594
3 0.624043 0.831058 0.173047 0.112628
4 0.590352 0.227816 0.179173 0.138225
4 0.489280 0.437713 0.050536 0.206485
5 0.791730 0.778157 0.098009 0.122867
5 0.340735 0.256826 0.191424 0.141638
6 0.725115 0.332765 0.191424 0.068259
6 0.588055 0.458191 0.180704 0.093857
7 0.403522 0.490614 0.133231 0.104096
7 0.801685 0.482935 0.093415 0.180887
8 0.459418 0.302901 0.082695 0.093857
8 0.166922 0.161263 0.128637 0.141638
9 0.620980 0.776451 0.114855 0.109215
9 0.696784 0.418089 0.140888 0.092150
10 0.694487 0.738055 0.133231 0.138225
10 0.611026 0.338737 0.045942 0.158703
11 0.800153 0.594710 0.160796 0.080205
11 0.513783 0.392491 0.148545 0.061433
12 0.562787 0.718430 0.124043 0.071672
12 0.186830 0.326792 0.101072 0.110922
13 0.390505 0.162969 0.094946 0.097270
13 0.684533 0.541809 0.113323 0.097270
14 0.542879 0.632253 0.062787 0.138225
14 0.394334 0.249147 0.078101 0.129693
15 0.055130 0.467577 0.091884 0.122867
15 0.107198 0.594710 0.091884 0.069966
16 0.432619 0.453925 0.096478 0.078498
16 0.698315 0.337031 0.088821 0.107509
17 0.437979 0.564846 0.079632 0.088737
17 0.800153 0.901877 0.075038 0.110922
18 0.434916 0.118601 0.052067 0.097270
18 0.306279 0.594710 0.067381 0.042662
19 0.494640 0.134812 0.055130 0.085324
19 0.367534 0.336177 0.076570 0.064846
20 0.554364 0.325939 0.070444 0.071672
20 0.112557 0.547782 0.059724 0.064846
21 0.552067 0.494881 0.084227 0.054608
21 0.212864 0.407850 0.079632 0.051195
22 0.673047 0.931741 0.133231 0.122867
22 0.232006 0.445392 0.160796 0.058020