0 0.718935 0.255594 0.109467 0.287435
0 0.650888 0.450086 0.106509 0.280551
1 0.185651 0.278830 0.196746 0.247849
1 0.857988 0.358864 0.068047 0.297762
2 0.384615 0.105852 0.139053 0.163511
2 0.869822 0.383821 0.180473 0.168675
3 0.591716 0.640275 0.144970 0.158348
3 0.301775 0.729776 0.103550 0.220310
4 0.553254 0.842513 0.133136 0.170396
4 0.551036 0.555077 0.105030 0.191050
5 0.696006 0.486231 0.113905 0.177281
5 0.187870 0.333907 0.144970 0.185886
6 0.907544 0.452668 0.072485 0.189329
6 0.197485 0.167814 0.081361 0.184165
7 0.562130 0.530120 0.094675 0.154905
7 0.201183 0.507745 0.112426 0.144578
8 0.409024 0.645439 0.131657 0.096386
8 0.556953 0.372633 0.057692 0.163511
9 0.357988 0.589501 0.133136 0.077453
9 0.343195 0.107573 0.165680 0.070568
10 0.241864 0.606713 0.122781 0.118761
10 0.286243 0.268503 0.131657 0.141136
11 0.296598 0.452668 0.087278 0.154905
11 0.114645 0.158348 0.152367 0.106713
12 0.780325 0.339931 0.063609 0.125645
12 0.757396 0.218589 0.124260 0.086059
13 0.167160 0.443201 0.100592 0.122203
13 0.451923 0.386403 0.116864 0.070568
14 0.736686 0.440620 0.071006 0.117040
14 0.292899 0.272806 0.085799 0.118761
15 0.400148 0.814114 0.102071 0.075731
15 0.809172 0.567986 0.097633 0.079174
16 0.418639 0.512048 0.094675 0.091222
16 0.480769 0.778830 0.079882 0.074010
17 0.873521 0.644578 0.063609 0.115318
17 0.498521 0.511188 0.053254 0.096386
18 0.108728 0.239243 0.063609 0.092943
18 0.462278 0.549914 0.060651 0.084337
19 0.385355 0.304647 0.081361 0.058520
19 0.505178 0.169535 0.084320 0.060241
20 0.409024 0.253873 0.066568 0.074010
20 0.843195 0.185026 0.068047 0.063683
21 0.392012 0.700516 0.047337 0.075731
21 0.422337 0.890706 0.078402 0.053356
22 0.352071 0.506885 0.136095 0.094664
23 0.776627 0.621343 0.068047 0.068847