0 0.411565 0.648714 0.241497 0.127010
0 0.723639 0.319132 0.212585 0.143087
1 0.378401 0.576367 0.175170 0.178457
1 0.477041 0.097267 0.226190 0.149518
2 0.718537 0.180868 0.181973 0.172026
2 0.617347 0.454984 0.146259 0.096463
3 0.801020 0.831190 0.132653 0.118971
3 0.463435 0.692926 0.239796 0.057878
4 0.690476 0.661576 0.163265 0.120579
4 0.480442 0.837621 0.120748 0.128617
5 0.128401 0.442122 0.103741 0.180064
5 0.816327 0.753215 0.173469 0.101286
6 0.913265 0.534566 0.119048 0.098071
6 0.338435 0.918810 0.187075 0.059486
7 0.351190 0.516881 0.120748 0.104502
7 0.535714 0.795016 0.132653 0.139871
8 0.403912 0.162379 0.083333 0.160772
8 0.500850 0.345659 0.093537 0.090032
9 0.498299 0.275723 0.142857 0.075563
9 0.379252 0.748392 0.187075 0.046624
10 0.500850 0.464630 0.154762 0.096463
10 0.797619 0.571543 0.088435 0.146302
11 0.387755 0.254823 0.085034 0.162379
11 0.875850 0.427653 0.074830 0.163987
12 0.346088 0.829582 0.090136 0.128617
12 0.266156 0.348875 0.100340 0.077170
13 0.473639 0.174437 0.124150 0.088424
13 0.595238 0.841640 0.102041 0.085209
14 0.424320 0.815113 0.076531 0.096463
14 0.524660 0.697749 0.049320 0.118971
15 0.235544 0.598071 0.083333 0.112540
15 0.648810 0.394695 0.083333 0.094855
16 0.723639 0.628617 0.076531 0.080386
16 0.101190 0.348071 0.090136 0.110932
17 0.255102 0.283762 0.102041 0.069132
17 0.268707 0.830386 0.098639 0.062701
18 0.304422 0.448553 0.102041 0.057878
18 0.199830 0.418810 0.062925 0.091640
19 0.594388 0.297428 0.083333 0.061093
19 0.221088 0.220257 0.091837 0.080386
20 0.777211 0.707395 0.068027 0.057878
20 0.299320 0.161576 0.078231 0.072347
21 0.394558 0.437299 0.074830 0.070740
21 0.109694 0.419614 0.062925 0.061093
22 0.676871 0.867363 0.078231 0.155949
22 0.244898 0.892283 0.136054 0.083601