0 0.669643 0.770064 0.242857 0.133758
0 0.176786 0.394268 0.128571 0.151592
1 0.739286 0.546497 0.228571 0.191083
1 0.533036 0.241401 0.151786 0.171975
2 0.393750 0.212102 0.123214 0.166879
2 0.316071 0.492357 0.185714 0.161783
3 0.454464 0.610828 0.291071 0.098089
3 0.538393 0.176433 0.098214 0.146497
4 0.525893 0.417834 0.283929 0.058599
4 0.720536 0.680255 0.116071 0.160510
5 0.456250 0.860510 0.244643 0.149045
5 0.300000 0.291720 0.139286 0.175796
6 0.466964 0.670701 0.187500 0.110828
6 0.412500 0.084713 0.135714 0.141401
7 0.204464 0.608917 0.123214 0.145223
7 0.234821 0.198089 0.148214 0.123567
8 0.735714 0.876433 0.207143 0.078981
8 0.282143 0.491083 0.214286 0.077707
9 0.847321 0.803822 0.151786 0.142675
9 0.437500 0.756688 0.196429 0.063694
10 0.154464 0.646497 0.130357 0.087898
10 0.650893 0.570701 0.130357 0.142675
11 0.490179 0.872611 0.194643 0.099363
11 0.566071 0.443312 0.135714 0.132484
12 0.899107 0.711465 0.187500 0.052229
12 0.282143 0.418471 0.085714 0.115924
13 0.310714 0.577707 0.128571 0.100637
13 0.294643 0.751592 0.139286 0.094268
14 0.748214 0.651592 0.164286 0.054777
14 0.375893 0.826752 0.187500 0.048408
15 0.622321 0.538217 0.112500 0.082803
15 0.458036 0.675159 0.151786 0.040764
16 0.448214 0.445223 0.121429 0.062420
16 0.481250 0.469427 0.091071 0.064968
17 0.286607 0.533121 0.098214 0.064968
17 0.432143 0.607006 0.110714 0.080255
18 0.318750 0.687261 0.094643 0.057325
18 0.300893 0.335032 0.062500 0.068790
19 0.527679 0.736943 0.098214 0.054777
19 0.356250 0.312102 0.087500 0.066242
20 0.598214 0.481529 0.085714 0.035669
20 0.424107 0.775796 0.080357 0.050955
21 0.834821 0.591083 0.083929 0.056051
21 0.390179 0.630573 0.044643 0.061146
22 0.893750 0.671975 0.208929 0.067516
22 0.516964 0.539490 0.155357 0.070064