0 0.615385 0.815564 0.175824 0.116422
0 0.855311 0.503676 0.238095 0.080882
1 0.090965 0.629902 0.111111 0.218137
1 0.397436 0.864583 0.159951 0.187500
2 0.336996 0.685662 0.105006 0.153186
2 0.540904 0.256127 0.141636 0.075980
3 0.543346 0.355392 0.146520 0.132353
3 0.500000 0.460172 0.128205 0.131127
4 0.637973 0.355392 0.076923 0.132353
4 0.147741 0.334559 0.117216 0.161765
5 0.362027 0.915441 0.142857 0.120098
5 0.090354 0.174632 0.100122 0.128676
6 0.501221 0.656250 0.081807 0.133578
6 0.123321 0.858456 0.065934 0.153186
7 0.409035 0.674020 0.078144 0.117647
7 0.300977 0.621936 0.089133 0.113971
8 0.139805 0.776348 0.081807 0.116422
8 0.215507 0.756127 0.062271 0.080882
9 0.311355 0.412990 0.124542 0.080882
9 0.484737 0.196691 0.146520 0.040441
10 0.324786 0.295956 0.063492 0.104167
10 0.875458 0.349265 0.078144 0.115196
11 0.200855 0.830882 0.042735 0.120098
11 0.423077 0.924632 0.103785 0.126225
12 0.471917 0.814338 0.032967 0.109069
12 0.270452 0.779412 0.045177 0.120098
13 0.565324 0.925858 0.119658 0.050245
13 0.248474 0.685662 0.062271 0.101716
14 0.127595 0.626838 0.074481 0.091912
14 0.358364 0.341299 0.072039 0.094363
15 0.293651 0.366422 0.074481 0.068627
15 0.181319 0.574755 0.054945 0.090686
16 0.523810 0.378064 0.087912 0.045343
16 0.253358 0.082721 0.059829 0.077206
17 0.343712 0.064338 0.091575 0.040441
17 0.499389 0.830270 0.034188 0.079657
18 0.390110 0.240809 0.076923 0.047794
18 0.471306 0.318015 0.073260 0.050245
19 0.376679 0.664216 0.062271 0.049020
19 0.426129 0.368260 0.073260 0.035539
20 0.286325 0.520833 0.062271 0.036765
20 0.749695 0.429534 0.046398 0.050245
21 0.359585 0.691176 0.047619 0.053922
21 0.319902 0.107230 0.065934 0.047794
22 0.726496 0.704044 0.146520 0.055147
22 0.430403 0.588235 0.064713 0.120098