0 0.858948 0.729572 0.118301 0.094682
0 0.641052 0.389105 0.139535 0.173800
1 0.869060 0.804799 0.178969 0.141375
1 0.607685 0.443580 0.097068 0.191958
2 0.069767 0.388457 0.088979 0.190661
2 0.682508 0.446174 0.149646 0.119326
3 0.116785 0.326200 0.083923 0.094682
3 0.873104 0.838521 0.096057 0.146563
4 0.784125 0.369001 0.136502 0.071336
4 0.332154 0.304799 0.055612 0.184176
5 0.861982 0.549287 0.122346 0.084306
5 0.676441 0.372892 0.101112 0.128405
6 0.687563 0.579767 0.036400 0.173800
6 0.734580 0.359274 0.059656 0.153048
7 0.349848 0.168612 0.109201 0.072633
7 0.044489 0.408560 0.054601 0.142672
8 0.733569 0.702335 0.059656 0.143969
8 0.637513 0.584306 0.081901 0.097276
9 0.483316 0.293774 0.093023 0.118029
9 0.594540 0.534371 0.113246 0.064851
10 0.323054 0.302853 0.114257 0.071336
10 0.515672 0.239948 0.082912 0.127108
11 0.852882 0.498703 0.108190 0.047990
11 0.867037 0.522049 0.059656 0.136187
12 0.753286 0.271077 0.052578 0.111543
12 0.115774 0.183528 0.067745 0.110246
13 0.114762 0.271077 0.087968 0.046693
13 0.682508 0.466926 0.074823 0.088197
14 0.913549 0.923476 0.069767 0.093385
14 0.421638 0.215305 0.078868 0.064851
15 0.849343 0.936446 0.062690 0.080415
15 0.795753 0.423476 0.040445 0.092088
16 0.312437 0.068093 0.078868 0.053178
16 0.677452 0.696498 0.078868 0.049287
17 0.261881 0.206226 0.036400 0.093385
17 0.669363 0.241894 0.064712 0.060960
18 0.749747 0.525940 0.059656 0.058366
18 0.870576 0.869001 0.044489 0.080415
19 0.853387 0.398184 0.062690 0.046693
19 0.834176 0.445525 0.042467 0.073930
20 0.945399 0.808042 0.050556 0.051881
20 0.610718 0.428016 0.038423 0.044099
21 0.548534 0.483787 0.047523 0.062257
21 0.771992 0.806096 0.041456 0.063554
22 0.398888 0.151751 0.118301 0.051881
23 0.216380 0.475357 0.034378 0.071336