0 0.809179 0.719970 0.159420 0.151652
0 0.405797 0.840841 0.193237 0.141141
1 0.827697 0.435435 0.190016 0.126126
1 0.264895 0.253003 0.111111 0.169670
2 0.161836 0.291291 0.095008 0.147147
2 0.146538 0.410661 0.161031 0.103604
3 0.839775 0.506006 0.136876 0.135135
3 0.499195 0.909159 0.125604 0.139640
4 0.427536 0.082583 0.140097 0.126126
4 0.578100 0.434685 0.096618 0.136637
5 0.863929 0.629129 0.165862 0.054054
5 0.326087 0.110360 0.140097 0.103604
6 0.067633 0.554054 0.086957 0.132132
6 0.623188 0.231982 0.125604 0.106607
7 0.258454 0.464715 0.072464 0.124625
7 0.748792 0.522523 0.093398 0.111111
8 0.389694 0.288288 0.067633 0.111111
8 0.747182 0.545045 0.109501 0.090090
9 0.552335 0.166667 0.080515 0.114114
9 0.314010 0.602853 0.106280 0.088589
10 0.221417 0.352102 0.111111 0.097598
10 0.931562 0.706456 0.075684 0.106607
11 0.501610 0.402402 0.111111 0.084084
11 0.215781 0.177928 0.125604 0.058559
12 0.462158 0.589339 0.086957 0.100601
12 0.665862 0.489489 0.056361 0.093093
13 0.608696 0.138138 0.093398 0.051051
13 0.652174 0.369369 0.064412 0.090090
14 0.546699 0.590090 0.062802 0.090090
14 0.718196 0.643393 0.067633 0.085586
15 0.440419 0.348348 0.069243 0.084084
15 0.518519 0.334084 0.074074 0.073574
16 0.351852 0.376126 0.059581 0.085586
16 0.588567 0.935435 0.095008 0.063063
17 0.633655 0.781532 0.072464 0.070571
17 0.611111 0.546547 0.049919 0.078078
18 0.582126 0.804805 0.053140 0.072072
18 0.512077 0.250751 0.051530 0.072072
19 0.455717 0.230480 0.070853 0.067568
19 0.426731 0.183934 0.064412 0.061562
20 0.651369 0.663664 0.066023 0.051051
20 0.675523 0.874625 0.056361 0.061562
21 0.575684 0.358108 0.043478 0.061562
21 0.524155 0.548048 0.056361 0.063063
22 0.675523 0.785285 0.056361 0.126126
23 0.106280 0.302553 0.051530 0.061562