0 0.667557 0.674303 0.122830 0.129482
0 0.452603 0.646414 0.098798 0.233068
1 0.146195 0.532869 0.062750 0.280876
1 0.259012 0.414343 0.101469 0.151394
2 0.470628 0.752988 0.161549 0.163347
2 0.182911 0.698207 0.117490 0.213147
3 0.302403 0.695219 0.116155 0.191235
3 0.589453 0.319721 0.142857 0.089641
4 0.098798 0.589641 0.133511 0.095618
4 0.459947 0.911355 0.148198 0.125498
5 0.569426 0.727092 0.110814 0.143426
5 0.808411 0.208167 0.073431 0.209163
6 0.909212 0.536853 0.125501 0.145418
6 0.273031 0.334661 0.054740 0.191235
7 0.475968 0.474104 0.124166 0.107570
7 0.155541 0.711155 0.110814 0.151394
8 0.248331 0.744024 0.037383 0.173307
8 0.330441 0.627490 0.116155 0.051793
9 0.572764 0.385458 0.120160 0.061753
9 0.648198 0.535857 0.116155 0.083665
10 0.178905 0.529880 0.053405 0.087649
10 0.340454 0.330677 0.077437 0.159363
11 0.533378 0.630478 0.129506 0.089641
11 0.297730 0.205179 0.128171 0.067729
12 0.367824 0.720120 0.070761 0.077689
12 0.473965 0.627490 0.053405 0.135458
13 0.247664 0.186255 0.084112 0.085657
13 0.261015 0.307769 0.092123 0.073705
14 0.279039 0.824701 0.048064 0.147410
14 0.333111 0.556773 0.060080 0.133466
15 0.184913 0.228088 0.044059 0.105578
15 0.685581 0.495020 0.081442 0.081673
16 0.200935 0.565737 0.054740 0.103586
16 0.562750 0.873506 0.073431 0.069721
17 0.296395 0.142430 0.058745 0.061753
17 0.383845 0.556773 0.068091 0.049801
18 0.857143 0.477092 0.053405 0.085657
18 0.198264 0.462151 0.054740 0.059761
19 0.126168 0.666335 0.057410 0.077689
19 0.234980 0.258964 0.058745 0.043825
20 0.324433 0.498008 0.053405 0.047809
20 0.293725 0.563745 0.037383 0.075697
21 0.405207 0.781873 0.054740 0.053785
21 0.297063 0.227092 0.057410 0.091633
22 0.259012 0.123506 0.114820 0.107570
22 0.309746 0.708167 0.072096 0.117530