0 0.363636 0.267423 0.343053 0.126418
0 0.198113 0.479741 0.169811 0.171799
1 0.416810 0.697731 0.174957 0.264182
1 0.542024 0.359806 0.130360 0.285251
2 0.515437 0.289303 0.190395 0.173420
2 0.627787 0.263371 0.226415 0.183144
3 0.267581 0.833874 0.181818 0.196110
3 0.250429 0.854133 0.116638 0.230146
4 0.387650 0.390600 0.198971 0.139384
4 0.416810 0.661264 0.171527 0.165316
5 0.449400 0.484603 0.202401 0.145867
5 0.440823 0.351702 0.168096 0.132901
6 0.655232 0.512156 0.078902 0.207455
6 0.217839 0.521880 0.236707 0.061588
7 0.623499 0.104538 0.138937 0.118314
7 0.234991 0.696921 0.174957 0.139384
8 0.676672 0.337115 0.053173 0.191248
8 0.299314 0.624797 0.200686 0.059968
9 0.191252 0.872771 0.190395 0.056726
9 0.777015 0.744733 0.181818 0.098865
10 0.102058 0.704214 0.149228 0.150729
10 0.803602 0.249595 0.200686 0.074554
11 0.099485 0.435981 0.147513 0.094003
11 0.143225 0.594814 0.180103 0.064830
12 0.754717 0.401945 0.144082 0.084279
12 0.683533 0.631280 0.121784 0.124797
13 0.373070 0.482172 0.118353 0.092382
13 0.209262 0.444895 0.058319 0.118314
14 0.285592 0.362237 0.142367 0.079417
14 0.119211 0.560778 0.135506 0.071313
15 0.542882 0.720421 0.060034 0.124797
15 0.608919 0.763371 0.106346 0.116694
16 0.571184 0.354133 0.126930 0.063209
16 0.408233 0.856564 0.130360 0.059968
17 0.733276 0.824959 0.094340 0.097245
17 0.585763 0.847650 0.111492 0.074554
18 0.591767 0.728525 0.058319 0.095624
18 0.379074 0.928687 0.085763 0.064830
19 0.840480 0.670989 0.099485 0.058347
19 0.169811 0.811994 0.065180 0.094003
20 0.740137 0.708266 0.053173 0.084279
20 0.599485 0.574554 0.077187 0.072934
21 0.404803 0.809562 0.065180 0.076175
21 0.486278 0.338736 0.063465 0.077796
22 0.879074 0.645057 0.152659 0.103728
22 0.897084 0.456240 0.096055 0.173420