0 0.406687 0.872765 0.200622 0.100413
0 0.840591 0.256534 0.122862 0.224209
1 0.307932 0.312930 0.251944 0.108666
1 0.258165 0.609354 0.208398 0.107290
2 0.214619 0.722834 0.049767 0.199450
2 0.798600 0.196011 0.213064 0.108666
3 0.733281 0.295048 0.219285 0.048143
3 0.138414 0.757909 0.074650 0.165062
4 0.400467 0.418845 0.082426 0.174691
4 0.260498 0.773728 0.191291 0.114168
5 0.923795 0.290922 0.127527 0.138927
5 0.765941 0.305365 0.073095 0.167813
6 0.427683 0.627235 0.130638 0.137552
6 0.889580 0.059835 0.102644 0.111417
7 0.108087 0.588721 0.163297 0.057772
7 0.294712 0.671252 0.144635 0.088033
8 0.562208 0.360385 0.129082 0.093535
8 0.559098 0.424347 0.147745 0.083906
9 0.455677 0.228336 0.146190 0.079780
9 0.680404 0.689821 0.082426 0.108666
10 0.596423 0.674003 0.097978 0.099037
10 0.601866 0.832187 0.133748 0.104539
11 0.687403 0.603164 0.155521 0.056396
11 0.590202 0.535763 0.085537 0.119670
12 0.080871 0.693948 0.090202 0.108666
12 0.325816 0.383769 0.063764 0.126547
13 0.384137 0.609354 0.102644 0.096286
13 0.470451 0.546080 0.069984 0.110041
14 0.475894 0.759285 0.108865 0.063274
14 0.548989 0.796424 0.127527 0.046768
15 0.462675 0.710454 0.088647 0.075653
15 0.583204 0.738652 0.115086 0.066025
16 0.696734 0.381706 0.108865 0.061898
16 0.349922 0.550206 0.099533 0.055021
17 0.586314 0.671939 0.099533 0.042641
17 0.128305 0.666437 0.104199 0.050894
18 0.542768 0.264787 0.077760 0.072902
18 0.474339 0.387895 0.046656 0.079780
19 0.273717 0.477304 0.077760 0.071527
19 0.427683 0.539890 0.046656 0.072902
20 0.327372 0.507565 0.048212 0.068776
20 0.238725 0.909904 0.076205 0.045392
21 0.400467 0.779917 0.088647 0.044017
21 0.629860 0.831499 0.074650 0.042641
22 0.242613 0.945667 0.183515 0.050894
22 0.608865 0.544704 0.150855 0.063274