0 0.576007 0.435926 0.071429 0.164294
0 0.261447 0.370208 0.079670 0.140197
1 0.942308 0.485214 0.084249 0.138007
1 0.497711 0.495071 0.044872 0.140197
2 0.715201 0.412924 0.106227 0.039430
2 0.651557 0.563527 0.037546 0.134721
3 0.401099 0.129244 0.102564 0.050383
3 0.616758 0.304491 0.046703 0.120482
4 0.235348 0.133078 0.038462 0.117196
4 0.741300 0.593100 0.076007 0.106243
5 0.301740 0.182366 0.026557 0.119387
5 0.392857 0.418401 0.086081 0.039430
6 0.571429 0.071742 0.073260 0.086528
6 0.244963 0.534502 0.055861 0.089814
7 0.553114 0.676889 0.058608 0.081051
7 0.467033 0.220701 0.075092 0.062432
8 0.260989 0.263965 0.032967 0.094195
8 0.630952 0.112815 0.075092 0.056955
9 0.468864 0.263965 0.051282 0.078861
9 0.438187 0.466594 0.046703 0.076670
10 0.606227 0.482475 0.062271 0.062432
10 0.665751 0.301205 0.036630 0.083242
11 0.483059 0.376232 0.052198 0.077766
11 0.642857 0.203176 0.075092 0.033954
12 0.495879 0.313801 0.054029 0.060241
12 0.272436 0.122125 0.033883 0.073384
13 0.633242 0.064074 0.041209 0.069003
13 0.040751 0.929901 0.030220 0.067908
14 0.528388 0.349945 0.045788 0.062432
14 0.542125 0.601862 0.043956 0.069003
15 0.452381 0.352136 0.047619 0.047097
15 0.388736 0.506024 0.048535 0.043812
16 0.679487 0.117196 0.023810 0.065717
16 0.281593 0.053122 0.028388 0.064622
17 0.323260 0.427163 0.034799 0.052574
17 0.491300 0.966046 0.046703 0.032859
18 0.391026 0.392662 0.031136 0.047097
18 0.560897 0.251917 0.041209 0.037240
19 0.380495 0.472618 0.022894 0.047097
19 0.684066 0.349398 0.040293 0.041621
20 0.328755 0.127601 0.027473 0.040526
20 0.511447 0.570099 0.033883 0.036145
21 0.516941 0.243702 0.033883 0.038335
21 0.581502 0.509310 0.036630 0.032859
22 0.652473 0.162103 0.079670 0.037240
22 0.701465 0.243154 0.031136 0.098576