0 0.641777 0.856089 0.232514 0.125461
0 0.355388 0.665129 0.094518 0.326568
1 0.501890 0.299815 0.092628 0.230627
1 0.094518 0.476937 0.143667 0.134686
2 0.178639 0.366236 0.134216 0.142066
2 0.929112 0.656827 0.096408 0.258303
3 0.688091 0.679889 0.177694 0.208487
3 0.741966 0.138376 0.224953 0.173432
4 0.334594 0.654982 0.196597 0.169742
4 0.712665 0.828413 0.052930 0.284133
5 0.605860 0.495387 0.145558 0.123616
5 0.689036 0.456642 0.054820 0.226937
6 0.191871 0.370849 0.137996 0.225092
6 0.328922 0.654982 0.143667 0.166052
7 0.487713 0.782288 0.200378 0.107011
7 0.798677 0.472325 0.187146 0.125461
8 0.282609 0.602399 0.126654 0.145756
8 0.839319 0.353321 0.155009 0.127306
9 0.246692 0.424354 0.069943 0.158672
9 0.441399 0.579336 0.156900 0.107011
10 0.392250 0.800738 0.066163 0.169742
10 0.835539 0.758303 0.117202 0.099631
11 0.820416 0.816421 0.170132 0.156827
11 0.735350 0.117159 0.173913 0.116236
12 0.661626 0.221402 0.098299 0.132841
12 0.622873 0.525830 0.096408 0.136531
13 0.449905 0.417897 0.117202 0.108856
13 0.799622 0.438192 0.120983 0.086716
14 0.740076 0.407749 0.085066 0.084871
14 0.867675 0.238930 0.117202 0.119926
15 0.929112 0.286900 0.051040 0.123616
15 0.533081 0.681734 0.128544 0.090406
16 0.916824 0.829336 0.132325 0.079336
16 0.855388 0.301661 0.054820 0.138376
17 0.326087 0.337638 0.096408 0.092251
17 0.882798 0.500000 0.105860 0.044280
18 0.227788 0.527675 0.043478 0.095941
18 0.545369 0.601476 0.092628 0.047970
19 0.517958 0.471402 0.068053 0.086716
19 0.894140 0.662362 0.094518 0.077491
20 0.178639 0.686347 0.047259 0.077491
20 0.815690 0.133764 0.069943 0.060886
21 0.664461 0.467712 0.051040 0.083026
21 0.898866 0.447417 0.062382 0.071956
22 0.584121 0.269373 0.117202 0.136531
22 0.597353 0.396679 0.113422 0.136531