0 0.513578 0.425318 0.218850 0.119703
0 0.750799 0.631886 0.287540 0.092161
1 0.325879 0.784958 0.217252 0.129237
1 0.359425 0.554025 0.137380 0.118644
2 0.584665 0.311441 0.166134 0.097458
2 0.339457 0.917903 0.215655 0.079449
3 0.539137 0.840042 0.231629 0.040254
3 0.097444 0.087394 0.172524 0.068856
4 0.511182 0.912076 0.175719 0.095339
4 0.581470 0.229343 0.083067 0.147246
5 0.489617 0.154131 0.174121 0.068856
5 0.559105 0.671081 0.201278 0.087924
6 0.551917 0.366525 0.110224 0.120763
6 0.340256 0.570445 0.194888 0.037076
7 0.684505 0.454979 0.065495 0.106992
7 0.585463 0.469280 0.148562 0.072034
8 0.306709 0.745233 0.140575 0.079449
8 0.399361 0.670021 0.140575 0.081568
9 0.499201 0.104873 0.151757 0.076271
9 0.500000 0.554025 0.070288 0.108051
10 0.882588 0.719280 0.174121 0.048729
10 0.466454 0.400424 0.092652 0.095339
11 0.762780 0.765360 0.113419 0.100636
11 0.365016 0.627648 0.151757 0.049788
12 0.392971 0.834746 0.079872 0.095339
12 0.777157 0.654661 0.052716 0.097458
13 0.377796 0.064619 0.145367 0.046610
13 0.577476 0.273305 0.110224 0.065678
14 0.734026 0.614936 0.091054 0.068856
14 0.754792 0.706038 0.094249 0.079449
15 0.330671 0.115466 0.111821 0.063559
15 0.743610 0.399364 0.065495 0.065678
16 0.242812 0.612288 0.092652 0.069915
16 0.301118 0.675318 0.075080 0.066737
17 0.210064 0.654131 0.081470 0.068856
17 0.658147 0.362818 0.095847 0.034958
18 0.551917 0.806674 0.097444 0.045551
18 0.587061 0.509534 0.052716 0.059322
19 0.482428 0.753178 0.079872 0.057203
19 0.880192 0.670551 0.051118 0.067797
20 0.363419 0.172140 0.075080 0.039195
20 0.684505 0.815148 0.065495 0.047669
21 0.567093 0.759004 0.089457 0.034958
21 0.599840 0.567797 0.094249 0.036017
22 0.189297 0.747881 0.116613 0.125000
23 0.475240 0.868114 0.094249 0.034958