0 0.909977 0.568421 0.111239 0.122807
0 0.209289 0.775439 0.198394 0.122807
1 0.571101 0.175439 0.135321 0.249123
1 0.909977 0.767544 0.088303 0.131579
2 0.238532 0.403509 0.080275 0.217544
2 0.405390 0.425439 0.065367 0.215789
3 0.527523 0.543860 0.110092 0.171930
3 0.384174 0.680702 0.121560 0.091228
4 0.348050 0.232456 0.067661 0.194737
4 0.572821 0.302632 0.081422 0.187719
5 0.442087 0.293860 0.131881 0.075439
5 0.638761 0.582456 0.114679 0.126316
6 0.852638 0.771053 0.095183 0.166667
6 0.249427 0.515789 0.125000 0.073684
7 0.613532 0.364035 0.100917 0.114035
7 0.454128 0.257018 0.041284 0.180702
8 0.583142 0.430702 0.115826 0.064912
8 0.822248 0.863158 0.110092 0.059649
9 0.699541 0.474561 0.100917 0.082456
9 0.260894 0.598246 0.102064 0.063158
10 0.839450 0.768421 0.068807 0.161404
10 0.260894 0.657895 0.095183 0.108772
11 0.407110 0.641228 0.100917 0.089474
11 0.469037 0.650877 0.055046 0.157895
12 0.089450 0.693860 0.082569 0.082456
12 0.486812 0.365789 0.040138 0.131579
13 0.098624 0.605263 0.036697 0.140351
13 0.137041 0.681579 0.090596 0.068421
14 0.501720 0.463158 0.065367 0.115789
14 0.822821 0.563158 0.040138 0.154386
15 0.919151 0.657018 0.060780 0.075439
15 0.358372 0.568421 0.074541 0.094737
16 0.383028 0.742982 0.075688 0.075439
16 0.511468 0.667544 0.066514 0.100000
17 0.478784 0.785088 0.051606 0.100000
17 0.331422 0.419298 0.050459 0.094737
18 0.235092 0.718421 0.057339 0.071930
18 0.522362 0.338596 0.044725 0.098246
19 0.160550 0.624561 0.048165 0.084211
19 0.201835 0.732456 0.066514 0.075439
20 0.388761 0.493860 0.034404 0.082456
20 0.474197 0.546491 0.051606 0.050877
21 0.814220 0.906140 0.057339 0.050877
21 0.336583 0.496491 0.037844 0.077193
22 0.350917 0.586842 0.068807 0.173684
23 0.732225 0.370175 0.042431 0.077193