0 0.093822 0.113588 0.082380 0.178344
0 0.100305 0.728238 0.080092 0.095541
1 0.426773 0.261146 0.112128 0.144374
1 0.223494 0.420382 0.140351 0.097665
2 0.626621 0.711253 0.092296 0.070064
2 0.059878 0.258493 0.115179 0.066879
3 0.161709 0.083333 0.025934 0.147558
3 0.046529 0.209130 0.088482 0.101911
4 0.113654 0.653928 0.064073 0.121019
4 0.940885 0.607219 0.104500 0.046709
5 0.505721 0.572187 0.068650 0.110403
5 0.572082 0.674098 0.076278 0.082803
6 0.264302 0.186837 0.075515 0.095541
6 0.809687 0.125265 0.045004 0.116773
7 0.296339 0.943737 0.073989 0.065817
7 0.962243 0.757962 0.058734 0.082803
8 0.599161 0.075902 0.049580 0.098726
8 0.742563 0.310510 0.070938 0.062633
9 0.369565 0.358280 0.051106 0.094480
9 0.330282 0.903397 0.057971 0.072187
10 0.607933 0.268047 0.073227 0.075372
10 0.854310 0.268577 0.079329 0.084926
11 0.263158 0.371550 0.074752 0.084926
11 0.393974 0.894904 0.055683 0.072187
12 0.415332 0.852442 0.049580 0.065817
12 0.466438 0.191083 0.054157 0.067941
13 0.484363 0.237792 0.056445 0.067941
13 0.440885 0.866242 0.054920 0.044586
14 0.623570 0.884289 0.058734 0.044586
14 0.327231 0.983546 0.050343 0.032909
15 0.586957 0.380042 0.028223 0.076433
15 0.450801 0.933652 0.042715 0.066879
16 0.370328 0.923567 0.032799 0.063694
16 0.829901 0.110934 0.032037 0.062633
17 0.210908 0.453822 0.029748 0.071125
17 0.905797 0.791401 0.052632 0.037155
18 0.161327 0.854565 0.041953 0.050955
18 0.455759 0.220276 0.038902 0.052017
19 0.042334 0.154459 0.025172 0.060510
19 0.643021 0.706476 0.044241 0.035032
20 0.936308 0.175690 0.032799 0.054140
20 0.114416 0.181529 0.038139 0.038217
21 0.106789 0.223992 0.042715 0.029724
21 0.516781 0.434713 0.040427 0.035032
22 0.760870 0.792463 0.087719 0.056263
22 0.339436 0.450637 0.062548 0.064756