0 0.661052 0.337247 0.102712 0.110993
0 0.876746 0.284418 0.092030 0.139808
1 0.062038 0.689968 0.110929 0.169691
1 0.771569 0.304696 0.075596 0.090715
2 0.439195 0.285486 0.096138 0.137673
2 0.785949 0.329776 0.074774 0.104589
3 0.599836 0.153682 0.054232 0.130203
3 0.484388 0.394877 0.043550 0.143010
4 0.549712 0.323906 0.072309 0.124867
4 0.528759 0.461046 0.033689 0.136606
5 0.553821 0.648879 0.083813 0.121665
5 0.607231 0.411953 0.098603 0.044824
6 0.464256 0.621665 0.087099 0.101387
6 0.724322 0.103522 0.089565 0.044824
7 0.680772 0.947172 0.069844 0.069370
7 0.661873 0.479723 0.068200 0.094984
8 0.751438 0.422092 0.066557 0.082177
8 0.077239 0.160619 0.096960 0.043757
9 0.816763 0.350053 0.057518 0.081110
9 0.708710 0.199573 0.082991 0.049093
10 0.626541 0.635539 0.051767 0.088581
10 0.917009 0.280683 0.049302 0.068303
11 0.582580 0.551761 0.052588 0.083244
11 0.504519 0.407150 0.031224 0.103522
12 0.602301 0.305763 0.036154 0.092850
12 0.609285 0.926894 0.061627 0.054429
13 0.642153 0.234258 0.028759 0.082177
13 0.745686 0.388474 0.045193 0.068303
14 0.617913 0.527748 0.034511 0.084312
14 0.721857 0.228388 0.036976 0.089648
15 0.739113 0.034152 0.059984 0.040555
15 0.692276 0.067236 0.045193 0.040555
16 0.732539 0.903949 0.030403 0.070438
16 0.695974 0.438634 0.031224 0.076841
17 0.398110 0.105656 0.030403 0.070438
17 0.760477 0.479189 0.035333 0.066169
18 0.573541 0.167022 0.044371 0.062967
18 0.670912 0.240128 0.027116 0.066169
19 0.787182 0.163287 0.044371 0.046958
19 0.725144 0.074173 0.027116 0.056564
20 0.857025 0.335112 0.034511 0.046958
20 0.641331 0.517076 0.025472 0.050160
21 0.666804 0.113127 0.036976 0.044824
21 0.658998 0.058164 0.032868 0.050160
22 0.587099 0.474386 0.059984 0.077908
22 0.714051 0.158485 0.078882 0.045891