0 0.355340 0.903522 0.178641 0.107198
0 0.162136 0.709035 0.161165 0.202144
1 0.691262 0.581930 0.353398 0.094946
1 0.190291 0.758806 0.236893 0.142420
2 0.660194 0.563553 0.151456 0.214395
2 0.468932 0.274119 0.176699 0.196018
3 0.545631 0.758040 0.240777 0.134763
3 0.456311 0.498469 0.217476 0.108729
4 0.440777 0.898162 0.159223 0.169985
4 0.326214 0.434916 0.252427 0.067381
5 0.783495 0.708270 0.102913 0.163859
5 0.617476 0.784839 0.229126 0.120980
6 0.430097 0.500000 0.219417 0.071975
6 0.660194 0.936447 0.236893 0.102603
7 0.416505 0.190658 0.099029 0.176110
7 0.364078 0.307044 0.157282 0.117917
8 0.680583 0.481623 0.192233 0.081164
8 0.806796 0.522205 0.168932 0.098009
9 0.780583 0.827718 0.124272 0.127106
9 0.863107 0.759571 0.056311 0.171516
10 0.870874 0.097243 0.227184 0.124043
10 0.925243 0.230475 0.087379 0.157734
11 0.320388 0.285605 0.093204 0.093415
11 0.607767 0.873660 0.182524 0.108729
12 0.295146 0.561256 0.100971 0.105666
12 0.523301 0.710567 0.087379 0.113323
13 0.296117 0.624809 0.149515 0.073507
13 0.205825 0.524502 0.135922 0.099541
14 0.419417 0.714395 0.143689 0.075038
14 0.560194 0.901991 0.130097 0.098009
15 0.760194 0.658499 0.153398 0.058193
15 0.697087 0.371363 0.132039 0.068913
16 0.700971 0.443338 0.139806 0.050536
16 0.546602 0.620214 0.099029 0.082695
17 0.190291 0.639357 0.058252 0.093415
17 0.342718 0.768760 0.067961 0.085758
18 0.502913 0.431087 0.081553 0.071975
18 0.246602 0.693721 0.100971 0.045942
19 0.385437 0.381317 0.106796 0.042879
19 0.134951 0.607198 0.083495 0.078101
20 0.410680 0.764931 0.056311 0.062787
20 0.805825 0.720521 0.073786 0.065850
21 0.282524 0.664625 0.091262 0.061256
21 0.421359 0.416539 0.085437 0.036753
22 0.639806 0.394334 0.192233 0.071975
22 0.412621 0.600306 0.176699 0.079632