0 0.145131 0.478984 0.207865 0.194396
0 0.355805 0.929072 0.273408 0.089317
1 0.124532 0.610333 0.129213 0.232925
1 0.373596 0.256567 0.162921 0.176883
2 0.235955 0.759194 0.138577 0.127846
2 0.102996 0.387916 0.108614 0.204904
3 0.325843 0.805604 0.205993 0.101576
3 0.182584 0.657618 0.200375 0.078809
4 0.699438 0.153240 0.185393 0.120841
4 0.764045 0.060420 0.213483 0.054291
5 0.181648 0.867776 0.179775 0.117338
5 0.592697 0.736427 0.185393 0.054291
6 0.415730 0.683888 0.089888 0.159370
6 0.605805 0.718914 0.125468 0.138354
7 0.934457 0.186515 0.108614 0.138354
7 0.761236 0.438704 0.151685 0.099825
8 0.243446 0.579685 0.112360 0.122592
8 0.613296 0.325744 0.065543 0.133100
9 0.663858 0.665499 0.147940 0.084063
9 0.348315 0.635727 0.104869 0.122592
10 0.081461 0.704904 0.114232 0.127846
10 0.472846 0.639229 0.080524 0.133100
11 0.325843 0.526270 0.089888 0.131349
11 0.511236 0.788091 0.153558 0.056042
12 0.892322 0.247811 0.061798 0.124343
12 0.540262 0.215412 0.080524 0.108581
13 0.801498 0.265324 0.097378 0.117338
13 0.687266 0.408056 0.123596 0.063047
14 0.430712 0.260070 0.067416 0.110333
14 0.503745 0.871278 0.052434 0.106830
15 0.621723 0.844133 0.082397 0.087566
15 0.403558 0.553415 0.102996 0.084063
16 0.601124 0.612960 0.112360 0.066550
16 0.347378 0.453590 0.102996 0.077058
17 0.186330 0.380911 0.088015 0.068301
17 0.453184 0.843257 0.059925 0.089317
18 0.070225 0.577058 0.088015 0.057793
18 0.561798 0.373030 0.082397 0.066550
19 0.687266 0.350263 0.063670 0.077058
19 0.241573 0.431699 0.071161 0.071804
20 0.552434 0.526270 0.082397 0.054291
20 0.236891 0.261821 0.061798 0.075306
21 0.257491 0.348511 0.080524 0.056042
21 0.898876 0.079685 0.082397 0.047285
22 0.472846 0.144483 0.174157 0.057793
22 0.840824 0.577933 0.063670 0.147110