0 0.763912 0.182056 0.128162 0.179443
0 0.573356 0.639373 0.222597 0.219512
1 0.189713 0.684669 0.102867 0.320557
1 0.483137 0.621951 0.207420 0.236934
2 0.337268 0.537456 0.087690 0.137631
2 0.784148 0.270035 0.239460 0.142857
3 0.188027 0.891115 0.210793 0.137631
3 0.178752 0.500871 0.219224 0.151568
4 0.301012 0.475610 0.146712 0.202091
4 0.667791 0.289199 0.198988 0.146341
5 0.461214 0.336237 0.133221 0.191638
5 0.556492 0.152439 0.202361 0.113240
6 0.672850 0.315331 0.148398 0.156794
6 0.699831 0.310976 0.188870 0.078397
7 0.687184 0.674216 0.136594 0.108014
7 0.300169 0.753484 0.185497 0.081882
8 0.923272 0.541812 0.099494 0.104530
8 0.854975 0.370209 0.168634 0.071429
9 0.850759 0.481707 0.065767 0.175958
9 0.287521 0.728223 0.153457 0.128920
10 0.714165 0.642857 0.126476 0.090592
10 0.658516 0.419861 0.146712 0.080139
11 0.121417 0.427700 0.148398 0.148084
11 0.494941 0.202962 0.136594 0.120209
12 0.562395 0.413763 0.069140 0.134146
12 0.435919 0.648084 0.045531 0.142857
13 0.751265 0.501742 0.143339 0.055749
13 0.502530 0.797038 0.121417 0.116725
14 0.206577 0.133275 0.109612 0.116725
14 0.121417 0.628049 0.145025 0.050523
15 0.222597 0.413763 0.097808 0.085366
15 0.666105 0.594948 0.118044 0.060976
16 0.403879 0.869338 0.065767 0.132404
16 0.522766 0.310105 0.074199 0.101045
17 0.368465 0.806620 0.089376 0.080139
17 0.153457 0.538328 0.077572 0.101045
18 0.393761 0.622822 0.059022 0.092334
18 0.359191 0.870209 0.087690 0.060976
19 0.418212 0.398084 0.067454 0.085366
19 0.648398 0.085366 0.082631 0.076655
20 0.256324 0.349303 0.077572 0.050523
20 0.776560 0.394599 0.079258 0.054007
21 0.475548 0.912021 0.097808 0.054007
21 0.453626 0.090592 0.057336 0.080139
22 0.595278 0.680314 0.074199 0.151568