0 0.627153 0.800667 0.115502 0.118667
0 0.457953 0.929333 0.129686 0.098667
1 0.693516 0.836000 0.100304 0.141333
1 0.356636 0.402667 0.103343 0.120000
2 0.338399 0.321333 0.101317 0.053333
2 0.428571 0.488667 0.095238 0.073333
3 0.399696 0.818000 0.092199 0.065333
3 0.570922 0.232000 0.098278 0.042667
4 0.741135 0.498000 0.096251 0.076000
4 0.113982 0.324000 0.039514 0.130667
5 0.647923 0.391333 0.090172 0.054667
5 0.644883 0.628000 0.057751 0.104000
6 0.414387 0.606667 0.062817 0.101333
6 0.190476 0.182667 0.089159 0.064000
7 0.415400 0.532000 0.070922 0.061333
7 0.669200 0.485333 0.039514 0.106667
8 0.335360 0.044000 0.064843 0.082667
8 0.779635 0.601333 0.078014 0.056000
9 0.417427 0.405333 0.070922 0.066667
9 0.143364 0.452667 0.071935 0.057333
10 0.300912 0.679333 0.068896 0.073333
10 0.516211 0.684000 0.075988 0.050667
11 0.108916 0.185333 0.065856 0.080000
11 0.343465 0.203333 0.066869 0.073333
12 0.750760 0.346000 0.058764 0.070667
12 0.352584 0.262000 0.054711 0.057333
13 0.107903 0.533333 0.037487 0.085333
13 0.478217 0.605333 0.054711 0.069333
14 0.270517 0.760667 0.066869 0.038667
14 0.167173 0.730000 0.048632 0.084000
15 0.043566 0.236000 0.040527 0.072000
15 0.543060 0.446667 0.050659 0.058667
16 0.290274 0.383333 0.049645 0.065333
16 0.622594 0.195333 0.055724 0.041333
17 0.082067 0.453333 0.040527 0.064000
17 0.371327 0.722000 0.049645 0.044000
18 0.502026 0.227333 0.047619 0.046667
18 0.328267 0.871333 0.048632 0.044000
19 0.138804 0.334000 0.034448 0.054667
19 0.425532 0.714667 0.044580 0.053333
20 0.466565 0.784667 0.035461 0.052000
20 0.246201 0.791333 0.028369 0.049333
21 0.200608 0.264000 0.044580 0.053333
21 0.577001 0.424000 0.041540 0.040000
22 0.722391 0.573333 0.068896 0.088000
22 0.203647 0.646000 0.056738 0.100000