0 0.508411 0.315678 0.276636 0.156780
0 0.724299 0.274718 0.207477 0.176554
1 0.804673 0.288136 0.293458 0.194915
1 0.440187 0.220339 0.289720 0.110169
2 0.590654 0.592514 0.153271 0.221751
2 0.200935 0.694915 0.207477 0.214689
3 0.671028 0.588983 0.220561 0.161017
3 0.448598 0.891243 0.160748 0.118644
4 0.326168 0.464689 0.170093 0.146893
4 0.399065 0.608051 0.188785 0.176554
5 0.846729 0.784605 0.119626 0.201977
5 0.126168 0.547316 0.177570 0.176554
6 0.269159 0.144068 0.265421 0.073446
6 0.274766 0.157486 0.205607 0.114407
7 0.513084 0.780367 0.102804 0.173729
7 0.708411 0.817090 0.205607 0.117232
8 0.832710 0.653955 0.106542 0.163842
8 0.370093 0.743644 0.160748 0.072034
9 0.865421 0.341808 0.078505 0.172316
9 0.355140 0.627825 0.127103 0.153955
10 0.259813 0.563559 0.112150 0.161017
10 0.109346 0.295198 0.065421 0.180791
11 0.477570 0.807910 0.229907 0.048023
11 0.132710 0.367938 0.130841 0.148305
12 0.504673 0.528249 0.119626 0.132768
12 0.205607 0.098870 0.194393 0.064972
13 0.808411 0.538842 0.099065 0.117232
13 0.741121 0.507768 0.158879 0.074859
14 0.167290 0.399718 0.128972 0.098870
14 0.218692 0.218220 0.157009 0.074859
15 0.587850 0.761299 0.099065 0.107345
15 0.544860 0.091102 0.170093 0.049435
16 0.700935 0.711864 0.127103 0.087571
16 0.395327 0.374294 0.084112 0.112994
17 0.128037 0.485876 0.106542 0.087571
17 0.335514 0.864407 0.072897 0.107345
18 0.787850 0.823446 0.114019 0.048023
18 0.231776 0.535311 0.067290 0.084746
19 0.882243 0.540960 0.104673 0.048023
19 0.553271 0.469633 0.115888 0.055085
20 0.300935 0.286017 0.071028 0.063559
20 0.734579 0.111582 0.097196 0.039548
21 0.726168 0.586158 0.080374 0.076271
21 0.716822 0.764124 0.087850 0.062147
22 0.413084 0.117232 0.194393 0.124294
23 0.212150 0.267655 0.099065 0.043785