0 0.738162 0.308090 0.211699 0.216867
0 0.492340 0.414802 0.188022 0.196213
1 0.541086 0.638554 0.171309 0.313253
1 0.326602 0.800344 0.146240 0.185886
2 0.167827 0.492255 0.107242 0.172117
2 0.877437 0.362306 0.150418 0.166954
3 0.101671 0.277108 0.139276 0.175559
3 0.548747 0.759897 0.111421 0.242685
4 0.729805 0.106713 0.178273 0.120482
4 0.901114 0.660929 0.097493 0.230637
5 0.254178 0.466437 0.098886 0.220310
5 0.318245 0.478485 0.188022 0.082616
6 0.213788 0.113597 0.154596 0.096386
6 0.337744 0.135972 0.104457 0.189329
7 0.856546 0.571429 0.139276 0.144578
7 0.908774 0.735800 0.151811 0.135972
8 0.710306 0.440620 0.050139 0.175559
8 0.743036 0.759036 0.104457 0.120482
9 0.672006 0.149742 0.129526 0.127367
9 0.403900 0.154905 0.058496 0.179002
10 0.745822 0.902754 0.132312 0.139415
10 0.194986 0.734940 0.133705 0.154905
11 0.382312 0.356282 0.098886 0.130809
11 0.275070 0.323580 0.084958 0.168675
12 0.503482 0.444062 0.093315 0.075731
12 0.615599 0.616179 0.136490 0.055077
13 0.500696 0.260757 0.096100 0.125645
13 0.591226 0.148021 0.051532 0.172117
14 0.251393 0.611876 0.054318 0.139415
14 0.506267 0.586919 0.096100 0.099828
15 0.896240 0.441480 0.062674 0.129088
15 0.829387 0.490534 0.098886 0.068847
16 0.608635 0.383821 0.094708 0.103270
16 0.434540 0.873494 0.097493 0.108434
17 0.529944 0.889845 0.057103 0.110155
17 0.566852 0.170396 0.091922 0.082616
18 0.481894 0.201377 0.050139 0.106713
18 0.191504 0.275387 0.059889 0.106713
19 0.365599 0.531842 0.048747 0.092943
19 0.683148 0.849398 0.084958 0.063683
20 0.752786 0.314974 0.065460 0.068847
20 0.640669 0.209983 0.052925 0.068847
21 0.418524 0.435456 0.065460 0.065404
21 0.592618 0.399312 0.059889 0.075731
22 0.728412 0.565404 0.097493 0.125645
22 0.107242 0.401893 0.100279 0.184165