0 0.524733 0.419444 0.143048 0.101111
0 0.197861 0.902222 0.139037 0.157778
1 0.506016 0.866667 0.209893 0.100000
1 0.598930 0.746667 0.232620 0.088889
2 0.943182 0.840000 0.092246 0.102222
2 0.309492 0.640000 0.076203 0.097778
3 0.330214 0.570000 0.144385 0.113333
3 0.714572 0.299444 0.183155 0.043333
4 0.304813 0.514444 0.125668 0.131111
4 0.318850 0.905556 0.175134 0.068889
5 0.922460 0.691667 0.104278 0.134444
5 0.536096 0.234444 0.184492 0.051111
6 0.322193 0.287778 0.120321 0.108889
6 0.349599 0.166667 0.089572 0.086667
7 0.233957 0.720000 0.056150 0.120000
7 0.051471 0.549444 0.081551 0.123333
8 0.325535 0.739444 0.076203 0.101111
8 0.847594 0.286111 0.120321 0.085556
9 0.744652 0.655556 0.112299 0.073333
9 0.758021 0.248889 0.104278 0.071111
10 0.475936 0.368889 0.106952 0.093333
10 0.425802 0.839444 0.129679 0.058889
11 0.392380 0.390556 0.127005 0.090000
11 0.400401 0.872222 0.127005 0.044444
12 0.673128 0.188889 0.124332 0.033333
12 0.203877 0.530000 0.094920 0.075556
13 0.733289 0.226111 0.081551 0.072222
13 0.489973 0.281111 0.100267 0.042222
14 0.806818 0.652778 0.110963 0.061111
14 0.482620 0.173889 0.112299 0.054444
15 0.310160 0.822778 0.101604 0.041111
15 0.197193 0.311667 0.046791 0.087778
16 0.422460 0.245000 0.066845 0.074444
16 0.614973 0.745000 0.085561 0.052222
17 0.261364 0.413333 0.068182 0.073333
17 0.436497 0.798333 0.078877 0.041111
18 0.588904 0.269444 0.078877 0.036667
18 0.213235 0.830000 0.062834 0.051111
19 0.396390 0.558889 0.062834 0.046667
19 0.158422 0.846667 0.057487 0.057778
20 0.515374 0.531667 0.054813 0.038889
20 0.548797 0.316111 0.057487 0.036667
21 0.635027 0.162222 0.053476 0.040000
21 0.261364 0.721667 0.038770 0.058889
22 0.550134 0.450000 0.097594 0.106667
23 0.194519 0.766667 0.046791 0.048889