0 0.401786 0.787152 0.221429 0.159443
0 0.667857 0.568885 0.214286 0.143963
1 0.697321 0.218266 0.151786 0.250774
1 0.143750 0.457430 0.158929 0.218266
2 0.108929 0.441950 0.128571 0.153251
2 0.609821 0.467492 0.298214 0.095975
3 0.561607 0.174149 0.151786 0.252322
3 0.718750 0.780960 0.119643 0.143963
4 0.296429 0.308824 0.271429 0.085139
4 0.440179 0.708978 0.119643 0.182663
5 0.325000 0.187307 0.114286 0.191950
5 0.774107 0.617647 0.141071 0.111455
6 0.587500 0.787926 0.085714 0.188854
6 0.379464 0.887771 0.212500 0.137771
7 0.700893 0.458978 0.212500 0.091331
7 0.522321 0.139319 0.237500 0.120743
8 0.812500 0.661765 0.178571 0.113003
8 0.698214 0.374613 0.185714 0.089783
9 0.284821 0.393963 0.194643 0.103715
9 0.690179 0.565015 0.201786 0.052632
10 0.764286 0.299536 0.160714 0.119195
10 0.238393 0.212074 0.169643 0.120743
11 0.329464 0.445046 0.130357 0.113003
11 0.158036 0.582817 0.212500 0.057276
12 0.514286 0.763158 0.107143 0.111455
12 0.698214 0.221362 0.178571 0.086687
13 0.229464 0.634675 0.180357 0.055728
13 0.550000 0.652477 0.153571 0.072755
14 0.222321 0.698916 0.183929 0.051084
14 0.624107 0.388545 0.176786 0.055728
15 0.602679 0.280186 0.101786 0.111455
15 0.350893 0.225232 0.155357 0.075851
16 0.421429 0.393963 0.100000 0.106811
16 0.564286 0.701238 0.146429 0.052632
17 0.355357 0.573529 0.078571 0.103715
17 0.526786 0.580495 0.103571 0.071207
18 0.542857 0.478328 0.103571 0.086687
18 0.413393 0.397833 0.119643 0.043344
19 0.471429 0.600619 0.107143 0.043344
19 0.393750 0.648607 0.055357 0.102167
20 0.448214 0.188854 0.082143 0.071207
20 0.666071 0.414861 0.075000 0.055728
21 0.545536 0.329721 0.105357 0.052632
21 0.787500 0.373065 0.085714 0.052632
22 0.857143 0.492260 0.207143 0.065015
23 0.685714 0.777090 0.078571 0.052632