0 0.363104 0.476934 0.237189 0.128901
0 0.801611 0.270014 0.183016 0.284939
1 0.683748 0.466079 0.084919 0.270014
1 0.589312 0.552917 0.185944 0.172320
2 0.771596 0.353460 0.181552 0.204885
2 0.767936 0.764586 0.206442 0.204885
3 0.338946 0.243555 0.276720 0.093623
3 0.576135 0.866350 0.130307 0.194030
4 0.360908 0.138399 0.109810 0.176391
4 0.450952 0.924016 0.128843 0.105834
5 0.295022 0.200136 0.232796 0.118046
5 0.127379 0.631615 0.090776 0.153324
6 0.098829 0.500000 0.144949 0.177748
6 0.877745 0.468792 0.200586 0.104478
7 0.316252 0.707598 0.155198 0.112619
7 0.783309 0.299186 0.146413 0.147897
8 0.442899 0.339891 0.142020 0.131615
8 0.334553 0.367707 0.124451 0.116689
9 0.469253 0.117368 0.074671 0.156038
9 0.346999 0.548168 0.146413 0.084125
10 0.741581 0.778155 0.071742 0.156038
10 0.741581 0.625509 0.153734 0.065129
11 0.422401 0.193351 0.057101 0.183175
11 0.114202 0.498643 0.166911 0.055631
12 0.144949 0.372456 0.087848 0.123474
12 0.368960 0.427408 0.125915 0.054274
13 0.265007 0.558345 0.067350 0.134328
13 0.201318 0.451153 0.150805 0.058345
14 0.808931 0.537313 0.068814 0.105834
14 0.248902 0.343284 0.146413 0.086839
15 0.532943 0.242198 0.096633 0.052917
15 0.551977 0.491859 0.035139 0.104478
16 0.599561 0.185210 0.098097 0.066486
16 0.879209 0.338535 0.109810 0.077341
17 0.323572 0.635007 0.093704 0.051560
17 0.612738 0.500000 0.042460 0.093623
18 0.435578 0.358209 0.077599 0.067843
18 0.617862 0.124830 0.099561 0.037992
19 0.225476 0.381954 0.087848 0.036635
19 0.508053 0.449796 0.043924 0.071913
20 0.396779 0.487110 0.046852 0.051560
20 0.655198 0.440977 0.080527 0.037992
21 0.219619 0.554274 0.046852 0.074627
21 0.606881 0.312076 0.042460 0.067843
22 0.327965 0.225916 0.146413 0.164179
23 0.558565 0.859566 0.054173 0.039349