0 0.102769 0.928571 0.179979 0.118012
0 0.521832 0.709627 0.181044 0.081781
1 0.123536 0.577122 0.095847 0.154244
1 0.428647 0.166667 0.107561 0.149068
2 0.878062 0.332816 0.165069 0.044513
2 0.452609 0.210663 0.083067 0.065217
3 0.874867 0.334886 0.084132 0.131470
3 0.640575 0.251553 0.103301 0.080745
4 0.122471 0.392857 0.097977 0.096273
4 0.609691 0.839027 0.133120 0.092133
5 0.294995 0.460145 0.136315 0.077640
5 0.964324 0.579710 0.062833 0.136646
6 0.364217 0.404762 0.123536 0.047619
6 0.577210 0.073499 0.038339 0.130435
7 0.595847 0.213251 0.082002 0.093168
7 0.529286 0.755176 0.057508 0.121118
8 0.464324 0.759317 0.053248 0.114907
8 0.661874 0.061594 0.111821 0.042443
9 0.106496 0.128364 0.040469 0.107660
9 0.516507 0.756211 0.087327 0.090062
10 0.222045 0.355072 0.109691 0.039337
10 0.799787 0.484990 0.070288 0.081781
11 0.105431 0.267598 0.078807 0.100414
11 0.839723 0.526915 0.052183 0.107660
12 0.896699 0.670807 0.083067 0.064182
12 0.610224 0.875776 0.078807 0.064182
13 0.512780 0.206522 0.077742 0.054865
13 0.644835 0.143892 0.086262 0.060041
14 0.202343 0.540890 0.083067 0.046584
14 0.527157 0.629400 0.085197 0.049689
15 0.505325 0.291925 0.045793 0.068323
15 0.181044 0.490166 0.063898 0.061077
16 0.053781 0.393375 0.058573 0.074534
16 0.776358 0.542443 0.076677 0.051760
17 0.613951 0.908385 0.054313 0.071429
17 0.520767 0.232919 0.059638 0.047619
18 0.832268 0.137164 0.062833 0.048654
18 0.188498 0.381988 0.059638 0.033126
19 0.703408 0.244824 0.047923 0.061077
19 0.613419 0.134576 0.051118 0.047619
20 0.874334 0.254658 0.055378 0.041408
20 0.101704 0.471014 0.035144 0.053830
21 0.635250 0.206004 0.062833 0.049689
21 0.580405 0.192029 0.031949 0.046584
22 0.408946 0.938923 0.119276 0.091097
23 0.600106 0.427536 0.035144 0.049689