0 0.659841 0.600800 0.095563 0.187200
0 0.579636 0.212800 0.078498 0.204800
1 0.108646 0.841600 0.142207 0.233600
1 0.604664 0.211200 0.130830 0.128000
2 0.489761 0.704800 0.135381 0.164800
2 0.659272 0.184000 0.092150 0.108800
3 0.532423 0.572000 0.111490 0.113600
3 0.223549 0.780000 0.137656 0.152000
4 0.402730 0.358400 0.088737 0.128000
4 0.742890 0.078400 0.136519 0.092800
5 0.406143 0.434400 0.131968 0.084800
5 0.377702 0.671200 0.059158 0.196800
6 0.573379 0.421600 0.061433 0.171200
6 0.414676 0.708000 0.133106 0.110400
7 0.667235 0.616000 0.062571 0.134400
7 0.403299 0.295200 0.039818 0.164800
8 0.660978 0.501600 0.034130 0.142400
8 0.626849 0.422400 0.043231 0.140800
9 0.447099 0.234400 0.068259 0.136000
9 0.399886 0.545600 0.087600 0.121600
10 0.449374 0.352000 0.052332 0.140800
10 0.374858 0.293600 0.060296 0.158400
11 0.307736 0.743200 0.105802 0.107200
11 0.942548 0.174400 0.046644 0.150400
12 0.528441 0.153600 0.078498 0.086400
12 0.323094 0.605600 0.063709 0.126400
13 0.517634 0.624000 0.070535 0.108800
13 0.563709 0.742400 0.073948 0.099200
14 0.574516 0.188800 0.034130 0.108800
14 0.740046 0.629600 0.058020 0.116800
15 0.500569 0.315200 0.068259 0.102400
15 0.476678 0.631200 0.038680 0.104000
16 0.668942 0.716800 0.031854 0.112000
16 0.406712 0.704800 0.067122 0.091200
17 0.642207 0.135200 0.058020 0.078400
17 0.641069 0.721600 0.048919 0.086400
18 0.638794 0.500000 0.030717 0.091200
18 0.716724 0.622400 0.029579 0.092800
19 0.684300 0.252000 0.053470 0.062400
19 0.583618 0.420800 0.056883 0.060800
20 0.510808 0.488800 0.047782 0.065600
20 0.582480 0.728000 0.045506 0.051200
21 0.422071 0.686400 0.043231 0.080000
21 0.529579 0.528000 0.053470 0.044800
22 0.502844 0.214400 0.106940 0.108800
22 0.536405 0.298400 0.103527 0.104000