0 0.552711 0.599777 0.183735 0.091416
0 0.382530 0.142698 0.192771 0.147157
1 0.509789 0.191750 0.212349 0.098105
1 0.795181 0.259197 0.162651 0.130435
2 0.842620 0.348384 0.097892 0.094760
2 0.759036 0.236343 0.219880 0.060201
3 0.403614 0.055184 0.138554 0.090301
3 0.326807 0.910256 0.189759 0.076923
4 0.572289 0.675585 0.129518 0.120401
4 0.406627 0.925307 0.183735 0.066890
5 0.317018 0.947603 0.155120 0.104794
5 0.598645 0.196210 0.173193 0.046823
6 0.103916 0.902453 0.141566 0.094760
6 0.458584 0.106466 0.152108 0.090301
7 0.478916 0.253066 0.078313 0.069119
7 0.875000 0.622074 0.081325 0.084727
8 0.477410 0.802676 0.054217 0.107023
8 0.761295 0.152731 0.073795 0.086957
9 0.383283 0.253623 0.076807 0.108138
9 0.759789 0.251394 0.073795 0.088071
10 0.454066 0.306577 0.134036 0.057971
10 0.435994 0.466555 0.061747 0.103679
11 0.570030 0.121516 0.149096 0.044593
11 0.361446 0.199554 0.084337 0.078038
12 0.551205 0.205128 0.051205 0.080268
12 0.488705 0.049052 0.109940 0.049052
13 0.504518 0.230212 0.072289 0.076923
13 0.513554 0.303233 0.075301 0.066890
14 0.516566 0.342252 0.111446 0.042363
14 0.449548 0.166109 0.100904 0.057971
15 0.611446 0.254181 0.090361 0.028986
15 0.341114 0.843367 0.067771 0.076923
16 0.572289 0.299331 0.093373 0.050167
16 0.353916 0.803790 0.108434 0.040134
17 0.400602 0.838907 0.087349 0.056856
17 0.734940 0.267001 0.066265 0.052397
18 0.653614 0.260312 0.075301 0.041249
18 0.449548 0.275362 0.055723 0.046823
19 0.544428 0.116499 0.058735 0.054627
19 0.441265 0.398551 0.075301 0.047938
20 0.640813 0.238573 0.064759 0.028986
20 0.940512 0.242475 0.067771 0.045708
21 0.717620 0.286511 0.049699 0.049052
21 0.503765 0.191193 0.049699 0.041249
22 0.519578 0.811037 0.048193 0.119287
23 0.428464 0.149387 0.052711 0.044593