0 0.297909 0.559570 0.132404 0.173828
0 0.101916 0.636719 0.134146 0.144531
1 0.284843 0.271484 0.155052 0.109375
1 0.381533 0.119141 0.132404 0.171875
2 0.716899 0.145508 0.113240 0.189453
2 0.155923 0.496094 0.088850 0.199219
3 0.372822 0.767578 0.125436 0.175781
3 0.681185 0.717773 0.097561 0.208984
4 0.493031 0.673828 0.160279 0.136719
4 0.082753 0.500977 0.127178 0.154297
5 0.895470 0.566406 0.146341 0.160156
5 0.445122 0.302734 0.158537 0.117188
6 0.725610 0.274414 0.165505 0.087891
6 0.960801 0.637695 0.060976 0.205078
7 0.259582 0.155273 0.111498 0.154297
7 0.501742 0.342773 0.139373 0.107422
8 0.834495 0.193359 0.118467 0.167969
8 0.821429 0.350586 0.155052 0.095703
9 0.508711 0.850586 0.125436 0.107422
9 0.228223 0.764648 0.069686 0.119141
10 0.554007 0.885742 0.132404 0.076172
10 0.420732 0.899414 0.078397 0.142578
11 0.317944 0.706055 0.060976 0.158203
11 0.364111 0.620117 0.052265 0.162109
12 0.437282 0.812500 0.066202 0.136719
12 0.591463 0.710938 0.057491 0.132812
13 0.225610 0.585938 0.120209 0.058594
13 0.439024 0.543945 0.111498 0.076172
14 0.749129 0.351562 0.097561 0.109375
14 0.619338 0.599609 0.109756 0.097656
15 0.472125 0.451172 0.104530 0.089844
15 0.365854 0.490234 0.073171 0.089844
16 0.600174 0.076172 0.085366 0.113281
16 0.325784 0.370117 0.111498 0.064453
17 0.507840 0.099609 0.088850 0.093750
17 0.298780 0.598633 0.067944 0.091797
18 0.914634 0.609375 0.052265 0.101562
18 0.554007 0.558594 0.062718 0.097656
19 0.628049 0.806641 0.060976 0.093750
19 0.444251 0.391602 0.087108 0.052734
20 0.824042 0.504883 0.087108 0.072266
20 0.714286 0.639648 0.066202 0.068359
21 0.403310 0.436523 0.050523 0.103516
21 0.605401 0.158203 0.088850 0.058594
22 0.447735 0.599609 0.149826 0.082031
22 0.803136 0.624023 0.087108 0.138672