0 0.745889 0.786745 0.126077 0.080052
0 0.924041 0.629921 0.112764 0.120735
1 0.722396 0.597769 0.115114 0.066929
1 0.912294 0.658136 0.059514 0.090551
2 0.897024 0.515092 0.063430 0.127297
2 0.481597 0.686352 0.104933 0.102362
3 0.607674 0.775591 0.046985 0.141732
3 0.509397 0.704068 0.066562 0.127297
4 0.853171 0.543307 0.080658 0.104987
4 0.576351 0.571522 0.095536 0.051181
5 0.537588 0.800525 0.069695 0.083990
5 0.209475 0.371391 0.044636 0.125984
6 0.799922 0.705381 0.082224 0.059055
6 0.036413 0.379921 0.054033 0.124672
7 0.949883 0.669948 0.062647 0.106299
7 0.365701 0.211942 0.073610 0.059055
8 0.651135 0.839239 0.036805 0.119423
8 0.575959 0.629265 0.069695 0.053806
9 0.573610 0.689633 0.060298 0.095801
9 0.594753 0.900919 0.068128 0.072178
10 0.220830 0.820210 0.026625 0.125984
10 0.606108 0.845801 0.057948 0.093176
11 0.490995 0.597769 0.061081 0.101050
11 0.740799 0.775591 0.061081 0.078740
12 0.708301 0.747375 0.039937 0.069554
12 0.379796 0.400919 0.029757 0.085302
13 0.087314 0.763780 0.030540 0.102362
13 0.757244 0.624672 0.053250 0.047244
14 0.678935 0.943570 0.057948 0.052493
14 0.497651 0.805118 0.044636 0.066929
15 0.877447 0.611549 0.052467 0.049869
15 0.744323 0.660761 0.052467 0.043307
16 0.509397 0.860892 0.054033 0.044619
16 0.098669 0.137139 0.051684 0.045932
17 0.692247 0.662073 0.046985 0.038058
17 0.838293 0.672572 0.028974 0.072178
18 0.267032 0.554462 0.042287 0.045932
18 0.575959 0.735564 0.041504 0.045932
19 0.487471 0.053806 0.041504 0.039370
19 0.643696 0.953412 0.026625 0.066929
20 0.657009 0.587927 0.029757 0.055118
20 0.822240 0.799213 0.028191 0.055118
21 0.844166 0.807087 0.023493 0.060367
21 0.846124 0.762467 0.032106 0.055118
22 0.733359 0.715223 0.064996 0.089239
22 0.864135 0.686352 0.044636 0.118110