0 0.773533 0.371223 0.150068 0.215827
0 0.629604 0.817986 0.085948 0.217266
1 0.486357 0.850360 0.195089 0.161151
1 0.817872 0.142446 0.115962 0.117986
2 0.583220 0.646043 0.080491 0.192806
2 0.888813 0.612950 0.132333 0.169784
3 0.516371 0.562590 0.107776 0.138129
3 0.815143 0.317986 0.072306 0.141007
4 0.626194 0.092806 0.144611 0.130935
4 0.791951 0.325180 0.167804 0.086331
5 0.647340 0.606475 0.135061 0.107914
5 0.778990 0.946763 0.136426 0.071942
6 0.476808 0.721583 0.107776 0.130935
6 0.463847 0.097842 0.111869 0.135252
7 0.832879 0.766187 0.107776 0.130935
7 0.706003 0.757554 0.085948 0.125180
8 0.904502 0.819424 0.065484 0.145324
8 0.861528 0.509353 0.129604 0.057554
9 0.762619 0.583453 0.109141 0.102158
9 0.739427 0.813669 0.068213 0.122302
10 0.669850 0.838129 0.122783 0.070504
10 0.416780 0.148921 0.132333 0.041727
11 0.510232 0.668345 0.040928 0.125180
11 0.742156 0.230216 0.084584 0.120863
12 0.075716 0.112230 0.115962 0.043165
12 0.681446 0.571223 0.099591 0.051799
13 0.896317 0.152518 0.046385 0.109353
13 0.785130 0.213669 0.099591 0.050360
14 0.596862 0.674101 0.115962 0.053237
14 0.570941 0.109353 0.085948 0.089209
15 0.877217 0.433094 0.073670 0.089209
15 0.602319 0.517986 0.066849 0.080576
16 0.884038 0.234532 0.095498 0.057554
16 0.834925 0.870504 0.062756 0.097842
17 0.778308 0.753957 0.053206 0.077698
17 0.630969 0.168345 0.077763 0.046043
18 0.328104 0.112230 0.072306 0.060432
18 0.936562 0.143165 0.042292 0.082014
19 0.704638 0.534532 0.045020 0.070504
19 0.184857 0.256835 0.042292 0.087770
20 0.676671 0.712950 0.038199 0.070504
20 0.656889 0.486331 0.039563 0.057554
21 0.647340 0.528058 0.066849 0.043165
21 0.368349 0.092806 0.062756 0.041727
22 0.876535 0.694245 0.072306 0.116547
22 0.590723 0.494245 0.114598 0.096403