0 0.514480 0.743796 0.241908 0.191241
0 0.216354 0.717518 0.146508 0.232117
1 0.590290 0.881022 0.144804 0.226277
1 0.354344 0.862774 0.183986 0.213139
2 0.545997 0.467153 0.172061 0.096350
2 0.445486 0.576642 0.260647 0.052555
3 0.861158 0.642336 0.127768 0.186861
3 0.619250 0.278102 0.076661 0.202920
4 0.101363 0.645255 0.097104 0.181022
4 0.356899 0.851825 0.069847 0.179562
5 0.700170 0.766423 0.132879 0.163504
5 0.336457 0.396350 0.195911 0.083212
6 0.694208 0.638686 0.083475 0.167883
6 0.560477 0.284672 0.091993 0.143066
7 0.314310 0.568613 0.137990 0.118248
7 0.453152 0.770803 0.068143 0.140146
8 0.469336 0.262044 0.100511 0.109489
8 0.415673 0.213869 0.102215 0.129927
9 0.771721 0.635036 0.109029 0.078832
9 0.242760 0.091971 0.168654 0.099270
10 0.698467 0.445255 0.160136 0.075912
10 0.569847 0.637956 0.168654 0.061314
11 0.345826 0.317518 0.149915 0.109489
11 0.873083 0.708029 0.124361 0.122628
12 0.670358 0.301460 0.124361 0.097810
12 0.455707 0.848175 0.137990 0.043796
13 0.404600 0.508759 0.073254 0.109489
13 0.363714 0.456204 0.137990 0.051095
14 0.335605 0.688321 0.105622 0.094891
14 0.526405 0.410949 0.126065 0.071533
15 0.292164 0.527737 0.107325 0.056934
15 0.741908 0.333577 0.066440 0.100730
16 0.275128 0.634307 0.120954 0.054015
16 0.428450 0.675912 0.083475 0.090511
17 0.374787 0.610949 0.088586 0.071533
17 0.770869 0.503650 0.052811 0.093431
18 0.448041 0.495620 0.061329 0.077372
18 0.510221 0.743066 0.090290 0.052555
19 0.754685 0.589051 0.088586 0.062774
19 0.709540 0.494891 0.093697 0.072993
20 0.448041 0.402190 0.054514 0.065693
20 0.476150 0.371533 0.069847 0.045255
21 0.626917 0.686861 0.081772 0.048175
21 0.574957 0.391971 0.080068 0.074453
22 0.467632 0.910219 0.151618 0.106569
23 0.589438 0.708029 0.068143 0.058394