0 0.867514 0.355289 0.174733 0.101796
0 0.654635 0.245010 0.055783 0.174651
1 0.141509 0.302395 0.159967 0.071856
1 0.871616 0.897206 0.071370 0.109780
2 0.672683 0.525948 0.108285 0.097804
2 0.582034 0.647705 0.054963 0.165669
3 0.757998 0.069361 0.067268 0.124750
3 0.517227 0.681138 0.086136 0.122754
4 0.744053 0.089820 0.100082 0.091816
4 0.823626 0.256986 0.042658 0.130739
5 0.560295 0.315868 0.059065 0.096806
5 0.630845 0.575848 0.098441 0.103792
6 0.349057 0.119261 0.059885 0.116766
6 0.839623 0.943613 0.097621 0.098802
7 0.876128 0.301397 0.039377 0.113772
7 0.201395 0.089321 0.087777 0.070858
8 0.317473 0.748503 0.047580 0.123752
8 0.499180 0.367764 0.071370 0.070858
9 0.948728 0.423154 0.048400 0.105788
9 0.914274 0.299900 0.076292 0.078842
10 0.543068 0.108283 0.045939 0.104790
10 0.834701 0.942615 0.054963 0.104790
11 0.405250 0.299900 0.044299 0.102794
11 0.628794 0.513473 0.073011 0.050898
12 0.447088 0.741517 0.080394 0.041916
12 0.556604 0.628244 0.041838 0.086826
13 0.515587 0.766966 0.071370 0.056886
13 0.907301 0.238523 0.029532 0.101796
14 0.417555 0.619261 0.032814 0.088822
14 0.573831 0.646707 0.056604 0.075848
15 0.087777 0.102295 0.060705 0.064870
15 0.278507 0.229042 0.033634 0.082834
16 0.041017 0.252994 0.059065 0.060878
16 0.625513 0.513473 0.033634 0.086826
17 0.164479 0.245010 0.028712 0.072854
17 0.461854 0.668663 0.050861 0.055888
18 0.885152 0.412675 0.044299 0.058882
18 0.451189 0.730040 0.036095 0.062874
19 0.934372 0.577844 0.037736 0.065868
19 0.848236 0.378244 0.032814 0.065868
20 0.505742 0.214571 0.038556 0.037924
20 0.432732 0.289421 0.022149 0.041916
21 0.678425 0.503493 0.032814 0.048902
21 0.451600 0.317365 0.028712 0.051896
22 0.966366 0.398204 0.044299 0.123752
23 0.746924 0.624750 0.048400 0.049900