0 0.721751 0.304224 0.259887 0.186073
0 0.745056 0.640982 0.269774 0.113014
1 0.329096 0.346461 0.158192 0.110731
1 0.840395 0.906393 0.285311 0.105023
2 0.201271 0.604452 0.156780 0.133562
2 0.125000 0.736301 0.207627 0.084475
3 0.329802 0.403539 0.221751 0.062785
3 0.481638 0.481735 0.144068 0.077626
4 0.882768 0.573059 0.211864 0.109589
4 0.163136 0.448059 0.125706 0.110731
5 0.483757 0.107877 0.182203 0.151826
5 0.134887 0.760845 0.091808 0.176941
6 0.606638 0.946347 0.153955 0.073059
6 0.791667 0.546804 0.148305 0.116438
7 0.673023 0.196918 0.142655 0.108447
7 0.828390 0.313356 0.156780 0.126712
8 0.516949 0.269406 0.112994 0.121005
8 0.730226 0.639269 0.161017 0.082192
9 0.913842 0.742580 0.129944 0.078767
9 0.530367 0.890411 0.165254 0.091324
10 0.462571 0.844749 0.137006 0.091324
10 0.418079 0.306507 0.158192 0.097032
11 0.158898 0.550228 0.170904 0.095890
11 0.300141 0.474886 0.151130 0.102740
12 0.553672 0.165525 0.112994 0.086758
12 0.672316 0.096461 0.090395 0.110731
13 0.339689 0.856735 0.153955 0.060502
13 0.673023 0.550228 0.103107 0.086758
14 0.504944 0.408105 0.080508 0.113014
14 0.447740 0.303082 0.149718 0.049087
15 0.846751 0.468037 0.114407 0.041096
15 0.270480 0.275114 0.097458 0.070776
16 0.529661 0.918379 0.073446 0.094749
16 0.858757 0.543950 0.087571 0.081050
17 0.456921 0.803653 0.060734 0.086758
17 0.753531 0.752283 0.088983 0.068493
18 0.338277 0.546804 0.103107 0.036530
18 0.736582 0.653539 0.046610 0.076484
19 0.340395 0.239726 0.101695 0.047945
19 0.662429 0.843607 0.093220 0.047945
20 0.408192 0.509132 0.053672 0.054795
20 0.682203 0.555365 0.048023 0.055936
21 0.836864 0.436644 0.083333 0.039954
21 0.403955 0.807648 0.087571 0.037671
22 0.413136 0.935502 0.165254 0.085616
22 0.659605 0.823059 0.175141 0.066210