0 0.166430 0.717391 0.096728 0.169705
0 0.875533 0.278401 0.248933 0.192146
1 0.432432 0.205470 0.224751 0.116410
1 0.450925 0.271388 0.116643 0.119215
2 0.372688 0.830996 0.145092 0.105189
2 0.600284 0.404628 0.065434 0.214586
3 0.381223 0.565919 0.170697 0.113604
3 0.298009 0.434081 0.152205 0.144460
4 0.394026 0.329593 0.179232 0.129032
4 0.198435 0.394109 0.172119 0.106592
5 0.352774 0.621318 0.105263 0.173913
5 0.466572 0.873773 0.051209 0.173913
6 0.604552 0.626227 0.096728 0.161290
6 0.726174 0.470547 0.132290 0.144460
7 0.261024 0.593268 0.072546 0.134642
7 0.361309 0.083450 0.059744 0.166900
8 0.343528 0.765778 0.123755 0.095372
8 0.303698 0.831697 0.046942 0.140252
9 0.753912 0.389902 0.145092 0.070126
9 0.173542 0.488079 0.102418 0.117812
10 0.386913 0.477560 0.110953 0.124825
10 0.607397 0.751052 0.122333 0.110799
11 0.146515 0.547686 0.119488 0.113604
11 0.746799 0.286816 0.142248 0.063114
12 0.453770 0.764376 0.093883 0.075736
12 0.125178 0.708275 0.054054 0.112202
13 0.292319 0.596774 0.064011 0.093969
13 0.187767 0.276297 0.119488 0.053296
14 0.500711 0.597475 0.102418 0.075736
14 0.259602 0.454418 0.123755 0.056101
15 0.418208 0.173212 0.076814 0.102384
15 0.211949 0.808555 0.045519 0.102384
16 0.668563 0.701262 0.059744 0.103787
16 0.578947 0.647966 0.039829 0.103787
17 0.366999 0.854137 0.059744 0.086957
17 0.552632 0.955119 0.098151 0.072931
18 0.584637 0.776999 0.073969 0.070126
18 0.199858 0.229313 0.046942 0.085554
19 0.542674 0.488780 0.061166 0.077139
19 0.662873 0.619215 0.065434 0.065919
20 0.608108 0.833801 0.049787 0.065919
20 0.502134 0.884993 0.048364 0.070126
21 0.173542 0.626227 0.056899 0.065919
21 0.323613 0.384292 0.066856 0.047686
22 0.354908 0.351332 0.126600 0.102384
22 0.069701 0.592567 0.062589 0.138850