0 0.887661 0.350656 0.053407 0.178337
0 0.830571 0.582057 0.086556 0.126915
1 0.190147 0.557440 0.137201 0.075492
1 0.682781 0.361597 0.074586 0.152079
2 0.794199 0.334792 0.098527 0.102845
2 0.176796 0.619803 0.082873 0.084245
3 0.086096 0.527899 0.069061 0.123632
3 0.320902 0.347374 0.035912 0.128009
4 0.628453 0.566740 0.105893 0.052516
4 0.258287 0.643873 0.072744 0.095186
5 0.682320 0.832604 0.099448 0.078775
5 0.832413 0.445842 0.097606 0.082057
6 0.801565 0.769694 0.096685 0.071116
6 0.757827 0.498359 0.055249 0.101751
7 0.038214 0.297046 0.078269 0.068928
7 0.039595 0.303063 0.051565 0.107221
8 0.279006 0.774070 0.033149 0.103939
8 0.615101 0.270788 0.033149 0.095186
9 0.245856 0.736324 0.062615 0.076586
9 0.133057 0.486871 0.065378 0.050328
10 0.609116 0.349015 0.072744 0.063457
10 0.880755 0.299234 0.070902 0.042670
11 0.624770 0.847921 0.043278 0.100656
11 0.656998 0.324945 0.076427 0.065646
12 0.769337 0.583151 0.035912 0.080963
12 0.145948 0.449125 0.067219 0.040481
13 0.842541 0.338621 0.042357 0.075492
13 0.603131 0.851751 0.031308 0.077681
14 0.620166 0.693107 0.067219 0.038293
14 0.568600 0.630197 0.065378 0.043764
15 0.733886 0.343545 0.053407 0.052516
15 0.813996 0.501641 0.040516 0.057987
16 0.435083 0.030088 0.048803 0.057987
16 0.595304 0.388950 0.048803 0.060175
17 0.758748 0.194748 0.057090 0.045952
17 0.570902 0.292123 0.053407 0.045952
18 0.552486 0.881838 0.036832 0.061269
18 0.918969 0.350109 0.038674 0.056893
19 0.854052 0.259300 0.048803 0.045952
19 0.644567 0.312363 0.038674 0.055799
20 0.980663 0.428884 0.036832 0.050328
20 0.687385 0.427790 0.043278 0.037199
21 0.928637 0.522429 0.048803 0.036105
21 0.581492 0.538293 0.045120 0.037199
22 0.176796 0.962801 0.075506 0.059081
22 0.098987 0.625821 0.080110 0.048140