0 0.821970 0.441400 0.104545 0.140030
0 0.313636 0.197869 0.281818 0.112633
1 0.248485 0.584475 0.190909 0.191781
1 0.753030 0.556317 0.139394 0.162861
2 0.570455 0.365297 0.168182 0.219178
2 0.829545 0.731355 0.137879 0.196347
3 0.657576 0.602740 0.069697 0.234399
3 0.138636 0.399543 0.098485 0.171994
4 0.313636 0.824201 0.121212 0.205479
4 0.362121 0.560122 0.193939 0.124810
5 0.529545 0.852359 0.125758 0.155251
5 0.306061 0.100457 0.212121 0.109589
6 0.193939 0.283866 0.112121 0.181126
6 0.227273 0.499239 0.121212 0.173516
7 0.499242 0.186454 0.107576 0.184170
7 0.446212 0.701674 0.180303 0.088280
8 0.394697 0.261796 0.104545 0.149163
8 0.587121 0.432268 0.183333 0.085236
9 0.437879 0.845510 0.133333 0.132420
9 0.626515 0.697869 0.131818 0.150685
10 0.929545 0.601979 0.065152 0.190259
10 0.237121 0.515221 0.050000 0.156773
11 0.254545 0.630137 0.081818 0.152207
11 0.581061 0.200152 0.062121 0.162861
12 0.434091 0.394977 0.131818 0.065449
12 0.446212 0.352359 0.143939 0.053272
13 0.684091 0.385084 0.143939 0.073059
13 0.603030 0.468037 0.090909 0.120244
14 0.425000 0.114916 0.143939 0.053272
14 0.458333 0.586758 0.107576 0.077626
15 0.421970 0.643836 0.086364 0.094368
15 0.338636 0.786910 0.101515 0.109589
16 0.728788 0.735160 0.121212 0.054795
16 0.428788 0.778539 0.093939 0.074581
17 0.416667 0.924658 0.063636 0.095890
17 0.094697 0.553272 0.043939 0.114155
18 0.250000 0.793760 0.093939 0.077626
18 0.700000 0.317352 0.100000 0.047184
19 0.494697 0.540335 0.071212 0.082192
19 0.141667 0.525875 0.053030 0.089802
20 0.312121 0.356164 0.063636 0.070015
20 0.506061 0.756469 0.072727 0.042618
21 0.707576 0.417047 0.090909 0.051750
21 0.378788 0.315068 0.054545 0.066971
22 0.062879 0.442161 0.098485 0.117199
23 0.175000 0.392694 0.056061 0.079148