0 0.580479 0.811218 0.294521 0.213406
0 0.391267 0.413133 0.244863 0.164159
1 0.604452 0.449384 0.273973 0.220246
1 0.109589 0.480848 0.140411 0.179207
2 0.738870 0.399453 0.190068 0.218878
2 0.791096 0.517784 0.202055 0.187415
3 0.193493 0.729138 0.160959 0.221614
3 0.401541 0.206566 0.248288 0.169631
4 0.219178 0.413817 0.113014 0.247606
4 0.502568 0.849521 0.220890 0.084815
5 0.720890 0.612175 0.202055 0.181943
5 0.515411 0.904241 0.154110 0.150479
6 0.386986 0.823529 0.246575 0.090287
6 0.592466 0.269494 0.109589 0.210670
7 0.696062 0.689466 0.179795 0.136799
7 0.312500 0.702462 0.244863 0.067031
8 0.851027 0.666211 0.157534 0.142271
8 0.405822 0.593707 0.181507 0.128591
9 0.448630 0.661423 0.202055 0.072503
9 0.575342 0.158003 0.215753 0.127223
10 0.217466 0.612175 0.116438 0.135431
10 0.414384 0.063611 0.219178 0.080711
11 0.831336 0.729138 0.196918 0.098495
11 0.777397 0.653215 0.205479 0.088919
12 0.833904 0.501368 0.102740 0.140903
12 0.407534 0.166895 0.078767 0.142271
13 0.781678 0.338577 0.077055 0.135431
13 0.605308 0.623119 0.053082 0.146375
14 0.646404 0.534884 0.063356 0.139535
14 0.493151 0.227770 0.116438 0.086183
15 0.339041 0.914501 0.092466 0.127223
15 0.433219 0.454856 0.068493 0.108071
16 0.547089 0.575239 0.097603 0.108071
16 0.918664 0.798222 0.155822 0.072503
17 0.491438 0.303010 0.130137 0.058824
17 0.639555 0.447332 0.083904 0.095759
18 0.845034 0.375513 0.077055 0.097127
18 0.428938 0.752394 0.118151 0.051984
19 0.693493 0.514364 0.068493 0.082079
19 0.169521 0.585499 0.123288 0.046512
20 0.811644 0.797538 0.102740 0.054720
20 0.571918 0.705882 0.047945 0.071135
21 0.714041 0.300274 0.075342 0.083447
21 0.842466 0.861149 0.065068 0.083447