0 0.283151 0.410180 0.201248 0.182635
0 0.894696 0.598054 0.129485 0.208084
1 0.171607 0.218563 0.215289 0.128743
1 0.295632 0.499251 0.229329 0.076347
2 0.429797 0.545659 0.088924 0.160180
2 0.930577 0.420659 0.079563 0.212575
3 0.772231 0.479790 0.112324 0.148204
3 0.726989 0.092814 0.180967 0.104790
4 0.565523 0.599551 0.170047 0.061377
4 0.864275 0.403443 0.190328 0.091317
5 0.184867 0.341317 0.138846 0.146707
5 0.639626 0.875000 0.109204 0.166168
6 0.069423 0.303144 0.110764 0.130240
6 0.561622 0.101796 0.053042 0.152695
7 0.217629 0.374251 0.141966 0.107784
7 0.889236 0.324850 0.115445 0.131737
8 0.525741 0.163922 0.112324 0.109281
8 0.656006 0.271707 0.098284 0.109281
9 0.382995 0.278443 0.129485 0.077844
9 0.840094 0.546407 0.110764 0.143713
10 0.764431 0.204341 0.071763 0.142216
10 0.583463 0.695359 0.134165 0.100299
11 0.332293 0.580838 0.112324 0.089820
11 0.390016 0.405689 0.134165 0.089820
12 0.446958 0.207335 0.060842 0.109281
12 0.708268 0.753743 0.118565 0.055389
13 0.622465 0.405689 0.078003 0.086826
13 0.564743 0.633234 0.099844 0.068862
14 0.709828 0.208084 0.096724 0.092814
14 0.602184 0.315868 0.106084 0.047904
15 0.735569 0.383234 0.085803 0.098802
15 0.586583 0.431886 0.084243 0.088323
16 0.534321 0.236527 0.092044 0.059880
16 0.608424 0.116018 0.059282 0.088323
17 0.573323 0.869012 0.095164 0.061377
17 0.768331 0.594311 0.079563 0.089820
18 0.680187 0.251497 0.078003 0.071856
18 0.639626 0.538922 0.068643 0.071856
19 0.677067 0.419162 0.062402 0.077844
19 0.645866 0.353293 0.078003 0.047904
20 0.646646 0.717066 0.070203 0.047904
20 0.340874 0.214820 0.057722 0.067365
21 0.554602 0.541916 0.057722 0.071856
21 0.861154 0.582335 0.062402 0.053892
22 0.346334 0.666916 0.053042 0.139222
23 0.698908 0.481287 0.062402 0.058383