0 0.902906 0.683607 0.183620 0.081967
0 0.770145 0.463388 0.103038 0.085246
1 0.569353 0.924590 0.089828 0.139891
1 0.392338 0.296721 0.177015 0.042623
2 0.643329 0.744809 0.132100 0.053552
2 0.381110 0.520765 0.062087 0.103825
3 0.511889 0.768306 0.101717 0.091803
3 0.516513 0.636066 0.076618 0.107104
4 0.581242 0.316393 0.063408 0.112568
4 0.433289 0.494536 0.105680 0.081967
5 0.363937 0.391257 0.064729 0.100546
5 0.711361 0.400546 0.125495 0.049180
6 0.811096 0.615847 0.126816 0.038251
6 0.729855 0.528962 0.083223 0.083060
7 0.626816 0.136066 0.056803 0.092896
7 0.381770 0.720765 0.063408 0.077596
8 0.751651 0.340984 0.058124 0.074317
8 0.632761 0.346448 0.100396 0.041530
9 0.323646 0.350820 0.095112 0.061202
9 0.049538 0.465027 0.056803 0.084153
10 0.730515 0.696175 0.095112 0.054645
10 0.465654 0.362842 0.093791 0.074317
11 0.525760 0.267213 0.110964 0.036066
11 0.645310 0.282514 0.038309 0.090710
12 0.916116 0.525683 0.064729 0.074317
12 0.879789 0.378142 0.044914 0.078689
13 0.585205 0.599454 0.087186 0.033880
13 0.352708 0.460656 0.076618 0.049180
14 0.583884 0.708197 0.063408 0.063388
14 0.556143 0.527322 0.079260 0.064481
15 0.477543 0.427322 0.043593 0.061202
15 0.507266 0.487978 0.047556 0.060109
16 0.871202 0.583607 0.067371 0.045902
16 0.259577 0.365574 0.056803 0.042623
17 0.591810 0.374863 0.063408 0.037158
17 0.702114 0.263388 0.043593 0.059016
18 0.551519 0.485246 0.040951 0.052459
18 0.834875 0.716940 0.055482 0.045902
19 0.267503 0.458470 0.059445 0.031694
19 0.743065 0.797814 0.056803 0.043716
20 0.603038 0.564481 0.040951 0.042623
20 0.282695 0.404372 0.039630 0.041530
21 0.653897 0.392350 0.036988 0.043716
21 0.332232 0.735519 0.051519 0.032787
22 0.587186 0.650820 0.096433 0.064481
23 0.540291 0.031694 0.052840 0.050273