0 0.570826 0.555252 0.166948 0.136426
0 0.714165 0.462483 0.281619 0.076398
1 0.244519 0.345157 0.080944 0.221010
1 0.291737 0.159618 0.178752 0.185539
2 0.766442 0.504093 0.234401 0.077763
2 0.594435 0.530014 0.146712 0.102319
3 0.770658 0.477490 0.104553 0.174625
3 0.558179 0.793997 0.165261 0.100955
4 0.320405 0.413370 0.064081 0.163711
4 0.199831 0.579809 0.072513 0.166439
5 0.238617 0.111187 0.116358 0.099591
5 0.912310 0.614598 0.128162 0.165075
6 0.854132 0.655525 0.086003 0.167804
6 0.156830 0.510914 0.060708 0.148704
7 0.616358 0.372442 0.129848 0.100955
7 0.776560 0.324693 0.062395 0.155525
8 0.435076 0.401091 0.111298 0.114598
8 0.277403 0.615962 0.099494 0.121419
9 0.514334 0.461801 0.145025 0.085948
9 0.139966 0.319236 0.074199 0.136426
10 0.445194 0.676671 0.165261 0.057299
10 0.186341 0.411323 0.052277 0.132333
11 0.075042 0.099591 0.069140 0.147340
11 0.361720 0.453615 0.052277 0.118690
12 0.736088 0.665757 0.129848 0.090041
12 0.553120 0.692360 0.060708 0.126876
13 0.268128 0.758527 0.138280 0.057299
13 0.379427 0.639154 0.124789 0.053206
14 0.107083 0.615962 0.133221 0.058663
14 0.438449 0.745566 0.087690 0.099591
15 0.416526 0.584584 0.074199 0.091405
15 0.259696 0.510232 0.097808 0.073670
16 0.467960 0.336971 0.102867 0.079127
16 0.789207 0.639154 0.070826 0.099591
17 0.846543 0.751023 0.094435 0.075034
17 0.432546 0.935880 0.112985 0.051842
18 0.775717 0.719645 0.097808 0.053206
18 0.811130 0.491814 0.087690 0.047749
19 0.591906 0.443383 0.067454 0.073670
19 0.349916 0.736698 0.092749 0.049113
20 0.593592 0.718281 0.064081 0.066849
20 0.668634 0.332196 0.075885 0.061392
21 0.346543 0.699864 0.079258 0.049113
21 0.618887 0.648022 0.070826 0.070941
22 0.413153 0.469304 0.064081 0.139154
23 0.359191 0.567531 0.070826 0.046385