0 0.692718 0.258427 0.241563 0.199037
0 0.420071 0.467095 0.211368 0.186196
1 0.228242 0.519262 0.129663 0.181380
1 0.230906 0.775281 0.134991 0.202247
2 0.572824 0.470305 0.065719 0.237560
2 0.382771 0.304976 0.094139 0.179775
3 0.787744 0.758427 0.090586 0.207063
3 0.740675 0.474318 0.234458 0.052970
4 0.772647 0.568218 0.163410 0.154093
4 0.662522 0.821027 0.163410 0.178170
5 0.725577 0.599518 0.136767 0.178170
5 0.638544 0.357945 0.094139 0.160514
6 0.175844 0.069823 0.110124 0.104334
6 0.439609 0.851525 0.193606 0.091493
7 0.308171 0.626806 0.083481 0.152488
7 0.720249 0.290530 0.069272 0.163724
8 0.232682 0.858748 0.056838 0.163724
8 0.934281 0.504013 0.056838 0.176565
9 0.850799 0.585875 0.088810 0.134831
9 0.506217 0.666934 0.156306 0.097913
10 0.396092 0.750401 0.071048 0.158909
10 0.120782 0.422151 0.060391 0.163724
11 0.492895 0.906902 0.186501 0.054575
11 0.467140 0.303371 0.053286 0.144462
12 0.455595 0.592295 0.126110 0.089888
12 0.809059 0.395666 0.101243 0.110754
13 0.544405 0.699037 0.104796 0.094703
13 0.167851 0.589888 0.062167 0.123596
14 0.222913 0.356340 0.065719 0.125201
14 0.625222 0.686196 0.113677 0.107544
15 0.375666 0.630016 0.101243 0.097913
15 0.228242 0.558587 0.090586 0.096308
16 0.645648 0.516051 0.087034 0.097913
16 0.290409 0.743981 0.051510 0.110754
17 0.407638 0.467897 0.072824 0.085072
17 0.509769 0.768860 0.103020 0.054575
18 0.224689 0.647673 0.076377 0.081862
18 0.460036 0.547352 0.078153 0.080257
19 0.112789 0.613965 0.079929 0.072231
19 0.523979 0.351525 0.060391 0.080257
20 0.342806 0.774478 0.067496 0.062600
20 0.498224 0.512841 0.087034 0.052970
21 0.478686 0.448636 0.087034 0.056180
21 0.337478 0.329856 0.060391 0.072231
22 0.284192 0.334671 0.088810 0.149278
22 0.607460 0.589888 0.134991 0.078652