0 0.096212 0.568770 0.125758 0.276699
0 0.600000 0.116505 0.230303 0.110032
1 0.293182 0.258900 0.192424 0.184466
1 0.279545 0.230583 0.083333 0.247573
2 0.548485 0.750000 0.190909 0.137540
2 0.427273 0.747573 0.081818 0.229773
3 0.606061 0.831715 0.154545 0.093851
3 0.303788 0.500000 0.159091 0.142395
4 0.556061 0.371359 0.154545 0.114887
4 0.188636 0.565534 0.198485 0.059871
5 0.450758 0.295307 0.171212 0.059871
5 0.634848 0.114078 0.136364 0.166667
6 0.766667 0.401294 0.139394 0.129450
6 0.437121 0.559061 0.122727 0.147249
7 0.375758 0.444984 0.130303 0.106796
7 0.488636 0.918285 0.146970 0.118123
8 0.287121 0.814725 0.116667 0.082524
8 0.844697 0.190939 0.150000 0.061489
9 0.759091 0.750809 0.130303 0.119741
9 0.203788 0.570388 0.077273 0.153722
10 0.506061 0.745146 0.051515 0.144013
10 0.615152 0.209547 0.133333 0.050162
11 0.162879 0.441748 0.119697 0.119741
11 0.437121 0.393204 0.134848 0.106796
12 0.817424 0.824434 0.119697 0.085761
12 0.634091 0.707929 0.046970 0.124595
13 0.803788 0.660194 0.095455 0.100324
13 0.449242 0.385922 0.062121 0.111650
14 0.343182 0.340615 0.116667 0.050162
14 0.865152 0.547735 0.118182 0.063107
15 0.922727 0.333333 0.106061 0.058252
15 0.720455 0.271845 0.095455 0.077670
16 0.531818 0.904531 0.103030 0.087379
16 0.392424 0.714401 0.057576 0.108414
17 0.671970 0.369741 0.077273 0.088997
17 0.324242 0.515372 0.054545 0.092233
18 0.828030 0.453074 0.062121 0.090615
18 0.914394 0.609223 0.077273 0.072816
19 0.600000 0.283981 0.072727 0.072816
19 0.486364 0.384304 0.039394 0.082524
20 0.369697 0.766990 0.045455 0.074434
20 0.796970 0.596278 0.072727 0.046926
21 0.715152 0.624595 0.060606 0.067961
21 0.723485 0.672330 0.059091 0.059871
22 0.800000 0.872977 0.154545 0.076052
22 0.525000 0.517799 0.143939 0.071197