0 0.487868 0.902344 0.083088 0.101562
0 0.650000 0.889648 0.061765 0.183594
1 0.560662 0.076172 0.124265 0.058594
1 0.608088 0.158203 0.127941 0.068359
2 0.657353 0.944336 0.092647 0.083984
2 0.540809 0.817871 0.096324 0.069336
3 0.628676 0.747070 0.070588 0.125000
3 0.650735 0.739746 0.111765 0.049805
4 0.536397 0.121094 0.062500 0.101562
4 0.434191 0.201172 0.096324 0.033203
5 0.471324 0.187500 0.083824 0.056641
5 0.493015 0.851562 0.086029 0.054688
6 0.494853 0.222168 0.079412 0.049805
6 0.398162 0.242188 0.080147 0.042969
7 0.578676 0.697266 0.029412 0.111328
7 0.205882 0.404297 0.076471 0.042969
8 0.681250 0.756348 0.075735 0.045898
8 0.634559 0.061035 0.036765 0.096680
9 0.679412 0.420898 0.044118 0.107422
9 0.198162 0.427246 0.063971 0.036133
10 0.597059 0.871094 0.039706 0.099609
10 0.598529 0.118164 0.060294 0.078125
11 0.638235 0.623047 0.055882 0.087891
11 0.517279 0.696289 0.041912 0.083984
12 0.671691 0.585938 0.027206 0.093750
12 0.585662 0.928223 0.056618 0.067383
13 0.462132 0.145020 0.062500 0.040039
13 0.537868 0.910156 0.033088 0.083984
14 0.674265 0.297363 0.039706 0.071289
14 0.653309 0.860352 0.022794 0.085938
15 0.754044 0.190918 0.027206 0.083008
15 0.681250 0.898926 0.046324 0.067383
16 0.618015 0.638184 0.043382 0.067383
16 0.572794 0.119141 0.050000 0.042969
17 0.541912 0.702637 0.041176 0.051758
17 0.631985 0.200684 0.049265 0.036133
18 0.676103 0.103027 0.052206 0.043945
18 0.368382 0.218750 0.026471 0.050781
19 0.641912 0.785156 0.041176 0.037109
19 0.668382 0.241211 0.026471 0.058594
20 0.634926 0.542969 0.041912 0.041016
20 0.718382 0.728516 0.035294 0.042969
21 0.725735 0.771973 0.030882 0.053711
21 0.563603 0.780273 0.031618 0.042969
22 0.512500 0.157715 0.052941 0.086914
23 0.556618 0.182129 0.035294 0.040039