0 0.821897 0.153216 0.128153 0.147368
0 0.385469 0.255556 0.090817 0.171930
1 0.440464 0.329825 0.116044 0.140351
1 0.676589 0.101170 0.085772 0.167251
2 0.796165 0.312865 0.100908 0.113450
2 0.755298 0.516959 0.116044 0.100585
3 0.675076 0.200000 0.121090 0.056140
3 0.607467 0.309357 0.062563 0.129825
4 0.770938 0.431579 0.066599 0.100585
4 0.648335 0.390058 0.118063 0.057310
5 0.488900 0.201754 0.077699 0.113450
5 0.935419 0.386550 0.046418 0.136842
6 0.365288 0.487135 0.088799 0.080702
6 0.729062 0.370760 0.065590 0.102924
7 0.552472 0.170175 0.063572 0.104094
7 0.677598 0.367836 0.033300 0.108772
8 0.702321 0.296491 0.084763 0.064327
8 0.515641 0.472515 0.104945 0.044444
9 0.951564 0.457310 0.054490 0.109942
9 0.545913 0.148538 0.086781 0.070175
10 0.607972 0.502339 0.085772 0.059649
10 0.594349 0.102339 0.076690 0.064327
11 0.664480 0.453801 0.087790 0.044444
11 0.069122 0.820468 0.091826 0.050292
12 0.577195 0.371345 0.060545 0.071345
12 0.164480 0.458480 0.064581 0.058480
13 0.187185 0.509357 0.065590 0.059649
13 0.525732 0.340936 0.070636 0.069006
14 0.559031 0.270760 0.036327 0.085380
14 0.309788 0.495906 0.066599 0.035088
15 0.725530 0.450877 0.038345 0.071345
15 0.741675 0.346199 0.062563 0.056140
16 0.288093 0.419883 0.057518 0.056140
16 0.600908 0.300585 0.067608 0.046784
17 0.553986 0.442690 0.052472 0.050292
17 0.706357 0.407018 0.040363 0.060819
18 0.492432 0.371930 0.048436 0.051462
18 0.706357 0.166667 0.050454 0.050292
19 0.443491 0.470760 0.051463 0.038596
19 0.054995 0.946199 0.049445 0.056140
20 0.524218 0.422807 0.033300 0.052632
20 0.514127 0.178947 0.031282 0.046784
21 0.410192 0.438596 0.047427 0.037427
21 0.482846 0.437427 0.039354 0.044444
22 0.276488 0.457895 0.088799 0.043275
23 0.203835 0.795322 0.038345 0.049123