0 0.589796 0.610082 0.156463 0.351852
0 0.885714 0.484568 0.136054 0.207819
1 0.340816 0.689300 0.224490 0.213992
1 0.544898 0.169753 0.178231 0.187243
2 0.847619 0.317901 0.157823 0.211934
2 0.139456 0.699588 0.126531 0.131687
3 0.344898 0.387860 0.156463 0.265432
3 0.240816 0.423868 0.078912 0.308642
4 0.698639 0.471193 0.082993 0.213992
4 0.118367 0.258230 0.138776 0.232510
5 0.644898 0.323045 0.078912 0.312757
5 0.317007 0.746914 0.119728 0.259259
6 0.130612 0.387860 0.168707 0.113169
6 0.463265 0.213992 0.156463 0.255144
7 0.316327 0.875514 0.077551 0.158436
7 0.497279 0.192387 0.091156 0.220165
8 0.169388 0.268519 0.123810 0.183128
8 0.128571 0.603909 0.123810 0.109053
9 0.729252 0.328189 0.073469 0.269547
9 0.626531 0.851852 0.172789 0.106996
10 0.708844 0.612140 0.111565 0.228395
10 0.412245 0.737654 0.106122 0.203704
11 0.182993 0.826132 0.151020 0.220165
11 0.129932 0.509259 0.172789 0.113169
12 0.309524 0.235597 0.050340 0.162551
12 0.299320 0.363169 0.106122 0.137860
13 0.367347 0.202675 0.097959 0.162551
13 0.140136 0.568930 0.130612 0.109053
14 0.559184 0.513374 0.111565 0.141975
14 0.421769 0.200617 0.114286 0.121399
15 0.359184 0.259259 0.087075 0.127572
15 0.211565 0.248971 0.099320 0.119342
16 0.504082 0.442387 0.091156 0.115226
16 0.302721 0.469136 0.091156 0.139918
17 0.568707 0.121399 0.070748 0.131687
17 0.536054 0.275720 0.092517 0.082305
18 0.778231 0.410494 0.062585 0.133745
18 0.694558 0.356996 0.088435 0.092593
19 0.914966 0.358025 0.088435 0.094650
19 0.412245 0.201646 0.043537 0.152263
20 0.530612 0.616255 0.040816 0.109053
20 0.705442 0.758230 0.042177 0.121399
21 0.304082 0.602881 0.053061 0.111111
21 0.312925 0.676955 0.065306 0.106996
22 0.536054 0.452675 0.103401 0.201646
22 0.236735 0.432099 0.078912 0.205761