0 0.445813 0.308072 0.083744 0.260297
0 0.376232 0.440692 0.080049 0.268534
1 0.392241 0.765239 0.136700 0.215815
1 0.166256 0.696870 0.113300 0.161450
2 0.275246 0.752059 0.070197 0.215815
2 0.301108 0.648270 0.099754 0.222405
3 0.341133 0.611203 0.135468 0.112026
3 0.279557 0.195222 0.044335 0.202636
4 0.365148 0.347611 0.075123 0.191104
4 0.459975 0.508237 0.060345 0.199341
5 0.197660 0.637562 0.121921 0.108731
5 0.580049 0.291598 0.140394 0.082372
6 0.559113 0.726524 0.137931 0.082372
6 0.231527 0.313839 0.051724 0.199341
7 0.096675 0.523064 0.131773 0.060956
7 0.446429 0.569193 0.070197 0.140033
8 0.621921 0.285832 0.078818 0.136738
8 0.471059 0.086491 0.124384 0.077430
9 0.479680 0.262768 0.072660 0.136738
9 0.941502 0.911038 0.087438 0.141680
10 0.128079 0.418451 0.066502 0.164745
10 0.291256 0.359143 0.080049 0.141680
11 0.594212 0.374794 0.092365 0.103789
11 0.493842 0.476112 0.056650 0.148270
12 0.235837 0.509885 0.045567 0.126853
12 0.396552 0.497529 0.039409 0.125206
13 0.553571 0.211697 0.082512 0.103789
13 0.451970 0.728171 0.081281 0.079077
14 0.189655 0.541186 0.076355 0.097199
14 0.479680 0.429160 0.057882 0.116969
15 0.169951 0.431631 0.064039 0.105437
15 0.408867 0.167216 0.086207 0.054366
16 0.305419 0.490939 0.068966 0.095552
16 0.503695 0.587315 0.051724 0.100494
17 0.195813 0.221582 0.081281 0.064250
17 0.248768 0.743822 0.046798 0.097199
18 0.499384 0.635914 0.045567 0.082372
18 0.522167 0.447282 0.051724 0.077430
19 0.682266 0.370675 0.056650 0.082372
19 0.567118 0.318781 0.038177 0.077430
20 0.310345 0.227348 0.049261 0.069193
20 0.863300 0.621087 0.056650 0.082372
21 0.202586 0.475288 0.035714 0.084020
21 0.371305 0.308072 0.035714 0.075783
22 0.364532 0.196046 0.103448 0.121911
22 0.471675 0.724876 0.091133 0.105437