0 0.489677 0.523504 0.153548 0.143875
0 0.490968 0.346154 0.045161 0.227920
1 0.900000 0.424501 0.058065 0.219373
1 0.101935 0.319088 0.157419 0.150997
2 0.261290 0.454416 0.058065 0.190883
2 0.636774 0.140313 0.148387 0.123932
3 0.940000 0.543447 0.063226 0.169516
3 0.671613 0.218661 0.140645 0.086895
4 0.821290 0.316952 0.125161 0.092593
4 0.470323 0.526353 0.060645 0.149573
5 0.876774 0.259972 0.078710 0.146724
5 0.810323 0.616809 0.056774 0.148148
6 0.207097 0.337607 0.065806 0.142450
6 0.732903 0.710826 0.095484 0.096866
7 0.145806 0.316239 0.098065 0.113960
7 0.112903 0.898148 0.122581 0.121083
8 0.409032 0.202991 0.095484 0.106838
8 0.541290 0.272080 0.047742 0.119658
9 0.363226 0.315527 0.065806 0.123932
9 0.600000 0.608974 0.113548 0.047009
10 0.146452 0.222222 0.120000 0.056980
10 0.601935 0.368234 0.089032 0.115385
11 0.246452 0.167379 0.090323 0.121083
11 0.683871 0.723647 0.121290 0.054131
12 0.284516 0.557692 0.096774 0.069801
12 0.451613 0.088319 0.098065 0.071225
13 0.520000 0.547009 0.051613 0.096866
13 0.672258 0.765670 0.092903 0.052707
14 0.228387 0.473647 0.054194 0.101140
14 0.351613 0.500712 0.047742 0.101140
15 0.401935 0.513533 0.070968 0.075499
15 0.738065 0.417379 0.049032 0.102564
16 0.665161 0.279915 0.050323 0.092593
16 0.089032 0.860399 0.092903 0.094017
17 0.456774 0.670228 0.064516 0.081197
17 0.325161 0.085470 0.082581 0.056980
18 0.301290 0.204416 0.070968 0.047009
18 0.442581 0.311966 0.059355 0.071225
19 0.557419 0.782764 0.069677 0.055556
19 0.767097 0.744302 0.047742 0.075499
20 0.671613 0.672365 0.047742 0.065527
20 0.389677 0.109687 0.046452 0.062678
21 0.667097 0.433048 0.067097 0.045584
21 0.305806 0.469373 0.049032 0.066952
22 0.873548 0.596154 0.087742 0.129630
22 0.536774 0.714387 0.100645 0.112536