0 0.312816 0.358896 0.247892 0.251534
0 0.340641 0.779141 0.114671 0.165644
1 0.405565 0.420245 0.153457 0.239264
1 0.397133 0.332822 0.136594 0.190184
2 0.325464 0.418712 0.118044 0.171779
2 0.661046 0.802914 0.168634 0.124233
3 0.210793 0.471626 0.050590 0.228528
3 0.783305 0.724693 0.204047 0.161043
4 0.759696 0.730061 0.102867 0.168712
4 0.744519 0.282209 0.204047 0.165644
5 0.744519 0.102761 0.200675 0.101227
5 0.686341 0.145706 0.236088 0.058282
6 0.843170 0.813650 0.087690 0.173313
6 0.363406 0.693252 0.197302 0.107362
7 0.752108 0.240798 0.111298 0.128834
7 0.401349 0.680982 0.182125 0.067485
8 0.549747 0.309049 0.074199 0.151840
8 0.706577 0.260736 0.084317 0.165644
9 0.832209 0.915644 0.123103 0.141104
9 0.605396 0.650307 0.168634 0.119632
10 0.610455 0.258436 0.104553 0.130368
10 0.478078 0.207055 0.062395 0.171779
11 0.278246 0.700153 0.118044 0.151840
11 0.907251 0.832822 0.053963 0.171779
12 0.633221 0.692485 0.112985 0.102761
12 0.319562 0.313650 0.133221 0.099693
13 0.666105 0.552147 0.087690 0.113497
13 0.420742 0.575920 0.150084 0.044479
14 0.505902 0.625000 0.131535 0.081288
14 0.645868 0.853528 0.111298 0.105828
15 0.810287 0.202454 0.116358 0.055215
15 0.639123 0.140337 0.074199 0.108896
16 0.674536 0.585890 0.101180 0.101227
16 0.516863 0.529908 0.102867 0.093558
17 0.876054 0.174847 0.099494 0.073620
17 0.699831 0.483129 0.074199 0.095092
18 0.270658 0.529141 0.096121 0.061350
18 0.770658 0.779908 0.057336 0.081288
19 0.407251 0.532975 0.092749 0.065951
19 0.639123 0.253834 0.074199 0.072086
20 0.772344 0.525307 0.067454 0.069018
20 0.750422 0.611196 0.074199 0.044479
21 0.530354 0.721626 0.086003 0.035276
21 0.546374 0.746933 0.080944 0.030675
22 0.114671 0.368865 0.185497 0.081288
22 0.428331 0.815184 0.097808 0.133436