0 0.193396 0.386865 0.167453 0.087196
0 0.114387 0.709713 0.155660 0.165563
1 0.610849 0.432119 0.212264 0.093819
1 0.502358 0.897903 0.186321 0.107064
2 0.446344 0.714128 0.180425 0.123620
2 0.179835 0.405077 0.119104 0.103753
3 0.583726 0.314018 0.084906 0.155629
3 0.337854 0.165563 0.147406 0.103753
4 0.338443 0.058499 0.117925 0.114790
4 0.422170 0.802428 0.096698 0.156733
5 0.913325 0.740618 0.170991 0.092715
5 0.235849 0.081126 0.037736 0.157837
6 0.653892 0.345475 0.081368 0.081678
6 0.448113 0.742826 0.155660 0.077263
7 0.337264 0.267660 0.113208 0.104857
7 0.579599 0.557395 0.142689 0.064018
8 0.495873 0.357064 0.069575 0.120309
8 0.468160 0.087748 0.089623 0.111479
9 0.386792 0.390728 0.125000 0.066225
9 0.550708 0.499448 0.127358 0.054084
10 0.353774 0.607616 0.075472 0.129139
10 0.770637 0.532009 0.140330 0.075055
11 0.394458 0.254967 0.107311 0.097130
11 0.832547 0.954746 0.139151 0.079470
12 0.482901 0.041391 0.097877 0.084989
12 0.724057 0.585541 0.089623 0.080574
13 0.466392 0.267108 0.116745 0.068433
13 0.531840 0.222958 0.051887 0.099338
14 0.528302 0.144040 0.070755 0.109272
14 0.464623 0.133554 0.070755 0.105960
15 0.394458 0.124172 0.088443 0.069536
15 0.500590 0.807395 0.093160 0.054084
16 0.528892 0.399007 0.083726 0.071744
16 0.260024 0.197020 0.055425 0.091611
17 0.301887 0.657285 0.049528 0.076159
17 0.780660 0.464680 0.080189 0.041943
18 0.869693 0.651766 0.071934 0.062914
18 0.371462 0.804084 0.044811 0.071744
19 0.667453 0.565121 0.049528 0.068433
19 0.546580 0.692605 0.048349 0.076159
20 0.352005 0.254967 0.038915 0.055188
20 0.642099 0.491722 0.064858 0.040839
21 0.565448 0.391280 0.045991 0.049669
21 0.455189 0.437086 0.037736 0.059603
22 0.372642 0.076711 0.132075 0.058499
23 0.693396 0.511589 0.040094 0.062914