0 0.544118 0.132009 0.341629 0.212617
0 0.464932 0.393692 0.296380 0.119159
1 0.601810 0.424065 0.248869 0.278037
1 0.250000 0.191589 0.201357 0.140187
2 0.487557 0.275701 0.183258 0.228972
2 0.513575 0.703271 0.253394 0.084112
3 0.403846 0.872664 0.192308 0.198598
3 0.483032 0.355140 0.233032 0.144860
4 0.773756 0.752336 0.153846 0.210280
4 0.374434 0.137850 0.151584 0.228972
5 0.468326 0.901869 0.171946 0.112150
5 0.481900 0.480140 0.176471 0.114486
6 0.709276 0.714953 0.088235 0.205607
6 0.833710 0.825935 0.165158 0.161215
7 0.665158 0.616822 0.176471 0.130841
7 0.223982 0.359813 0.176471 0.079439
8 0.199095 0.443925 0.140271 0.107477
8 0.648190 0.269860 0.228507 0.091121
9 0.355204 0.707944 0.131222 0.144860
9 0.605204 0.799065 0.178733 0.102804
10 0.476244 0.788551 0.138009 0.119159
10 0.820136 0.421729 0.115385 0.193925
11 0.462670 0.636682 0.138009 0.128505
11 0.271493 0.311916 0.176471 0.100467
12 0.670814 0.384346 0.124434 0.133178
12 0.787330 0.357477 0.149321 0.126168
13 0.453620 0.260514 0.083710 0.142523
13 0.585973 0.521028 0.072398 0.158879
14 0.630090 0.879673 0.138009 0.086449
14 0.708145 0.478972 0.135747 0.121495
15 0.865385 0.511682 0.128959 0.107477
15 0.088235 0.282710 0.117647 0.116822
16 0.760181 0.670561 0.085973 0.130841
16 0.860860 0.685748 0.070136 0.133178
17 0.776018 0.459112 0.085973 0.123832
17 0.358597 0.608645 0.070136 0.095794
18 0.342760 0.192757 0.101810 0.063084
18 0.242081 0.135514 0.104072 0.070093
19 0.936652 0.620327 0.076923 0.119159
19 0.386878 0.517523 0.067873 0.095794
20 0.452489 0.560748 0.067873 0.070093
20 0.481900 0.516355 0.081448 0.074766
21 0.550905 0.606308 0.065611 0.077103
21 0.635747 0.546729 0.076923 0.065421
22 0.602941 0.740654 0.192308 0.065421
23 0.255656 0.259346 0.076923 0.074766