0 0.874449 0.414925 0.168869 0.131343
0 0.123348 0.317910 0.164464 0.211940
1 0.830396 0.211194 0.183554 0.150746
1 0.599119 0.902239 0.190896 0.138806
2 0.245228 0.623881 0.123348 0.164179
2 0.861968 0.569403 0.111601 0.159701
3 0.448605 0.117164 0.145374 0.162687
3 0.685756 0.621642 0.170338 0.201493
4 0.130690 0.644030 0.196769 0.189552
4 0.767988 0.751493 0.176211 0.150746
5 0.381057 0.885075 0.183554 0.101493
5 0.684288 0.559701 0.105727 0.202985
6 0.674009 0.097761 0.167401 0.111940
6 0.533774 0.385821 0.192364 0.100000
7 0.320117 0.450000 0.114537 0.150746
7 0.679883 0.611940 0.129222 0.173134
8 0.357562 0.331343 0.051395 0.182090
8 0.454479 0.492537 0.077827 0.182090
9 0.107930 0.521642 0.148311 0.120896
9 0.772394 0.699254 0.138032 0.132836
10 0.433186 0.726866 0.120411 0.122388
10 0.322320 0.792537 0.069016 0.200000
11 0.582232 0.247761 0.139501 0.101493
11 0.280470 0.474627 0.158590 0.074627
12 0.677680 0.194030 0.139501 0.062687
12 0.701175 0.418657 0.145374 0.073134
13 0.704846 0.260448 0.108664 0.120896
13 0.582232 0.400000 0.121880 0.086567
14 0.341410 0.663433 0.121880 0.064179
14 0.453010 0.523881 0.165932 0.050746
15 0.524229 0.732090 0.120411 0.061194
15 0.320852 0.744030 0.121880 0.058209
16 0.898678 0.517910 0.105727 0.092537
16 0.569750 0.479851 0.126285 0.088060
17 0.251101 0.252239 0.093979 0.089552
17 0.741557 0.532090 0.076358 0.085075
18 0.315712 0.258955 0.073421 0.085075
18 0.740088 0.338060 0.046990 0.102985
19 0.654919 0.782090 0.064611 0.098507
19 0.486784 0.904478 0.042584 0.101493
20 0.522761 0.395522 0.070485 0.050746
20 0.569016 0.611940 0.071953 0.050746
21 0.505874 0.309701 0.080764 0.058209
21 0.491924 0.458955 0.055800 0.067164
22 0.677680 0.823881 0.154185 0.134328
22 0.616006 0.327612 0.095448 0.073134