0 0.520607 0.518045 0.334056 0.091729
0 0.559653 0.529323 0.225597 0.147368
1 0.257050 0.126316 0.227766 0.171429
1 0.834056 0.333835 0.262473 0.192481
2 0.631236 0.331579 0.125813 0.175940
2 0.258134 0.502256 0.221258 0.096241
3 0.209328 0.710526 0.219089 0.151880
3 0.697397 0.539098 0.236443 0.118797
4 0.156182 0.169173 0.212581 0.160902
4 0.475054 0.217293 0.134490 0.175940
5 0.581345 0.616541 0.143167 0.147368
5 0.798265 0.205263 0.255965 0.064662
6 0.569414 0.418045 0.180043 0.135338
6 0.441432 0.190226 0.201735 0.115789
7 0.469631 0.599248 0.171367 0.115789
7 0.655098 0.184211 0.151844 0.133835
8 0.227766 0.653383 0.121475 0.139850
8 0.597614 0.754135 0.154013 0.142857
9 0.724512 0.669925 0.156182 0.130827
9 0.523861 0.741353 0.188720 0.102256
10 0.550976 0.917293 0.156182 0.129323
10 0.716920 0.211278 0.132321 0.133835
11 0.734273 0.324060 0.123644 0.124812
11 0.275488 0.251128 0.138829 0.087218
12 0.185466 0.390977 0.149675 0.096241
12 0.412148 0.408271 0.112798 0.106767
13 0.495662 0.433835 0.145336 0.058647
13 0.386117 0.270677 0.125813 0.084211
14 0.529284 0.118045 0.151844 0.088722
14 0.521692 0.218797 0.119306 0.100752
15 0.412148 0.127068 0.130152 0.073684
15 0.336226 0.033083 0.173536 0.051128
16 0.345987 0.369925 0.080260 0.090226
16 0.590022 0.197744 0.091106 0.091729
17 0.140998 0.280451 0.078091 0.091729
17 0.827549 0.281955 0.075922 0.088722
18 0.473970 0.330075 0.097614 0.064662
18 0.298265 0.402256 0.080260 0.073684
19 0.383948 0.391729 0.078091 0.079699
19 0.419740 0.309023 0.101952 0.055639
20 0.372017 0.100752 0.093275 0.057143
20 0.309111 0.296992 0.067245 0.064662
21 0.121475 0.070677 0.108460 0.063158
21 0.543384 0.311278 0.080260 0.066165
22 0.896963 0.145113 0.162690 0.097744
22 0.434924 0.679699 0.193059 0.099248