0 0.397614 0.409901 0.246521 0.257426
0 0.158052 0.587129 0.296223 0.219802
1 0.831014 0.453465 0.302187 0.170297
1 0.279324 0.420792 0.316103 0.124752
2 0.735586 0.732673 0.131213 0.170297
2 0.429423 0.388119 0.151093 0.194059
3 0.573559 0.932673 0.288270 0.083168
3 0.187873 0.612871 0.117296 0.188119
4 0.831014 0.600990 0.230616 0.116832
4 0.125249 0.477228 0.087475 0.269307
5 0.387674 0.134653 0.198807 0.174257
5 0.825050 0.586139 0.127237 0.166337
6 0.806163 0.785149 0.141153 0.200000
6 0.808151 0.291089 0.220676 0.067327
7 0.701789 0.663366 0.119284 0.162376
7 0.060636 0.535644 0.089463 0.207921
8 0.224652 0.381188 0.186879 0.081188
8 0.564612 0.859406 0.159046 0.106931
9 0.710736 0.204950 0.137177 0.152475
9 0.414513 0.778218 0.101392 0.162376
10 0.318091 0.629703 0.087475 0.194059
10 0.441352 0.500000 0.186879 0.136634
11 0.650099 0.126733 0.123260 0.194059
11 0.605368 0.343564 0.065606 0.203960
12 0.577535 0.551485 0.113320 0.152475
12 0.734592 0.335644 0.161034 0.057426
13 0.432406 0.224752 0.141153 0.081188
13 0.397614 0.265347 0.151093 0.063366
14 0.636183 0.818812 0.119284 0.136634
14 0.319085 0.621782 0.161034 0.087129
15 0.666004 0.321782 0.095427 0.124752
15 0.352883 0.758416 0.109344 0.110891
16 0.166004 0.327723 0.085487 0.108911
16 0.493042 0.148515 0.127237 0.087129
17 0.528827 0.621782 0.119284 0.087129
17 0.223658 0.685149 0.121272 0.083168
18 0.585487 0.454455 0.101392 0.077228
18 0.117296 0.282178 0.071571 0.093069
19 0.288270 0.410891 0.107356 0.065347
19 0.455268 0.787129 0.055666 0.104950
20 0.533797 0.278218 0.093439 0.053465
20 0.556660 0.366337 0.051690 0.099010
21 0.117296 0.719802 0.055666 0.097030
21 0.641153 0.744554 0.073559 0.067327
22 0.587475 0.078218 0.101392 0.132673
23 0.502982 0.346535 0.083499 0.059406