0 0.715894 0.663252 0.162914 0.112676
0 0.327815 0.713188 0.123179 0.153649
1 0.270199 0.602433 0.185430 0.126761
1 0.135762 0.500640 0.128477 0.158771
2 0.111921 0.111396 0.078146 0.204866
2 0.089404 0.361716 0.112583 0.111396
3 0.594040 0.253521 0.104636 0.181818
3 0.453642 0.133803 0.117881 0.165173
4 0.313907 0.385403 0.145695 0.089629
4 0.224503 0.091549 0.136424 0.103713
5 0.629139 0.434699 0.156291 0.113956
5 0.813245 0.555058 0.164238 0.060179
6 0.223841 0.833547 0.095364 0.166453
6 0.317881 0.161332 0.172185 0.053777
7 0.662914 0.572343 0.160265 0.048656
7 0.519868 0.254802 0.094040 0.092190
8 0.592053 0.629962 0.063576 0.130602
8 0.290728 0.097951 0.128477 0.060179
9 0.255629 0.475672 0.092715 0.126761
9 0.919868 0.448784 0.101987 0.116517
10 0.565563 0.334187 0.129801 0.092190
10 0.245695 0.318182 0.115232 0.093470
11 0.594702 0.637644 0.148344 0.066581
11 0.317881 0.725352 0.145695 0.044814
12 0.155629 0.647247 0.049007 0.119078
12 0.794040 0.492958 0.064901 0.089629
13 0.307285 0.857234 0.098013 0.075544
13 0.409272 0.457746 0.063576 0.103713
14 0.182781 0.309859 0.092715 0.053777
14 0.476821 0.402689 0.108609 0.052497
15 0.326490 0.586428 0.094040 0.056338
15 0.271523 0.510243 0.074172 0.085787
16 0.467550 0.544174 0.095364 0.058899
16 0.560265 0.337388 0.042384 0.101152
17 0.574834 0.510243 0.079470 0.039693
17 0.367550 0.270166 0.051656 0.081946
18 0.513907 0.566581 0.074172 0.047375
18 0.492715 0.257362 0.068874 0.048656
19 0.536424 0.478873 0.082119 0.035851
19 0.200000 0.504481 0.063576 0.066581
20 0.188079 0.842510 0.045033 0.061460
20 0.626490 0.530730 0.045033 0.055058
21 0.294702 0.647887 0.056954 0.071703
21 0.319868 0.460307 0.059603 0.055058
22 0.230464 0.916773 0.113907 0.140845
22 0.172185 0.249040 0.079470 0.108835