0 0.558179 0.135484 0.192243 0.197849
0 0.451939 0.170968 0.161889 0.316129
1 0.857504 0.607527 0.129848 0.212903
1 0.323777 0.291398 0.283305 0.298925
2 0.704047 0.509677 0.284992 0.240860
2 0.210793 0.591398 0.205734 0.266667
3 0.775717 0.805376 0.172007 0.200000
3 0.182968 0.687097 0.254637 0.212903
4 0.881956 0.366667 0.091062 0.341935
4 0.295110 0.536559 0.145025 0.238710
5 0.464587 0.619355 0.197302 0.193548
5 0.354975 0.120430 0.254637 0.159140
6 0.678752 0.726882 0.129848 0.275269
6 0.301012 0.300000 0.069140 0.324731
7 0.559865 0.743011 0.151771 0.118280
7 0.801855 0.463441 0.086003 0.225806
8 0.803541 0.487097 0.136594 0.264516
8 0.108769 0.349462 0.143339 0.212903
9 0.511804 0.837634 0.126476 0.161290
9 0.521079 0.316129 0.077572 0.305376
10 0.299325 0.797849 0.170320 0.150538
10 0.290894 0.346237 0.126476 0.154839
11 0.680438 0.252688 0.224283 0.062366
11 0.897133 0.462366 0.114671 0.176344
12 0.356661 0.310753 0.086003 0.225806
12 0.215852 0.578495 0.185497 0.077419
13 0.707420 0.529032 0.116358 0.129032
13 0.177066 0.361290 0.195616 0.081720
14 0.718381 0.136559 0.084317 0.191398
14 0.280776 0.721505 0.156830 0.161290
15 0.743676 0.368817 0.057336 0.156989
15 0.486509 0.404301 0.156830 0.116129
16 0.637437 0.617204 0.064081 0.146237
16 0.130691 0.334409 0.055649 0.204301
17 0.188870 0.247312 0.050590 0.172043
17 0.872681 0.744086 0.129848 0.086022
18 0.517707 0.481720 0.080944 0.137634
18 0.500843 0.936559 0.114671 0.092473
19 0.622260 0.382796 0.114671 0.086022
19 0.473019 0.439785 0.069140 0.148387
20 0.426644 0.880645 0.084317 0.070968
20 0.433390 0.356989 0.057336 0.111828
21 0.393761 0.489247 0.079258 0.088172
21 0.611298 0.415054 0.062395 0.116129
22 0.753794 0.278495 0.134907 0.225806
23 0.495784 0.808602 0.091062 0.107527