0 0.803717 0.673304 0.078876 0.228614
0 0.737081 0.202065 0.148685 0.100295
1 0.383046 0.223451 0.066183 0.228614
1 0.674524 0.691740 0.163191 0.053097
2 0.415684 0.825221 0.075249 0.128319
2 0.966455 0.417404 0.039891 0.218289
3 0.849955 0.766224 0.095195 0.098820
3 0.400272 0.685103 0.049864 0.184366
4 0.432457 0.649705 0.108794 0.075221
4 0.441070 0.955015 0.115141 0.063422
5 0.225295 0.155605 0.100635 0.095870
5 0.354034 0.567109 0.057117 0.163717
6 0.239801 0.284661 0.057117 0.153392
6 0.283318 0.621681 0.077063 0.084071
7 0.713962 0.789823 0.033545 0.154867
7 0.810517 0.498525 0.043518 0.135693
8 0.699003 0.101032 0.068903 0.122419
8 0.252947 0.334808 0.045331 0.076696
9 0.575703 0.909292 0.048957 0.116519
9 0.629193 0.151917 0.056210 0.120944
10 0.615594 0.322271 0.063463 0.113569
10 0.194470 0.228614 0.089755 0.076696
11 0.791478 0.859882 0.076156 0.117994
11 0.545331 0.756637 0.031732 0.147493
12 0.807344 0.370206 0.035358 0.123894
12 0.584316 0.447640 0.071623 0.060472
13 0.676791 0.454277 0.029918 0.115044
13 0.755666 0.219764 0.035358 0.109145
14 0.216682 0.412242 0.059837 0.101770
14 0.330009 0.311209 0.058024 0.094395
15 0.319583 0.516224 0.035358 0.112094
15 0.309157 0.768437 0.061650 0.064897
16 0.587035 0.589971 0.057117 0.073746
16 0.515866 0.287611 0.043518 0.097345
17 0.466455 0.179204 0.044424 0.075221
17 0.591568 0.179204 0.038985 0.072271
18 0.033092 0.511062 0.057117 0.048673
18 0.382140 0.364307 0.049864 0.044248
19 0.457389 0.465339 0.046238 0.069322
19 0.673617 0.553097 0.050771 0.050147
20 0.471895 0.738938 0.028105 0.085546
20 0.461469 0.238938 0.030825 0.050147
21 0.375793 0.421829 0.046238 0.050147
21 0.523119 0.429204 0.036265 0.061947
22 0.461015 0.292035 0.078876 0.097345
22 0.469175 0.070059 0.066183 0.066372