0 0.449367 0.293714 0.099859 0.098286
0 0.205345 0.729143 0.149086 0.102857
1 0.244023 0.852571 0.189873 0.125714
1 0.459916 0.377714 0.120956 0.104000
2 0.353024 0.336571 0.123769 0.092571
2 0.408579 0.501143 0.127989 0.131429
3 0.853727 0.400571 0.115331 0.081143
3 0.242616 0.345714 0.099859 0.113143
4 0.566104 0.628000 0.122363 0.074286
4 0.453586 0.430286 0.063291 0.108571
5 0.133615 0.905714 0.140647 0.065143
5 0.123769 0.868571 0.092827 0.075429
6 0.750352 0.446286 0.071730 0.120000
6 0.659634 0.541143 0.095640 0.108571
7 0.136428 0.749714 0.095640 0.102857
7 0.614627 0.632571 0.132208 0.046857
8 0.473277 0.648000 0.102672 0.059429
8 0.658931 0.736000 0.130802 0.043429
9 0.234880 0.889143 0.047820 0.116571
9 0.854430 0.132571 0.111111 0.086857
10 0.553446 0.651429 0.074543 0.070857
10 0.772152 0.071429 0.137834 0.046857
11 0.331927 0.398857 0.081575 0.098286
11 0.545710 0.421714 0.135021 0.045714
12 0.563291 0.455429 0.113924 0.037714
12 0.901547 0.470286 0.075949 0.085714
13 0.706048 0.662286 0.115331 0.040000
13 0.209564 0.697143 0.047820 0.096000
14 0.785513 0.556000 0.052039 0.085714
14 0.630098 0.677714 0.056259 0.082286
15 0.867089 0.466857 0.074543 0.081143
15 0.720113 0.547429 0.078762 0.061714
16 0.284810 0.410857 0.060478 0.081143
16 0.738397 0.514286 0.098453 0.036571
17 0.582982 0.708571 0.054852 0.061714
17 0.429677 0.612571 0.080169 0.043429
18 0.514065 0.485143 0.082982 0.037714
18 0.361463 0.358286 0.053446 0.062857
19 0.680028 0.700571 0.071730 0.043429
19 0.254571 0.332571 0.084388 0.036571
20 0.802391 0.733143 0.060478 0.051429
20 0.453586 0.532000 0.068917 0.040000
21 0.646273 0.542857 0.052039 0.048000
21 0.668776 0.486286 0.074543 0.035429
22 0.537271 0.281714 0.070323 0.076571