0 0.696100 0.589844 0.222102 0.145313
0 0.771398 0.798438 0.134345 0.187500
1 0.887324 0.885938 0.088841 0.159375
1 0.888949 0.530469 0.170098 0.145313
2 0.368364 0.568750 0.179848 0.075000
2 0.100217 0.210938 0.115926 0.206250
3 0.912243 0.557031 0.121343 0.126562
3 0.084507 0.420312 0.086674 0.234375
4 0.223185 0.358594 0.114843 0.120313
4 0.441495 0.501563 0.105092 0.187500
5 0.848321 0.710156 0.082340 0.192188
5 0.645720 0.275781 0.125677 0.107813
6 0.573131 0.403906 0.108342 0.151562
6 0.306609 0.189062 0.132178 0.084375
7 0.789274 0.500000 0.057421 0.178125
7 0.132719 0.174219 0.115926 0.095312
8 0.362947 0.201563 0.091008 0.121875
8 0.238353 0.414062 0.043337 0.156250
9 0.709642 0.681250 0.117010 0.075000
9 0.258397 0.129688 0.113759 0.134375
10 0.776273 0.853906 0.066089 0.173437
10 0.305525 0.394531 0.060672 0.154688
11 0.330986 0.126562 0.115926 0.075000
11 0.737270 0.447656 0.070423 0.129688
12 0.666847 0.447656 0.053088 0.139063
12 0.652763 0.368750 0.081257 0.078125
13 0.329361 0.371094 0.093174 0.073438
13 0.126219 0.478125 0.081257 0.075000
14 0.134886 0.303125 0.072589 0.106250
14 0.616468 0.314844 0.093174 0.054688
15 0.245937 0.093750 0.088841 0.093750
15 0.325027 0.277344 0.084507 0.064062
16 0.500542 0.487500 0.069339 0.093750
16 0.449621 0.298438 0.071506 0.100000
17 0.176056 0.256250 0.068256 0.075000
17 0.399783 0.296094 0.049837 0.107813
18 0.197183 0.431250 0.052004 0.068750
18 0.921452 0.653125 0.074756 0.081250
19 0.592091 0.485938 0.063922 0.053125
19 0.787107 0.784375 0.046587 0.084375
20 0.507584 0.452344 0.044420 0.073438
20 0.446371 0.367969 0.041170 0.070312
21 0.423619 0.507812 0.052004 0.050000
21 0.611051 0.446875 0.058505 0.068750
22 0.340737 0.628125 0.139762 0.065625
22 0.147346 0.449219 0.097508 0.164062