0 0.112403 0.567568 0.162791 0.257552
0 0.685401 0.465024 0.135659 0.227345
1 0.467054 0.290143 0.158915 0.243243
1 0.468346 0.878378 0.236434 0.068362
2 0.105297 0.717011 0.148579 0.206677
2 0.409561 0.569952 0.121447 0.211447
3 0.832041 0.229730 0.124031 0.198728
3 0.630491 0.132750 0.103359 0.189189
4 0.133075 0.514308 0.136951 0.147854
4 0.726098 0.779809 0.160207 0.141494
5 0.635013 0.608108 0.120155 0.170111
5 0.153747 0.373609 0.139535 0.101749
6 0.155039 0.874404 0.124031 0.114467
6 0.524548 0.809221 0.160207 0.057234
7 0.853359 0.760731 0.133075 0.119237
7 0.210594 0.860095 0.121447 0.101749
8 0.339147 0.774245 0.133075 0.085851
8 0.523256 0.845787 0.049096 0.168521
9 0.334625 0.326709 0.105943 0.144674
9 0.692506 0.251192 0.072351 0.162162
10 0.664729 0.536566 0.127907 0.109698
10 0.828811 0.602544 0.143411 0.073132
11 0.219638 0.478537 0.142119 0.079491
11 0.104651 0.546900 0.074935 0.174881
12 0.750000 0.092210 0.102067 0.085851
12 0.563953 0.567568 0.078811 0.143084
13 0.235142 0.332273 0.085271 0.136725
13 0.249354 0.488871 0.046512 0.147854
14 0.353359 0.702703 0.094315 0.114467
14 0.554910 0.742448 0.091731 0.098569
15 0.736434 0.639905 0.095607 0.071542
15 0.160853 0.319555 0.055556 0.117647
16 0.191214 0.480922 0.059432 0.125596
16 0.638243 0.612878 0.064599 0.100159
17 0.217054 0.620032 0.082687 0.073132
17 0.615633 0.841017 0.047804 0.104928
18 0.337855 0.536566 0.047804 0.096979
18 0.408915 0.497615 0.065891 0.082671
19 0.638889 0.417329 0.047804 0.096979
19 0.863695 0.681240 0.045220 0.096979
20 0.663437 0.853736 0.063307 0.060413
20 0.226744 0.687599 0.060724 0.074722
21 0.761628 0.720986 0.073643 0.055644
21 0.969638 0.592210 0.042636 0.062003
22 0.469638 0.207472 0.086563 0.125596
22 0.579457 0.279809 0.145995 0.069952