0 0.790235 0.316441 0.300181 0.099099
0 0.106691 0.587838 0.141049 0.220721
1 0.623870 0.382320 0.311031 0.086712
1 0.379747 0.675676 0.339964 0.137387
2 0.602170 0.290541 0.148282 0.108108
2 0.707957 0.758446 0.160940 0.149775
3 0.845389 0.532095 0.135624 0.149775
3 0.395118 0.296734 0.218807 0.088964
4 0.490054 0.423986 0.126582 0.149775
4 0.814647 0.378378 0.233273 0.067568
5 0.412297 0.669482 0.213382 0.122748
5 0.397830 0.533221 0.238698 0.055180
6 0.632911 0.634009 0.144665 0.119369
6 0.582278 0.067005 0.220615 0.073198
7 0.627486 0.726351 0.126582 0.101351
7 0.227848 0.372185 0.068716 0.136261
8 0.849005 0.724662 0.103074 0.129505
8 0.717902 0.146396 0.133816 0.121622
9 0.835443 0.295045 0.173599 0.051802
9 0.680832 0.595158 0.063291 0.115991
10 0.511754 0.280968 0.054250 0.125000
10 0.638336 0.474662 0.068716 0.120495
11 0.837251 0.931869 0.115732 0.113739
11 0.880651 0.609797 0.104882 0.086712
12 0.769439 0.722973 0.113924 0.056306
12 0.404159 0.471847 0.092224 0.094595
13 0.405967 0.679054 0.139241 0.072072
13 0.279385 0.670045 0.124774 0.085586
14 0.756781 0.595158 0.103074 0.082207
14 0.609403 0.544482 0.104882 0.091216
15 0.747740 0.260135 0.099458 0.076577
15 0.725136 0.684685 0.061483 0.076577
16 0.877939 0.426802 0.113924 0.063063
16 0.804702 0.558559 0.133816 0.038288
17 0.212477 0.458333 0.124774 0.042793
17 0.557866 0.628378 0.084991 0.063063
18 0.246835 0.604730 0.099458 0.040541
18 0.849910 0.802928 0.065099 0.069820
19 0.301085 0.738176 0.113924 0.039414
19 0.486438 0.683559 0.090416 0.049550
20 0.725136 0.618806 0.065099 0.052928
20 0.344485 0.590653 0.074141 0.043919
21 0.747740 0.456081 0.074141 0.056306
21 0.439421 0.240428 0.097649 0.034910
22 0.456600 0.615991 0.153707 0.112613
23 0.305606 0.480293 0.061483 0.061937