0 0.117843 0.707781 0.147803 0.137417
0 0.588549 0.116722 0.191744 0.100993
1 0.314248 0.925497 0.202397 0.086093
1 0.252996 0.628311 0.085220 0.180464
2 0.298935 0.786424 0.150466 0.112583
2 0.426099 0.159768 0.074567 0.170530
3 0.898136 0.382450 0.083888 0.175497
3 0.495340 0.227649 0.053262 0.160596
4 0.561252 0.242550 0.118509 0.084437
4 0.280959 0.391556 0.095872 0.140728
5 0.312916 0.210265 0.117177 0.102649
5 0.711718 0.467715 0.110519 0.124172
6 0.656458 0.144040 0.045273 0.162252
6 0.596538 0.179636 0.119840 0.054636
7 0.390812 0.588576 0.051931 0.127483
7 0.523302 0.330298 0.103862 0.081126
8 0.191744 0.564570 0.058589 0.132450
8 0.776298 0.219371 0.045273 0.150662
9 0.270306 0.720199 0.055925 0.122517
9 0.454061 0.263245 0.042610 0.132450
10 0.463382 0.642384 0.111851 0.062914
10 0.387483 0.446192 0.093209 0.094371
11 0.366844 0.381623 0.091877 0.087748
11 0.364847 0.254139 0.087883 0.104305
12 0.444740 0.544702 0.061252 0.096026
12 0.618509 0.349338 0.083888 0.082781
13 0.684421 0.317881 0.074567 0.059603
13 0.210386 0.740066 0.047936 0.105960
14 0.552597 0.283940 0.077230 0.077815
14 0.523302 0.503311 0.085220 0.056291
15 0.557257 0.556291 0.051931 0.096026
15 0.515979 0.135762 0.075899 0.056291
16 0.954061 0.451159 0.041278 0.104305
16 0.722370 0.233444 0.078562 0.066225
17 0.480692 0.406457 0.055925 0.074503
17 0.256325 0.480960 0.059920 0.074503
18 0.428762 0.264073 0.050599 0.061258
18 0.365513 0.353477 0.057257 0.044702
19 0.813582 0.423013 0.058589 0.074503
19 0.357523 0.326159 0.059920 0.052980
20 0.526631 0.404801 0.043941 0.057947
20 0.579228 0.473510 0.050599 0.069536
21 0.349534 0.555464 0.057257 0.054636
21 0.585220 0.216887 0.057257 0.049669
22 0.699068 0.278146 0.095872 0.102649
22 0.597204 0.569536 0.065246 0.132450