0 0.646050 0.843857 0.127859 0.179181
0 0.471414 0.672355 0.163202 0.133106
1 0.572245 0.789249 0.163202 0.117747
1 0.621102 0.477816 0.136175 0.208191
2 0.732328 0.584471 0.144491 0.100683
2 0.377339 0.782423 0.091476 0.216724
3 0.359148 0.562287 0.121622 0.104096
3 0.563929 0.135666 0.092516 0.206485
4 0.553534 0.752560 0.111227 0.146758
4 0.544179 0.357509 0.136175 0.069966
5 0.278067 0.186007 0.117464 0.150171
5 0.576923 0.121160 0.130977 0.081911
6 0.481289 0.881399 0.114345 0.100683
6 0.866944 0.599829 0.087318 0.162116
7 0.504678 0.431741 0.090437 0.122867
7 0.673597 0.273038 0.083160 0.156997
8 0.620062 0.691980 0.082121 0.124573
8 0.440748 0.772184 0.039501 0.158703
9 0.505717 0.644198 0.094595 0.093857
9 0.931393 0.608362 0.058212 0.172355
10 0.380457 0.452218 0.068607 0.143345
10 0.365385 0.161263 0.077963 0.155290
11 0.636694 0.524744 0.067568 0.162116
11 0.585759 0.248294 0.038462 0.158703
12 0.676715 0.642491 0.058212 0.134812
12 0.323805 0.220137 0.067568 0.136519
13 0.568607 0.887372 0.072765 0.112628
13 0.371102 0.337031 0.058212 0.121160
14 0.586279 0.763652 0.070686 0.076792
14 0.467775 0.540956 0.076923 0.088737
15 0.628898 0.176621 0.070686 0.056314
15 0.292620 0.328498 0.059252 0.117747
16 0.305094 0.640785 0.077963 0.080205
16 0.401247 0.498294 0.049896 0.119454
17 0.320686 0.412116 0.061331 0.093857
17 0.052495 0.635666 0.044699 0.117747
18 0.470894 0.208191 0.049896 0.102389
18 0.975572 0.717577 0.040541 0.104096
19 0.503638 0.924061 0.057173 0.069966
19 0.579002 0.417235 0.062370 0.066553
20 0.385655 0.081911 0.054054 0.085324
20 0.531185 0.520478 0.049896 0.078498
21 0.616944 0.267918 0.042620 0.081911
21 0.633056 0.313140 0.033264 0.087031
22 0.477131 0.126280 0.112266 0.092150
23 0.272869 0.563993 0.055094 0.056314