0 0.485075 0.711957 0.119403 0.332609
0 0.469216 0.154348 0.300373 0.165217
1 0.854478 0.564130 0.085821 0.358696
1 0.705224 0.441304 0.179104 0.182609
2 0.791045 0.278261 0.208955 0.156522
2 0.771455 0.640217 0.117537 0.258696
3 0.847015 0.763043 0.235075 0.130435
3 0.467351 0.201087 0.177239 0.184783
4 0.763060 0.543478 0.167910 0.226087
4 0.227612 0.477174 0.111940 0.236957
5 0.294776 0.307609 0.115672 0.219565
5 0.727612 0.179348 0.216418 0.089130
6 0.638993 0.577174 0.098881 0.223913
6 0.565299 0.422826 0.100746 0.223913
7 0.156716 0.576087 0.082090 0.204348
7 0.362873 0.613043 0.069030 0.213043
8 0.515858 0.402174 0.132463 0.182609
8 0.280784 0.798913 0.110075 0.180435
9 0.659515 0.198913 0.151119 0.154348
9 0.444963 0.658696 0.143657 0.143478
10 0.635261 0.638043 0.132463 0.141304
10 0.923507 0.603261 0.063433 0.210870
11 0.283582 0.403261 0.138060 0.163043
11 0.430037 0.467391 0.069030 0.186957
12 0.378731 0.576087 0.141791 0.060870
12 0.353545 0.731522 0.128731 0.076087
13 0.567164 0.555435 0.074627 0.145652
13 0.634328 0.339130 0.067164 0.139130
14 0.283582 0.486957 0.134328 0.078261
14 0.563433 0.258696 0.063433 0.147826
15 0.420709 0.358696 0.106343 0.113043
15 0.269590 0.657609 0.113806 0.106522
16 0.371269 0.270652 0.085821 0.115217
16 0.478545 0.447826 0.106343 0.100000
17 0.802239 0.663043 0.093284 0.108696
17 0.546642 0.915217 0.130597 0.069565
18 0.642724 0.761957 0.106343 0.071739
18 0.291045 0.655435 0.067164 0.110870
19 0.414179 0.801087 0.059701 0.115217
19 0.633396 0.876087 0.057836 0.130435
20 0.562500 0.796739 0.069030 0.093478
20 0.686567 0.896739 0.055970 0.106522
21 0.448694 0.723913 0.091418 0.104348
21 0.514925 0.296739 0.059701 0.110870
22 0.472015 0.070652 0.186567 0.115217
22 0.092351 0.425000 0.128731 0.141304