0 0.502110 0.525585 0.123769 0.217836
0 0.370605 0.262427 0.063291 0.261696
1 0.371308 0.190789 0.216596 0.112573
1 0.563994 0.657895 0.191280 0.096491
2 0.690577 0.730263 0.151899 0.103801
2 0.400844 0.470760 0.087201 0.198830
3 0.428270 0.426170 0.142053 0.121345
3 0.751758 0.747076 0.172996 0.076023
4 0.195499 0.334795 0.165963 0.052632
4 0.437412 0.607456 0.092827 0.165205
5 0.928270 0.536550 0.106892 0.154971
5 0.893108 0.461257 0.084388 0.153509
6 0.501406 0.513158 0.144866 0.064327
6 0.279887 0.147661 0.140647 0.073099
7 0.469058 0.051170 0.130802 0.081871
7 0.829114 0.638889 0.136428 0.064327
8 0.665963 0.497807 0.077356 0.138889
8 0.303094 0.418860 0.074543 0.118421
9 0.495077 0.181287 0.101266 0.099415
9 0.943038 0.569444 0.085795 0.130117
10 0.625176 0.581140 0.125176 0.083333
10 0.395921 0.157895 0.133615 0.093567
11 0.568917 0.324561 0.133615 0.052632
11 0.923347 0.399854 0.133615 0.080409
12 0.715190 0.347222 0.091421 0.097953
12 0.456399 0.494152 0.102672 0.040936
13 0.799578 0.320175 0.077356 0.111111
13 0.620956 0.790936 0.091421 0.055556
14 0.559775 0.265351 0.064698 0.095029
14 0.457806 0.366959 0.054852 0.105263
15 0.559072 0.415205 0.049226 0.102339
15 0.548523 0.532164 0.078762 0.067251
16 0.694796 0.273392 0.078762 0.081871
16 0.039381 0.396930 0.061885 0.097953
17 0.617440 0.218567 0.070323 0.074561
17 0.249648 0.233918 0.080169 0.052632
18 0.286217 0.516082 0.054852 0.078947
18 0.411392 0.107456 0.082982 0.039474
19 0.752461 0.335526 0.067511 0.068713
19 0.850211 0.703216 0.054852 0.078947
20 0.627989 0.171784 0.063291 0.042398
20 0.595640 0.388889 0.052039 0.067251
21 0.492264 0.260234 0.070323 0.043860
21 0.642757 0.233918 0.050633 0.064327
22 0.648383 0.331871 0.053446 0.143275
23 0.713080 0.242690 0.064698 0.055556