0 0.244702 0.359073 0.051463 0.213642
0 0.925832 0.800515 0.138244 0.151866
1 0.082240 0.353925 0.152371 0.126126
1 0.495964 0.364221 0.103935 0.123552
2 0.179617 0.180824 0.080727 0.181467
2 0.501009 0.370656 0.120081 0.118404
3 0.244198 0.222008 0.104945 0.135135
3 0.344097 0.215573 0.076690 0.142857
4 0.378406 0.263835 0.115035 0.084942
4 0.223512 0.274775 0.101917 0.124839
5 0.412714 0.458172 0.121090 0.051480
5 0.139758 0.422136 0.124117 0.046332
6 0.398587 0.282497 0.038345 0.140283
6 0.336024 0.416345 0.068618 0.122265
7 0.246216 0.120978 0.048436 0.118404
7 0.623108 0.716860 0.051463 0.133848
8 0.498486 0.252252 0.056509 0.115830
8 0.431382 0.361004 0.035318 0.114543
9 0.390515 0.524453 0.070636 0.117117
9 0.533300 0.431145 0.035318 0.131274
10 0.519677 0.609395 0.050454 0.111969
10 0.382947 0.390605 0.047427 0.117117
11 0.191221 0.082368 0.097881 0.046332
11 0.553481 0.694337 0.033300 0.119691
12 0.279516 0.105534 0.040363 0.090090
12 0.045913 0.400257 0.041372 0.102960
13 0.430878 0.515444 0.030272 0.091377
13 0.171544 0.347490 0.074672 0.051480
14 0.372856 0.625483 0.083754 0.061776
14 0.467205 0.282497 0.036327 0.093951
15 0.323915 0.424067 0.064581 0.078507
15 0.361251 0.315315 0.068618 0.038610
16 0.539354 0.570785 0.059536 0.070785
16 0.480827 0.560489 0.041372 0.081081
17 0.324924 0.192407 0.040363 0.073359
17 0.520686 0.229730 0.034309 0.075933
18 0.397074 0.192407 0.059536 0.037323
18 0.402624 0.359073 0.042381 0.064350
19 0.495964 0.696911 0.039354 0.075933
19 0.272957 0.160875 0.045409 0.061776
20 0.575177 0.559846 0.038345 0.054054
20 0.069122 0.316602 0.031282 0.056628
21 0.460141 0.525097 0.036327 0.061776
21 0.582240 0.624196 0.032291 0.064350
22 0.149344 0.227799 0.080727 0.110682
22 0.173058 0.126770 0.103935 0.073359