0 0.406355 0.757241 0.193980 0.190345
0 0.243311 0.279310 0.245819 0.172414
1 0.678930 0.143448 0.073579 0.273103
1 0.400502 0.741379 0.195652 0.188966
2 0.494147 0.527586 0.145485 0.106207
2 0.127090 0.521379 0.056856 0.187586
3 0.732441 0.895862 0.170569 0.120000
3 0.847826 0.574483 0.237458 0.062069
4 0.152174 0.387586 0.214047 0.110345
4 0.553512 0.468276 0.093645 0.180690
5 0.234950 0.568276 0.182274 0.102069
5 0.400502 0.428276 0.115385 0.158621
6 0.887960 0.675862 0.103679 0.137931
6 0.238294 0.542759 0.075251 0.155862
7 0.370401 0.580690 0.128763 0.113103
7 0.127090 0.553103 0.137124 0.093793
8 0.573579 0.275172 0.093645 0.144828
8 0.780100 0.758621 0.115385 0.129655
9 0.804348 0.901379 0.140468 0.120000
9 0.841137 0.387586 0.096990 0.148966
10 0.785117 0.769655 0.158863 0.099310
10 0.571906 0.574483 0.160535 0.095172
11 0.797659 0.523448 0.086957 0.095172
11 0.571906 0.863448 0.157191 0.093793
12 0.121237 0.315862 0.085284 0.113103
12 0.404682 0.620690 0.123746 0.107586
13 0.632107 0.597241 0.096990 0.104828
13 0.638796 0.424828 0.103679 0.099310
14 0.761706 0.357241 0.115385 0.071724
14 0.366221 0.326897 0.090301 0.110345
15 0.806020 0.647586 0.076923 0.106207
15 0.717391 0.682069 0.080268 0.089655
16 0.576087 0.793793 0.108696 0.048276
16 0.278428 0.406897 0.068562 0.093793
17 0.462375 0.312414 0.118729 0.064828
17 0.930602 0.676552 0.095318 0.086897
18 0.174749 0.417931 0.075251 0.074483
18 0.309365 0.322759 0.083612 0.060690
19 0.682274 0.620690 0.080268 0.068966
19 0.401338 0.270345 0.096990 0.046897
20 0.734950 0.502759 0.078595 0.062069
20 0.238294 0.309655 0.088629 0.059310
21 0.330268 0.506897 0.081940 0.059310
21 0.336957 0.458621 0.061873 0.070345
22 0.666388 0.262759 0.175585 0.089655
23 0.611204 0.391724 0.055184 0.085517