0 0.318033 0.437400 0.121311 0.226324
0 0.094262 0.702247 0.152459 0.146067
1 0.623770 0.321027 0.188525 0.195827
1 0.263934 0.680578 0.065574 0.243981
2 0.427869 0.425361 0.140984 0.192616
2 0.666393 0.148475 0.165574 0.113965
3 0.750820 0.611557 0.137705 0.176565
3 0.738525 0.671750 0.132787 0.165329
4 0.488525 0.541734 0.157377 0.149278
4 0.667213 0.860353 0.140984 0.160514
5 0.772131 0.280899 0.098361 0.157303
5 0.437705 0.804173 0.134426 0.109149
6 0.340984 0.206260 0.121311 0.123596
6 0.934426 0.420546 0.111475 0.141252
7 0.792623 0.509631 0.113115 0.113965
7 0.604098 0.669342 0.100000 0.099518
8 0.581967 0.859551 0.137705 0.107544
8 0.925410 0.568218 0.063934 0.154093
9 0.471311 0.316212 0.067213 0.160514
9 0.207377 0.774478 0.060656 0.133226
10 0.332787 0.744783 0.081967 0.112360
10 0.679508 0.471910 0.086885 0.080257
11 0.486885 0.658909 0.088525 0.120385
11 0.568033 0.781701 0.060656 0.150883
12 0.815574 0.597111 0.116393 0.099518
12 0.634426 0.198234 0.108197 0.056180
13 0.431148 0.500000 0.124590 0.075441
13 0.651639 0.792937 0.073770 0.099518
14 0.792623 0.439807 0.126230 0.089888
14 0.659836 0.310594 0.060656 0.091493
15 0.678689 0.616372 0.065574 0.102729
15 0.380328 0.636437 0.059016 0.104334
16 0.523770 0.825040 0.047541 0.109149
16 0.438525 0.898876 0.057377 0.109149
17 0.769672 0.762440 0.080328 0.080257
17 0.666393 0.262440 0.086885 0.052970
18 0.566393 0.536116 0.054098 0.083467
18 0.617213 0.498395 0.077049 0.065811
19 0.636066 0.727929 0.078689 0.059390
19 0.535246 0.275281 0.083607 0.046549
20 0.313934 0.799358 0.057377 0.064205
20 0.411475 0.300161 0.062295 0.067416
21 0.381967 0.760032 0.052459 0.065811
21 0.665574 0.232745 0.081967 0.038523
22 0.540984 0.096308 0.059016 0.157303
22 0.502459 0.097913 0.077049 0.118780