0 0.425471 0.778846 0.074529 0.094017
0 0.365684 0.871261 0.074529 0.110043
1 0.690827 0.422009 0.130221 0.149573
1 0.326372 0.949786 0.179361 0.061966
2 0.066339 0.854701 0.091728 0.166667
2 0.356675 0.792201 0.064701 0.161325
3 0.547912 0.606838 0.044226 0.162393
3 0.655201 0.256410 0.081900 0.108974
4 0.520475 0.367521 0.056511 0.160256
4 0.742015 0.246795 0.101556 0.076923
5 0.219083 0.965278 0.125307 0.065171
5 0.413595 0.866987 0.080262 0.071581
6 0.706388 0.386218 0.087633 0.116453
6 0.695741 0.417201 0.079443 0.105769
7 0.947174 0.655449 0.074529 0.095085
7 0.704341 0.198718 0.093366 0.068376
8 0.901720 0.666132 0.095004 0.060897
8 0.367322 0.899573 0.099099 0.038462
9 0.499590 0.471154 0.063882 0.089744
9 0.719083 0.277778 0.047502 0.104701
10 0.531122 0.530449 0.040131 0.125000
10 0.405405 0.477564 0.095004 0.042735
11 0.699017 0.161325 0.082719 0.085470
11 0.668714 0.385150 0.067977 0.105769
12 0.734644 0.821047 0.032760 0.105769
12 0.413595 0.627137 0.031122 0.083333
13 0.433251 0.723291 0.045864 0.079060
13 0.752662 0.376603 0.050778 0.095085
14 0.924242 0.605235 0.077805 0.045940
14 0.435708 0.688034 0.062244 0.064103
15 0.658886 0.239316 0.028665 0.085470
15 0.320229 0.980235 0.073710 0.028846
16 0.463964 0.472756 0.043407 0.080128
16 0.918919 0.572650 0.070434 0.042735
17 0.448812 0.065705 0.057330 0.054487
17 0.506552 0.386752 0.031941 0.076923
18 0.794021 0.936432 0.046683 0.075855
18 0.577805 0.051282 0.051597 0.044872
19 0.698198 0.132479 0.048321 0.055556
19 0.434480 0.644231 0.027027 0.066239
20 0.583538 0.027778 0.051597 0.036325
20 0.728501 0.317308 0.030303 0.051282
21 0.754300 0.855769 0.034398 0.070513
21 0.395987 0.680021 0.046683 0.030983
22 0.416052 0.787393 0.058968 0.070513
23 0.658067 0.481303 0.036855 0.039530