0 0.851786 0.224548 0.128571 0.100679
0 0.220536 0.916855 0.201786 0.102941
1 0.191071 0.507919 0.175000 0.090498
1 0.679464 0.107466 0.176786 0.083710
2 0.645536 0.429864 0.112500 0.097285
2 0.679464 0.250000 0.119643 0.101810
3 0.156250 0.579751 0.148214 0.055430
3 0.460714 0.424774 0.153571 0.048643
4 0.222321 0.630090 0.141071 0.081448
4 0.863393 0.122738 0.062500 0.105204
5 0.784821 0.332014 0.155357 0.044118
5 0.512500 0.367081 0.107143 0.084842
6 0.684821 0.492081 0.148214 0.054299
6 0.637500 0.134050 0.067857 0.089367
7 0.702679 0.375000 0.076786 0.084842
7 0.585714 0.364819 0.060714 0.073529
8 0.080357 0.708145 0.067857 0.079186
8 0.369643 0.370475 0.121429 0.039593
9 0.570536 0.686086 0.130357 0.064480
9 0.857143 0.215498 0.089286 0.082579
10 0.316071 0.825226 0.125000 0.055430
10 0.776786 0.369344 0.128571 0.037330
11 0.375893 0.401584 0.123214 0.042986
11 0.798214 0.063348 0.078571 0.067873
12 0.910714 0.170814 0.071429 0.067873
12 0.300000 0.576357 0.082143 0.062217
13 0.696429 0.302036 0.107143 0.036199
13 0.749107 0.259050 0.087500 0.058824
14 0.498214 0.394231 0.067857 0.057692
14 0.648214 0.353507 0.092857 0.039593
15 0.450893 0.449661 0.098214 0.039593
15 0.789286 0.448529 0.064286 0.066742
16 0.233929 0.734729 0.089286 0.050905
16 0.175893 0.534502 0.101786 0.039593
17 0.690179 0.136312 0.051786 0.055430
17 0.518750 0.325792 0.066071 0.054299
18 0.648214 0.547511 0.057143 0.058824
18 0.438393 0.763575 0.087500 0.042986
19 0.213393 0.768100 0.076786 0.045249
19 0.746429 0.395928 0.078571 0.045249
20 0.300893 0.769796 0.069643 0.035068
20 0.448214 0.653846 0.060714 0.049774
21 0.208036 0.694570 0.080357 0.038462
21 0.159821 0.751131 0.073214 0.033937
22 0.868750 0.293552 0.119643 0.069005
22 0.779464 0.100679 0.126786 0.054299