0 0.192899 0.342732 0.130178 0.101504
0 0.184615 0.899123 0.144379 0.159148
1 0.815976 0.689223 0.145562 0.077694
1 0.049112 0.617794 0.067456 0.228070
2 0.188757 0.622180 0.112426 0.091479
2 0.597041 0.378446 0.048521 0.162907
3 0.143787 0.450501 0.140828 0.116541
3 0.856213 0.573308 0.039053 0.161654
4 0.152071 0.783208 0.110059 0.132832
4 0.445562 0.516917 0.119527 0.063910
5 0.513609 0.079574 0.075740 0.154135
5 0.620710 0.626566 0.067456 0.087719
6 0.390533 0.791980 0.120710 0.052632
6 0.557396 0.088346 0.063905 0.134085
7 0.706509 0.448622 0.120710 0.047619
7 0.489941 0.381579 0.037870 0.136591
8 0.373964 0.866541 0.047337 0.114035
8 0.702367 0.696115 0.057988 0.106516
9 0.271006 0.505639 0.106509 0.066416
9 0.864497 0.543233 0.107692 0.063910
10 0.214201 0.781955 0.078107 0.095238
10 0.951479 0.546366 0.059172 0.125313
11 0.298225 0.615288 0.078107 0.067669
11 0.336686 0.239975 0.117160 0.093985
12 0.266864 0.584586 0.067456 0.076441
12 0.389349 0.771930 0.056805 0.085213
13 0.337870 0.532581 0.081657 0.075188
13 0.205917 0.514411 0.054438 0.093985
14 0.334911 0.701128 0.037870 0.093985
14 0.599408 0.390351 0.088757 0.058897
15 0.411243 0.426692 0.076923 0.061404
15 0.424260 0.067043 0.079290 0.071429
16 0.814201 0.545113 0.061538 0.067669
16 0.610059 0.560777 0.069822 0.066416
17 0.539053 0.387218 0.062722 0.050125
17 0.498817 0.605890 0.074556 0.051378
18 0.620118 0.449875 0.059172 0.055138
18 0.739645 0.582707 0.059172 0.047619
19 0.421302 0.223684 0.063905 0.053885
19 0.265089 0.951128 0.033136 0.065163
20 0.380473 0.746241 0.050888 0.038847
20 0.714793 0.644737 0.054438 0.031328
21 0.746746 0.532581 0.054438 0.052632
21 0.669822 0.370927 0.049704 0.047619
22 0.445562 0.464286 0.074556 0.068922
22 0.678107 0.699248 0.113609 0.080201