0 0.461330 0.816268 0.249661 0.130830
0 0.681818 0.881115 0.175034 0.105802
1 0.548168 0.870307 0.176391 0.184300
1 0.563772 0.083049 0.237449 0.102389
2 0.373134 0.469283 0.181818 0.098976
2 0.624830 0.718999 0.232022 0.063709
3 0.645862 0.771331 0.187246 0.054608
3 0.331072 0.720137 0.203528 0.061433
4 0.738806 0.358362 0.104478 0.100114
4 0.120760 0.472127 0.170963 0.111490
5 0.430122 0.061433 0.130258 0.081911
5 0.559023 0.282139 0.089552 0.109215
6 0.194708 0.590444 0.066486 0.141069
6 0.497286 0.440842 0.112619 0.085324
7 0.546811 0.571672 0.105834 0.126280
7 0.376526 0.820250 0.153324 0.091013
8 0.498643 0.565415 0.080054 0.109215
8 0.398915 0.892491 0.105834 0.114903
9 0.242877 0.343572 0.157395 0.075085
9 0.721167 0.841866 0.101764 0.111490
10 0.115332 0.483504 0.043419 0.150171
10 0.698779 0.350967 0.168250 0.042093
11 0.891452 0.881684 0.170963 0.072810
11 0.324288 0.716724 0.143826 0.081911
12 0.369064 0.542662 0.116689 0.056883
12 0.597015 0.852673 0.127544 0.073948
13 0.425373 0.314562 0.077341 0.094425
13 0.457938 0.680887 0.050204 0.101251
14 0.493216 0.083618 0.085482 0.094425
14 0.240163 0.519909 0.086839 0.084187
15 0.128901 0.312287 0.103121 0.078498
15 0.380597 0.264505 0.085482 0.087600
16 0.790366 0.824232 0.050204 0.103527
16 0.428087 0.477816 0.112619 0.036405
17 0.287653 0.579067 0.046133 0.077361
17 0.578019 0.544937 0.043419 0.075085
18 0.451832 0.385666 0.046133 0.075085
18 0.601085 0.418658 0.062415 0.050057
19 0.141113 0.556883 0.051560 0.071672
19 0.553596 0.523891 0.037992 0.071672
20 0.390095 0.404437 0.050204 0.055745
20 0.558345 0.939704 0.047490 0.056883
21 0.436228 0.560296 0.063772 0.058020
21 0.677069 0.686576 0.070556 0.037543
22 0.668250 0.953925 0.161465 0.058020
22 0.647897 0.073379 0.126187 0.101251