0 0.542910 0.730924 0.208955 0.261044
0 0.597948 0.834337 0.121269 0.198795
1 0.481343 0.252008 0.152985 0.222892
1 0.777985 0.821285 0.152985 0.261044
2 0.163246 0.710843 0.147388 0.184739
2 0.272388 0.176707 0.186567 0.156627
3 0.545709 0.335341 0.121269 0.253012
3 0.302239 0.842369 0.108209 0.206827
4 0.300373 0.105422 0.227612 0.110442
4 0.344216 0.318273 0.188433 0.186747
5 0.685634 0.114458 0.218284 0.156627
5 0.724813 0.259036 0.199627 0.168675
6 0.602612 0.513052 0.070896 0.218876
6 0.817164 0.397590 0.197761 0.156627
7 0.436567 0.482932 0.197761 0.074297
7 0.701493 0.626506 0.186567 0.132530
8 0.916978 0.751004 0.110075 0.196787
8 0.348881 0.745984 0.194030 0.082329
9 0.727612 0.479920 0.082090 0.200803
9 0.852612 0.558233 0.100746 0.208835
10 0.206157 0.641566 0.136194 0.154618
10 0.082090 0.336345 0.115672 0.182731
11 0.634328 0.925703 0.160448 0.144578
11 0.649254 0.152610 0.171642 0.128514
12 0.634328 0.346386 0.138060 0.094378
12 0.676306 0.611446 0.069030 0.182731
13 0.382463 0.583333 0.149254 0.110442
13 0.624067 0.502008 0.166045 0.096386
14 0.292910 0.583333 0.134328 0.110442
14 0.427239 0.418675 0.111940 0.130522
15 0.429104 0.866466 0.067164 0.150602
15 0.189366 0.172691 0.132463 0.068273
16 0.855410 0.682731 0.095149 0.136546
16 0.805037 0.439759 0.117537 0.092369
17 0.098881 0.384538 0.082090 0.106426
17 0.267724 0.448795 0.080224 0.114458
18 0.347015 0.828313 0.089552 0.106426
18 0.412313 0.348394 0.063433 0.110442
19 0.883396 0.365462 0.110075 0.100402
19 0.413246 0.545181 0.102612 0.058233
20 0.279851 0.526104 0.078358 0.072289
20 0.536381 0.707831 0.091418 0.066265
21 0.781716 0.223896 0.089552 0.082329
21 0.509328 0.846386 0.093284 0.070281
22 0.088619 0.494980 0.102612 0.162651
22 0.318097 0.326305 0.087687 0.174699