0 0.423339 0.724273 0.223169 0.155481
0 0.717206 0.502796 0.129472 0.173378
1 0.206985 0.152125 0.243612 0.174497
1 0.264906 0.523490 0.212947 0.085011
2 0.282794 0.757271 0.207836 0.105145
2 0.243612 0.348434 0.081772 0.168904
3 0.134583 0.094519 0.153322 0.142058
3 0.373083 0.368009 0.187394 0.098434
4 0.330494 0.271812 0.194208 0.091723
4 0.350085 0.450783 0.195911 0.080537
5 0.712095 0.447427 0.166951 0.109620
5 0.495741 0.605705 0.173765 0.079418
6 0.241056 0.361857 0.195911 0.099553
6 0.663543 0.638702 0.063032 0.127517
7 0.148211 0.594519 0.156729 0.108501
7 0.274276 0.310962 0.190801 0.051454
8 0.781090 0.788591 0.080068 0.109620
8 0.136286 0.411074 0.074957 0.121924
9 0.660136 0.792506 0.158433 0.063758
9 0.520443 0.482662 0.172061 0.048098
10 0.601363 0.436242 0.143101 0.093960
10 0.237649 0.204698 0.127768 0.109620
11 0.467632 0.639821 0.155026 0.069351
11 0.344974 0.566555 0.165247 0.050336
12 0.748722 0.666107 0.144804 0.054810
12 0.783646 0.520694 0.074957 0.104027
13 0.902044 0.598434 0.144804 0.055928
13 0.700170 0.536353 0.136286 0.065996
14 0.837308 0.769575 0.080068 0.091723
14 0.872232 0.714206 0.122658 0.074944
15 0.258092 0.656600 0.127768 0.062640
15 0.609881 0.735459 0.074957 0.079418
16 0.152470 0.515101 0.066440 0.081655
16 0.382453 0.244966 0.069847 0.080537
17 0.830494 0.609060 0.100511 0.054810
17 0.850085 0.953020 0.119250 0.046980
18 0.443782 0.365213 0.073254 0.057047
18 0.879046 0.789150 0.068143 0.070470
19 0.208688 0.450783 0.090290 0.053691
19 0.729983 0.736577 0.066440 0.065996
20 0.237649 0.120805 0.066440 0.058166
20 0.399489 0.457494 0.076661 0.042506
21 0.422487 0.509508 0.061329 0.063758
21 0.339864 0.174497 0.073254 0.060403
22 0.488927 0.684004 0.146508 0.072707
22 0.877342 0.527964 0.122658 0.123043