0 0.263200 0.701068 0.177600 0.160142
0 0.430400 0.353203 0.140800 0.304270
1 0.447200 0.709964 0.155200 0.249110
1 0.350400 0.329181 0.163200 0.234875
2 0.246400 0.151246 0.166400 0.106762
2 0.160800 0.230427 0.196800 0.108541
3 0.423200 0.167260 0.104000 0.124555
3 0.480800 0.436833 0.174400 0.137011
4 0.648800 0.620996 0.059200 0.209964
4 0.342400 0.532918 0.070400 0.204626
5 0.519200 0.289146 0.126400 0.183274
5 0.454400 0.489324 0.083200 0.202847
6 0.640800 0.503559 0.171200 0.064057
6 0.806400 0.710854 0.188800 0.062278
7 0.524800 0.632562 0.118400 0.144128
7 0.765600 0.608541 0.075200 0.167260
8 0.616000 0.805160 0.147200 0.080071
8 0.852800 0.604093 0.134400 0.104982
9 0.605600 0.436833 0.129600 0.108541
9 0.842400 0.594306 0.123200 0.135231
10 0.565600 0.371886 0.142400 0.078292
10 0.584000 0.352313 0.054400 0.170819
11 0.380800 0.346085 0.137600 0.094306
11 0.569600 0.313167 0.147200 0.060498
12 0.228800 0.661032 0.089600 0.122776
12 0.220800 0.668149 0.121600 0.108541
13 0.677600 0.361210 0.123200 0.071174
13 0.482400 0.789146 0.091200 0.112100
14 0.398400 0.604982 0.115200 0.064057
14 0.322400 0.402135 0.059200 0.131673
15 0.913600 0.816726 0.083200 0.113879
15 0.573600 0.751779 0.091200 0.094306
16 0.613600 0.614769 0.046400 0.129893
16 0.595200 0.919929 0.102400 0.085409
17 0.696800 0.648577 0.081600 0.094306
17 0.389600 0.228648 0.049600 0.108541
18 0.684800 0.454626 0.080000 0.076512
18 0.572000 0.667260 0.075200 0.081851
19 0.774400 0.460854 0.089600 0.060498
19 0.629600 0.869217 0.056000 0.087189
20 0.517600 0.705516 0.059200 0.069395
20 0.789600 0.365658 0.072000 0.058719
21 0.698400 0.867438 0.078400 0.065836
21 0.701600 0.548932 0.068800 0.083630
22 0.284000 0.512456 0.065600 0.174377
23 0.811200 0.428826 0.064000 0.064057