0 0.159877 0.866416 0.090699 0.095494
0 0.129516 0.888948 0.109915 0.048283
1 0.801307 0.513412 0.083782 0.125536
1 0.716756 0.238734 0.086856 0.069742
2 0.100307 0.714056 0.046887 0.112661
2 0.632206 0.230687 0.116065 0.064378
3 0.523444 0.237124 0.070715 0.092275
3 0.461184 0.532189 0.058417 0.113734
4 0.498078 0.312768 0.064566 0.071888
4 0.597233 0.129828 0.079939 0.057940
5 0.148347 0.428112 0.078401 0.060086
5 0.680246 0.203326 0.061491 0.039700
6 0.316295 0.199034 0.026902 0.095494
6 0.508455 0.340665 0.062260 0.074034
7 0.400461 0.148069 0.066103 0.066524
7 0.800922 0.421137 0.069178 0.037554
8 0.512683 0.116953 0.063028 0.040773
8 0.204842 0.864270 0.062260 0.041845
9 0.117986 0.642167 0.063797 0.059013
9 0.763643 0.365343 0.063797 0.043991
10 0.275173 0.078326 0.064566 0.064378
10 0.346272 0.238734 0.048424 0.089056
11 0.454266 0.451717 0.064566 0.062232
11 0.952729 0.417382 0.069946 0.053648
12 0.423905 0.083691 0.049962 0.064378
12 0.302460 0.257511 0.051499 0.036481
13 0.305919 0.046137 0.026134 0.079399
13 0.506918 0.147532 0.051499 0.037554
14 0.339354 0.181330 0.026902 0.077253
14 0.122214 0.133584 0.052267 0.046137
15 0.333974 0.046674 0.042275 0.063305
15 0.463105 0.348176 0.048424 0.033262
16 0.302460 0.295064 0.045350 0.053648
16 0.457725 0.408262 0.045350 0.059013
17 0.214450 0.653970 0.044581 0.037554
17 0.193697 0.641631 0.041507 0.045064
18 0.865104 0.463519 0.028440 0.060086
18 0.190623 0.620708 0.038432 0.041845
19 0.534589 0.255365 0.036126 0.049356
19 0.056495 0.642167 0.039201 0.054721
20 0.093005 0.164163 0.027671 0.042918
20 0.113759 0.167382 0.030746 0.045064
21 0.295926 0.223712 0.026134 0.046137
21 0.166026 0.630365 0.026134 0.052575
22 0.855111 0.424893 0.048424 0.081545
22 0.043428 0.239807 0.074558 0.054721