0 0.776371 0.864486 0.248945 0.126836
0 0.323840 0.510681 0.263713 0.132176
1 0.675105 0.382510 0.194093 0.166889
1 0.714135 0.060748 0.301688 0.094793
2 0.354430 0.748999 0.156118 0.149533
2 0.460970 0.162216 0.196203 0.134846
3 0.352321 0.299733 0.223629 0.145527
3 0.401899 0.631509 0.255274 0.125501
4 0.451477 0.853138 0.151899 0.106809
4 0.801688 0.876502 0.113924 0.177570
5 0.283755 0.546061 0.107595 0.176235
5 0.754219 0.163551 0.242616 0.100134
6 0.753165 0.494660 0.151899 0.129506
6 0.527426 0.810414 0.240506 0.096128
7 0.674051 0.748331 0.217300 0.089453
7 0.298523 0.387850 0.213080 0.078772
8 0.554852 0.805741 0.105485 0.145527
8 0.642405 0.187583 0.137131 0.126836
9 0.759494 0.118825 0.122363 0.136182
9 0.661392 0.343792 0.166667 0.113485
10 0.146624 0.882510 0.179325 0.104139
10 0.302743 0.505340 0.221519 0.052069
11 0.854430 0.639519 0.084388 0.146862
11 0.325949 0.201602 0.158228 0.112150
12 0.431435 0.401869 0.179325 0.045394
12 0.657173 0.265688 0.196203 0.042724
13 0.804852 0.256342 0.116034 0.106809
13 0.688819 0.702937 0.170886 0.044059
14 0.552743 0.472630 0.130802 0.090788
14 0.452532 0.421228 0.094937 0.108144
15 0.221519 0.301068 0.097046 0.097463
15 0.467300 0.278371 0.162447 0.038718
16 0.372363 0.431242 0.149789 0.061415
16 0.581224 0.672230 0.111814 0.092123
17 0.554852 0.396529 0.097046 0.077437
17 0.561181 0.613485 0.067511 0.094793
18 0.845992 0.402537 0.084388 0.086782
18 0.380802 0.594793 0.069620 0.076101
19 0.368143 0.154206 0.065401 0.078772
19 0.441983 0.574099 0.082278 0.074766
20 0.536920 0.334446 0.099156 0.046729
20 0.778481 0.366489 0.097046 0.044059
21 0.724684 0.120160 0.094937 0.066756
21 0.555907 0.447931 0.086498 0.062750
22 0.523207 0.226969 0.194093 0.064085
23 0.484177 0.309746 0.090717 0.040053