0 0.314170 0.285110 0.094077 0.225042
0 0.476190 0.518613 0.123113 0.228426
1 0.530778 0.407783 0.141696 0.165821
1 0.634727 0.320643 0.094077 0.248731
2 0.394309 0.258883 0.105691 0.111675
2 0.581882 0.500000 0.048780 0.245347
3 0.917538 0.402707 0.123113 0.192893
3 0.218931 0.613367 0.068525 0.218274
4 0.793844 0.465313 0.138211 0.135364
4 0.551103 0.785956 0.112660 0.120135
5 0.551684 0.274958 0.153310 0.089679
5 0.713705 0.821489 0.082462 0.197970
6 0.435540 0.255499 0.113821 0.121827
6 0.737515 0.364636 0.139373 0.099831
7 0.299071 0.441624 0.073171 0.159052
7 0.614983 0.161591 0.075494 0.167513
8 0.750871 0.300338 0.114983 0.096447
8 0.314750 0.571912 0.067364 0.142132
9 0.120790 0.383249 0.074332 0.157360
9 0.890825 0.493232 0.051103 0.177665
10 0.406504 0.094755 0.072009 0.152284
10 0.827526 0.622673 0.108014 0.118443
11 0.328107 0.104907 0.114983 0.091371
11 0.533682 0.549069 0.052265 0.153976
12 0.663763 0.673435 0.080139 0.094755
12 0.718351 0.482234 0.101045 0.054146
13 0.621951 0.830795 0.084785 0.094755
13 0.146341 0.297800 0.078978 0.111675
14 0.683508 0.752961 0.087108 0.111675
14 0.286876 0.604061 0.046458 0.138748
15 0.698026 0.649746 0.078978 0.081218
15 0.621370 0.520305 0.041812 0.116751
16 0.786876 0.523689 0.075494 0.096447
16 0.759001 0.615059 0.047619 0.116751
17 0.709640 0.536379 0.055749 0.091371
17 0.829849 0.748731 0.075494 0.062606
18 0.667828 0.523689 0.058072 0.082910
18 0.069686 0.294416 0.051103 0.094755
19 0.546458 0.686971 0.059233 0.077834
19 0.376307 0.477157 0.065041 0.057530
20 0.542393 0.389171 0.046458 0.071066
20 0.371080 0.616751 0.042973 0.072758
21 0.608014 0.703046 0.047619 0.065990
21 0.384437 0.191201 0.060395 0.054146
22 0.146922 0.637056 0.059233 0.177665
22 0.868177 0.879019 0.110337 0.126904