0 0.247807 0.346809 0.109649 0.285106
0 0.722222 0.158511 0.152047 0.146809
1 0.127193 0.223404 0.245614 0.161702
1 0.086988 0.478723 0.112573 0.302128
2 0.515351 0.796809 0.121345 0.282979
2 0.697368 0.695745 0.078947 0.165957
3 0.890351 0.826596 0.178363 0.151064
3 0.838450 0.538298 0.133041 0.153191
4 0.242690 0.746809 0.125731 0.187234
4 0.442251 0.881915 0.188596 0.087234
5 0.833333 0.341489 0.166667 0.100000
5 0.324561 0.278723 0.128655 0.238298
6 0.778509 0.658511 0.150585 0.134043
6 0.205409 0.636170 0.168129 0.080851
7 0.313596 0.252128 0.150585 0.129787
7 0.314327 0.593617 0.149123 0.114894
8 0.647661 0.304255 0.096491 0.170213
8 0.301170 0.740426 0.067251 0.204255
9 0.503655 0.771277 0.115497 0.163830
9 0.478070 0.256383 0.114035 0.125532
10 0.487573 0.357447 0.086257 0.127660
10 0.868421 0.467021 0.073099 0.197872
11 0.640351 0.425532 0.116959 0.127660
11 0.336988 0.350000 0.077485 0.206383
12 0.698099 0.870213 0.089181 0.153191
12 0.466374 0.652128 0.116959 0.100000
13 0.657164 0.500000 0.068713 0.157447
13 0.736842 0.248936 0.125731 0.072340
14 0.389620 0.823404 0.106725 0.110638
14 0.451754 0.474468 0.108187 0.110638
15 0.636696 0.708511 0.068713 0.136170
15 0.727339 0.808511 0.083333 0.114894
16 0.747807 0.510638 0.083333 0.127660
16 0.807749 0.453191 0.071637 0.131915
17 0.405702 0.332979 0.080409 0.108511
17 0.542398 0.445745 0.084795 0.095745
18 0.688596 0.320213 0.081871 0.091489
18 0.404971 0.412766 0.078947 0.089362
19 0.804825 0.821277 0.077485 0.072340
19 0.583333 0.395745 0.070175 0.085106
20 0.461988 0.543617 0.070175 0.078723
20 0.591374 0.515957 0.057018 0.082979
21 0.545322 0.352128 0.064327 0.104255
21 0.900585 0.577660 0.070175 0.104255
22 0.873538 0.465957 0.141813 0.148936
23 0.460526 0.280851 0.064327 0.076596