0 0.662832 0.553968 0.168142 0.228571
0 0.597345 0.339683 0.129204 0.177778
1 0.904425 0.449206 0.134513 0.225397
1 0.299115 0.598413 0.191150 0.161905
2 0.161062 0.869048 0.155752 0.138095
2 0.792035 0.229365 0.189381 0.144444
3 0.232743 0.826190 0.150442 0.147619
3 0.345133 0.204762 0.077876 0.203175
4 0.551327 0.915873 0.171681 0.139683
4 0.824779 0.558730 0.215929 0.057143
5 0.311504 0.206349 0.141593 0.158730
5 0.696460 0.231746 0.100885 0.174603
6 0.635398 0.580952 0.169912 0.098413
6 0.225664 0.401587 0.200000 0.057143
7 0.623009 0.180952 0.116814 0.120635
7 0.423009 0.531746 0.127434 0.095238
8 0.791150 0.627778 0.088496 0.128571
8 0.099115 0.494444 0.084956 0.112698
9 0.338053 0.317460 0.116814 0.123810
9 0.466372 0.388095 0.132743 0.109524
10 0.258407 0.292063 0.134513 0.092063
10 0.453982 0.365079 0.097345 0.133333
11 0.588496 0.093651 0.076106 0.158730
11 0.456637 0.239683 0.141593 0.082540
12 0.627434 0.627778 0.111504 0.065079
12 0.565487 0.538095 0.061947 0.107937
13 0.721239 0.364286 0.129204 0.071429
13 0.526549 0.183333 0.139823 0.052381
14 0.705310 0.431746 0.100885 0.085714
14 0.430973 0.846825 0.122124 0.049206
15 0.414159 0.273016 0.102655 0.076190
15 0.152212 0.542063 0.060177 0.100000
16 0.272566 0.219841 0.113274 0.061905
16 0.512389 0.111111 0.115044 0.060317
17 0.500885 0.472222 0.092035 0.061905
17 0.282301 0.430159 0.051327 0.076190
18 0.584956 0.363492 0.083186 0.069841
18 0.200000 0.559524 0.056637 0.080952
19 0.738053 0.131746 0.099115 0.063492
19 0.354867 0.456349 0.093805 0.061905
20 0.648673 0.679365 0.065487 0.063492
20 0.338938 0.383333 0.054867 0.065079
21 0.676991 0.509524 0.054867 0.063492
21 0.633628 0.642063 0.042478 0.068254
22 0.477876 0.533333 0.113274 0.114286
22 0.215044 0.389683 0.100885 0.112698