0 0.332421 0.341757 0.164159 0.192539
0 0.456224 0.416968 0.108071 0.111913
1 0.628591 0.691937 0.266758 0.103490
1 0.483584 0.088448 0.121751 0.126354
2 0.405609 0.925993 0.080711 0.097473
2 0.519152 0.687726 0.116279 0.135981
3 0.919289 0.891697 0.155951 0.132371
3 0.742818 0.706378 0.177839 0.084236
4 0.555404 0.899519 0.177839 0.054152
4 0.448700 0.361011 0.128591 0.113117
5 0.632695 0.639591 0.162791 0.075812
5 0.212722 0.843562 0.138167 0.129964
6 0.232558 0.871239 0.155951 0.077016
6 0.413817 0.254513 0.080711 0.111913
7 0.404241 0.116125 0.149111 0.066185
7 0.488372 0.169073 0.136799 0.051745
8 0.517100 0.936823 0.142271 0.083032
8 0.682627 0.560168 0.071135 0.123947
9 0.595759 0.722623 0.086183 0.102286
9 0.220246 0.942238 0.109439 0.098676
10 0.360465 0.646811 0.121751 0.073406
10 0.278386 0.761733 0.091655 0.127557
11 0.564295 0.537304 0.138167 0.061372
11 0.280438 0.764741 0.106703 0.066185
12 0.402873 0.681709 0.127223 0.039711
12 0.519152 0.185319 0.121751 0.050542
13 0.361833 0.746691 0.077975 0.104693
13 0.230506 0.317088 0.116279 0.039711
14 0.571819 0.801444 0.109439 0.045728
14 0.574555 0.471119 0.060192 0.080626
15 0.505472 0.696751 0.105335 0.050542
15 0.378249 0.182310 0.102599 0.049338
16 0.615595 0.843562 0.103967 0.064982
16 0.512996 0.826715 0.051984 0.081829
17 0.648427 0.791817 0.082079 0.060168
17 0.170315 0.844765 0.061560 0.072202
18 0.705198 0.769555 0.083447 0.044525
18 0.461696 0.506017 0.061560 0.061372
19 0.654583 0.685921 0.036936 0.079422
19 0.720246 0.810469 0.053352 0.075812
20 0.738030 0.644404 0.069767 0.049338
20 0.522572 0.731649 0.051984 0.055355
21 0.785226 0.754513 0.049248 0.086643
21 0.477428 0.738267 0.087551 0.044525
22 0.377565 0.803851 0.054720 0.120337
22 0.095759 0.829122 0.103967 0.132371