0 0.444954 0.882759 0.107034 0.168966
0 0.562691 0.218103 0.113150 0.301724
1 0.616208 0.230172 0.180428 0.150000
1 0.571101 0.365517 0.129969 0.265517
2 0.470948 0.512069 0.058104 0.306897
2 0.776758 0.706897 0.091743 0.248276
3 0.509939 0.833621 0.133028 0.218966
3 0.690367 0.853448 0.084098 0.241379
4 0.756116 0.646552 0.123853 0.134483
4 0.113914 0.298276 0.194190 0.151724
5 0.561162 0.571552 0.103976 0.160345
5 0.562691 0.365517 0.201835 0.082759
6 0.764526 0.314655 0.140673 0.198276
6 0.691131 0.465517 0.107034 0.134483
7 0.333333 0.868103 0.143731 0.153448
7 0.371560 0.253448 0.097859 0.182759
8 0.847859 0.468966 0.123853 0.148276
8 0.861621 0.842241 0.139144 0.101724
9 0.634557 0.583621 0.174312 0.050000
9 0.651376 0.618103 0.058104 0.205172
10 0.909786 0.698276 0.143731 0.148276
10 0.551223 0.686207 0.178899 0.082759
11 0.594037 0.144828 0.090214 0.182759
11 0.441131 0.095690 0.157492 0.167241
12 0.740826 0.364655 0.105505 0.115517
12 0.759939 0.910345 0.082569 0.144828
13 0.862385 0.549138 0.107034 0.129310
13 0.848624 0.454310 0.125382 0.101724
14 0.497706 0.135345 0.081040 0.163793
14 0.475535 0.435345 0.103976 0.091379
15 0.659021 0.812931 0.058104 0.129310
15 0.287462 0.729310 0.073394 0.131034
16 0.428135 0.215517 0.073394 0.137931
16 0.400612 0.800000 0.058104 0.134483
17 0.348624 0.572414 0.088685 0.103448
17 0.860856 0.302586 0.107034 0.077586
18 0.853976 0.683621 0.071865 0.091379
18 0.500000 0.228448 0.055046 0.105172
19 0.301988 0.225862 0.065749 0.093103
19 0.643731 0.232759 0.051988 0.082759
20 0.879969 0.856034 0.071865 0.056897
20 0.917431 0.600000 0.051988 0.089655
21 0.361621 0.443966 0.084098 0.081034
21 0.547401 0.672414 0.085627 0.048276
22 0.849388 0.799138 0.172783 0.084483
23 0.779052 0.484483 0.084098 0.055172