0 0.476911 0.266035 0.307325 0.126822
0 0.240446 0.219388 0.219745 0.109329
1 0.426752 0.678571 0.378981 0.176385
1 0.524682 0.663994 0.167197 0.196793
2 0.320860 0.575073 0.058917 0.290087
2 0.875000 0.558309 0.183121 0.192420
3 0.535032 0.309038 0.197452 0.186589
3 0.159236 0.400146 0.235669 0.103499
4 0.562102 0.800292 0.267516 0.102041
4 0.745223 0.543003 0.245223 0.112245
5 0.160032 0.454082 0.141720 0.147230
5 0.834395 0.557580 0.264331 0.062682
6 0.493631 0.759475 0.219745 0.160350
6 0.338376 0.879009 0.170382 0.099125
7 0.592357 0.906706 0.203822 0.122449
7 0.444268 0.846939 0.140127 0.154519
8 0.247611 0.720117 0.125796 0.183673
8 0.741242 0.510933 0.195860 0.068513
9 0.545382 0.139213 0.151274 0.100583
9 0.615446 0.636297 0.055732 0.199708
10 0.525478 0.174927 0.203822 0.081633
10 0.380573 0.892857 0.117834 0.120991
11 0.710191 0.601312 0.149682 0.088921
11 0.205414 0.236152 0.111465 0.189504
12 0.511146 0.351312 0.136943 0.067055
12 0.381369 0.403061 0.055732 0.167638
13 0.697452 0.440962 0.152866 0.059767
13 0.629777 0.357143 0.109873 0.087464
14 0.391720 0.758746 0.152866 0.048105
14 0.648089 0.560496 0.105096 0.091837
15 0.546975 0.288630 0.132166 0.055394
15 0.304936 0.241983 0.065287 0.134111
16 0.316083 0.086735 0.113057 0.094752
16 0.234873 0.091108 0.122611 0.100583
17 0.578025 0.489796 0.098726 0.078717
17 0.230096 0.520408 0.090764 0.064140
18 0.567675 0.586006 0.078025 0.084548
18 0.345541 0.812682 0.108280 0.045190
19 0.466561 0.276239 0.121019 0.059767
19 0.128981 0.289359 0.111465 0.045190
20 0.373408 0.497813 0.081210 0.065598
20 0.550159 0.529155 0.071656 0.058309
21 0.175159 0.662536 0.073248 0.077259
21 0.305732 0.516764 0.098726 0.068513
22 0.664013 0.160350 0.124204 0.145773
22 0.400478 0.438047 0.186306 0.080175