0 0.717087 0.219706 0.260504 0.088335
0 0.630252 0.796716 0.106443 0.112118
1 0.525910 0.713477 0.135854 0.174405
1 0.505602 0.891846 0.072829 0.198188
2 0.351541 0.206682 0.098039 0.105323
2 0.435574 0.339751 0.120448 0.192525
3 0.656162 0.327293 0.180672 0.083805
3 0.841737 0.224802 0.148459 0.109853
4 0.538515 0.495470 0.082633 0.161948
4 0.217787 0.137033 0.110644 0.088335
5 0.729692 0.558324 0.117647 0.126840
5 0.598739 0.148924 0.051821 0.166478
6 0.771709 0.511325 0.184874 0.069083
6 0.327731 0.338052 0.148459 0.091733
7 0.275210 0.366931 0.082633 0.108720
7 0.645658 0.693092 0.086835 0.110985
8 0.121849 0.374858 0.151261 0.054360
8 0.502801 0.711778 0.117647 0.078143
9 0.836134 0.318233 0.114846 0.108720
9 0.403361 0.280861 0.120448 0.083805
10 0.329132 0.325595 0.067227 0.114383
10 0.918768 0.084938 0.086835 0.101925
11 0.102241 0.446206 0.140056 0.061155
11 0.472689 0.526048 0.144258 0.057758
12 0.526611 0.394111 0.103641 0.081540
12 0.200980 0.400906 0.054622 0.092865
13 0.304622 0.488109 0.085434 0.072480
13 0.637255 0.273499 0.103641 0.062288
14 0.419468 0.489241 0.110644 0.033975
14 0.569328 0.670442 0.096639 0.038505
15 0.412465 0.201586 0.096639 0.058890
15 0.381653 0.406002 0.093838 0.048698
16 0.506303 0.578143 0.102241 0.053228
16 0.638655 0.356172 0.112045 0.035108
17 0.292717 0.545866 0.044818 0.072480
17 0.598039 0.699320 0.053221 0.060023
18 0.448179 0.462061 0.078431 0.045300
18 0.373249 0.450170 0.099440 0.032843
19 0.255602 0.415629 0.063025 0.058890
19 0.536415 0.343148 0.044818 0.067950
20 0.341036 0.537939 0.049020 0.054360
20 0.569328 0.373726 0.037815 0.063420
21 0.151261 0.423556 0.058824 0.043035
21 0.668067 0.686297 0.064426 0.045300
22 0.826331 0.398641 0.078431 0.088335
22 0.456583 0.286523 0.162465 0.067950