0 0.136364 0.501004 0.174242 0.287149
0 0.822917 0.297189 0.217803 0.168675
1 0.268939 0.309237 0.113636 0.204819
1 0.512311 0.686747 0.202652 0.112450
2 0.606061 0.773092 0.140152 0.156627
2 0.689394 0.259036 0.166667 0.216867
3 0.338068 0.611446 0.244318 0.090361
3 0.208333 0.776104 0.136364 0.166667
4 0.425189 0.213855 0.187500 0.130522
4 0.438447 0.784137 0.157197 0.118474
5 0.307765 0.827309 0.149621 0.172691
5 0.805871 0.625502 0.142045 0.190763
6 0.181818 0.227912 0.094697 0.234940
6 0.756629 0.450803 0.187500 0.130522
7 0.430871 0.102410 0.206439 0.088353
7 0.300189 0.431727 0.176136 0.084337
8 0.702652 0.162651 0.094697 0.200803
8 0.393939 0.258032 0.143939 0.186747
9 0.778409 0.701807 0.151515 0.130522
9 0.588068 0.417671 0.123106 0.172691
10 0.724432 0.600402 0.123106 0.180723
10 0.406250 0.600402 0.089015 0.192771
11 0.571023 0.522088 0.115530 0.200803
11 0.578598 0.429719 0.195076 0.104418
12 0.517992 0.270080 0.130682 0.134538
12 0.759470 0.466867 0.143939 0.106426
13 0.845644 0.200803 0.107955 0.160643
13 0.642992 0.553213 0.051136 0.166667
14 0.805871 0.521084 0.142045 0.098394
14 0.719697 0.590361 0.174242 0.072289
15 0.155303 0.471888 0.098485 0.112450
15 0.822917 0.629518 0.123106 0.062249
16 0.519886 0.611446 0.115530 0.110442
16 0.263258 0.508032 0.128788 0.100402
17 0.567235 0.565261 0.119318 0.078313
17 0.219697 0.354418 0.128788 0.058233
18 0.353220 0.342369 0.081439 0.106426
18 0.226326 0.669679 0.077652 0.086345
19 0.478220 0.442771 0.085227 0.094378
19 0.667614 0.369478 0.081439 0.108434
20 0.324811 0.266064 0.077652 0.078313
20 0.851326 0.321285 0.054924 0.096386
21 0.344697 0.475904 0.094697 0.056225
21 0.500947 0.756024 0.085227 0.054217
22 0.410038 0.874498 0.229167 0.106426
23 0.567235 0.311245 0.085227 0.084337