0 0.314885 0.518090 0.156489 0.248915
0 0.272901 0.469609 0.137405 0.189580
1 0.155534 0.462373 0.177481 0.175109
1 0.387405 0.924023 0.286260 0.108538
2 0.569656 0.687410 0.124046 0.147612
2 0.812977 0.772069 0.114504 0.166425
3 0.449427 0.797395 0.204198 0.150507
3 0.314885 0.478292 0.229008 0.105644
4 0.428435 0.696093 0.215649 0.086831
4 0.520992 0.861071 0.248092 0.046310
5 0.518130 0.456585 0.127863 0.163531
5 0.777672 0.227207 0.181298 0.147612
6 0.706107 0.677279 0.125954 0.095514
6 0.660305 0.421852 0.099237 0.160637
7 0.658397 0.808249 0.106870 0.094067
7 0.403626 0.769175 0.185115 0.065123
8 0.453244 0.630246 0.158397 0.079595
8 0.635496 0.277135 0.087786 0.134588
9 0.539122 0.462373 0.158397 0.117221
9 0.858779 0.407381 0.114504 0.128799
10 0.852099 0.543415 0.124046 0.117221
10 0.338740 0.871201 0.146947 0.104197
11 0.145992 0.481187 0.181298 0.047757
11 0.694656 0.672938 0.137405 0.109986
12 0.730916 0.794501 0.061069 0.098408
12 0.373092 0.682344 0.085878 0.120116
13 0.483779 0.558611 0.104962 0.081042
13 0.768130 0.628799 0.070611 0.111433
14 0.930344 0.435601 0.070611 0.124457
14 0.461832 0.738061 0.068702 0.098408
15 0.375954 0.565123 0.125954 0.059334
15 0.255725 0.730825 0.129771 0.049204
16 0.820611 0.450796 0.087786 0.088278
16 0.276718 0.668596 0.125954 0.063676
17 0.733779 0.327062 0.120229 0.046310
17 0.500000 0.339363 0.068702 0.088278
18 0.817748 0.578871 0.097328 0.052098
18 0.443702 0.470333 0.097328 0.046310
19 0.787214 0.097685 0.074427 0.085384
19 0.768130 0.487699 0.059160 0.083936
20 0.632634 0.821274 0.070611 0.059334
20 0.536260 0.383502 0.072519 0.057887
21 0.549618 0.782923 0.076336 0.066570
21 0.770992 0.829233 0.064885 0.060781
22 0.317748 0.815485 0.188931 0.047757
23 0.550573 0.891462 0.085878 0.054993