0 0.570850 0.234714 0.186235 0.149901
0 0.511134 0.122288 0.216599 0.118343
1 0.769231 0.373767 0.157895 0.305720
1 0.708502 0.860947 0.340081 0.128205
2 0.192308 0.168639 0.137652 0.159763
2 0.104251 0.338264 0.107287 0.266272
3 0.694332 0.498028 0.141700 0.214990
3 0.677126 0.649901 0.248988 0.155819
4 0.794534 0.800789 0.240891 0.138067
4 0.429150 0.159763 0.161943 0.185404
5 0.209514 0.642998 0.232794 0.185404
5 0.305668 0.167653 0.137652 0.213018
6 0.457490 0.728797 0.226721 0.116371
6 0.074899 0.362919 0.080972 0.236686
7 0.829960 0.568047 0.145749 0.161736
7 0.579960 0.516765 0.196356 0.118343
8 0.546559 0.873767 0.174089 0.149901
8 0.620445 0.782051 0.135628 0.151874
9 0.349190 0.313609 0.176113 0.114398
9 0.285425 0.204142 0.064777 0.214990
10 0.485830 0.301775 0.137652 0.126233
10 0.942308 0.575937 0.070850 0.224852
11 0.551619 0.172584 0.192308 0.092702
11 0.434211 0.852071 0.188259 0.142012
12 0.641700 0.721893 0.145749 0.102564
12 0.487854 0.427022 0.137652 0.124260
13 0.408907 0.401381 0.101215 0.151874
13 0.898785 0.653846 0.113360 0.151874
14 0.230769 0.570020 0.133603 0.118343
14 0.324899 0.512821 0.159919 0.082840
15 0.141700 0.490138 0.117409 0.108481
15 0.245951 0.464497 0.143725 0.092702
16 0.584008 0.423077 0.107287 0.104536
16 0.345142 0.646943 0.074899 0.149901
17 0.519231 0.792899 0.131579 0.078895
17 0.548583 0.545365 0.133603 0.069034
18 0.174089 0.277120 0.097166 0.104536
18 0.229757 0.714004 0.095142 0.102564
19 0.834008 0.622288 0.060729 0.116371
19 0.386640 0.671598 0.089069 0.108481
20 0.348178 0.265286 0.089069 0.088757
20 0.251012 0.410256 0.089069 0.078895
21 0.202429 0.400394 0.072874 0.094675
21 0.419028 0.477318 0.056680 0.098619
22 0.869433 0.410256 0.135628 0.138067
23 0.115385 0.169625 0.093117 0.102564