0 0.584425 0.127329 0.158661 0.177019
0 0.199418 0.746894 0.154294 0.242236
1 0.735808 0.650621 0.152838 0.155280
1 0.692868 0.221273 0.096070 0.187888
2 0.867540 0.373447 0.110626 0.135093
2 0.398108 0.358696 0.187773 0.145963
3 0.399563 0.865683 0.176128 0.172360
3 0.474527 0.893634 0.148472 0.125776
4 0.265648 0.491460 0.193595 0.110248
4 0.195051 0.715062 0.136827 0.190994
5 0.832606 0.210404 0.180495 0.122671
5 0.799127 0.471273 0.064047 0.231366
6 0.372635 0.749224 0.098981 0.138199
6 0.293304 0.593944 0.109170 0.113354
7 0.561135 0.345497 0.170306 0.100932
7 0.580786 0.545807 0.087336 0.172360
8 0.624454 0.329969 0.154294 0.119565
8 0.917031 0.402174 0.133916 0.099379
9 0.421397 0.282609 0.103348 0.170807
9 0.534934 0.625776 0.149927 0.077640
10 0.077147 0.664596 0.101892 0.099379
10 0.521106 0.770186 0.183406 0.065217
11 0.228530 0.389752 0.174672 0.105590
11 0.114265 0.498447 0.114993 0.118012
12 0.301310 0.862578 0.131004 0.088509
12 0.498544 0.822205 0.082969 0.144410
13 0.679039 0.132764 0.112082 0.135093
13 0.679039 0.524845 0.062591 0.167702
14 0.417031 0.551242 0.080058 0.139752
14 0.821689 0.250000 0.071325 0.099379
15 0.752547 0.415373 0.087336 0.113354
15 0.397380 0.716615 0.101892 0.100932
16 0.284571 0.690217 0.094614 0.072981
16 0.735808 0.488354 0.094614 0.113354
17 0.634643 0.670031 0.072780 0.094720
17 0.478166 0.692547 0.088792 0.080745
18 0.578603 0.731366 0.091703 0.077640
18 0.337700 0.576863 0.098981 0.048137
19 0.884279 0.470497 0.094614 0.071429
19 0.777293 0.083075 0.066958 0.107143
20 0.765648 0.304348 0.069869 0.068323
20 0.636827 0.592391 0.074236 0.057453
21 0.437409 0.805901 0.050946 0.077640
21 0.511645 0.623447 0.068413 0.076087
22 0.130277 0.543478 0.205240 0.062112
23 0.623726 0.229814 0.062591 0.065217