0 0.166930 0.356037 0.207278 0.201238
0 0.778481 0.157121 0.234177 0.147059
1 0.752373 0.340557 0.270570 0.102167
1 0.420886 0.748452 0.294304 0.060372
2 0.768987 0.708978 0.205696 0.065015
2 0.622627 0.368421 0.131329 0.182663
3 0.527690 0.777090 0.109177 0.185759
3 0.743671 0.083591 0.212025 0.102167
4 0.648734 0.772446 0.107595 0.160991
4 0.168513 0.519350 0.096519 0.190402
5 0.922468 0.339009 0.113924 0.195046
5 0.664557 0.524768 0.139241 0.145511
6 0.337816 0.833591 0.172468 0.103715
6 0.515823 0.509288 0.091772 0.170279
7 0.491297 0.852941 0.147152 0.105263
7 0.469937 0.690402 0.104430 0.092879
8 0.821203 0.290248 0.113924 0.106811
8 0.723892 0.135449 0.150316 0.091331
9 0.556171 0.416409 0.074367 0.139319
9 0.786392 0.527864 0.139241 0.111455
10 0.237342 0.237616 0.164557 0.094427
10 0.481013 0.907895 0.082278 0.113003
11 0.810918 0.444272 0.134494 0.099071
11 0.760285 0.469814 0.147152 0.060372
12 0.685918 0.723684 0.106013 0.094427
12 0.303006 0.489164 0.080696 0.117647
13 0.750791 0.845201 0.121835 0.061920
13 0.252373 0.603715 0.058544 0.126935
14 0.395570 0.641641 0.094937 0.088235
14 0.599684 0.794892 0.050633 0.128483
15 0.662975 0.609907 0.101266 0.080495
15 0.824367 0.655573 0.101266 0.075851
16 0.620253 0.257740 0.110759 0.088235
16 0.761867 0.142415 0.102848 0.083591
17 0.914557 0.586687 0.082278 0.086687
17 0.308544 0.581269 0.091772 0.057276
18 0.496835 0.610681 0.060127 0.082043
18 0.184335 0.662539 0.080696 0.074303
19 0.723892 0.249226 0.087025 0.065015
19 0.446994 0.447368 0.058544 0.080495
20 0.706487 0.667183 0.068038 0.046440
20 0.590190 0.412539 0.056962 0.069659
21 0.392405 0.592879 0.079114 0.052632
21 0.356804 0.882353 0.068038 0.074303
22 0.286392 0.445820 0.155063 0.083591
23 0.412975 0.434985 0.056962 0.080495