0 0.756238 0.303398 0.257198 0.271845
0 0.313820 0.813107 0.332054 0.189320
1 0.802303 0.469660 0.234165 0.172330
1 0.472169 0.229369 0.307102 0.143204
2 0.510557 0.408981 0.218810 0.250000
2 0.438580 0.594660 0.201536 0.237864
3 0.348369 0.484223 0.101727 0.298544
3 0.523033 0.154126 0.236084 0.148058
4 0.576775 0.853155 0.209213 0.167476
4 0.302303 0.180825 0.205374 0.206311
5 0.196737 0.435680 0.078695 0.303398
5 0.785988 0.809466 0.224568 0.104369
6 0.098848 0.487864 0.147793 0.257282
6 0.729367 0.527913 0.168906 0.177184
7 0.627639 0.628641 0.134357 0.213592
7 0.325336 0.317961 0.190019 0.097087
8 0.787908 0.410194 0.170825 0.155340
8 0.282150 0.616505 0.138196 0.189320
9 0.479846 0.396845 0.157390 0.177184
9 0.368522 0.259709 0.191939 0.077670
10 0.606526 0.407767 0.111324 0.165049
10 0.917466 0.486650 0.088292 0.211165
11 0.749520 0.845874 0.101727 0.220874
11 0.567179 0.674757 0.105566 0.194175
12 0.497121 0.297330 0.069098 0.167476
12 0.839731 0.240291 0.132438 0.131068
13 0.826296 0.729369 0.128599 0.118932
13 0.639155 0.705097 0.145873 0.114078
14 0.803263 0.658981 0.136276 0.075243
14 0.836852 0.628641 0.134357 0.092233
15 0.809021 0.298544 0.109405 0.121359
15 0.441459 0.708738 0.088292 0.160194
16 0.603647 0.546117 0.117083 0.101942
16 0.662188 0.416262 0.088292 0.138350
17 0.749520 0.212379 0.105566 0.099515
17 0.401152 0.429612 0.072937 0.135922
18 0.731286 0.683252 0.076775 0.118932
18 0.408829 0.617718 0.103647 0.075243
19 0.688100 0.623786 0.082534 0.111650
19 0.778311 0.463592 0.086372 0.082524
20 0.880998 0.577670 0.072937 0.087379
20 0.250480 0.489078 0.078695 0.099515
21 0.691939 0.322816 0.090211 0.077670
21 0.619002 0.758495 0.082534 0.065534
22 0.636276 0.125000 0.213052 0.109223
23 0.921305 0.665049 0.092131 0.111650