0 0.198999 0.811665 0.112641 0.121507
0 0.379850 0.343256 0.118899 0.168894
1 0.357322 0.436817 0.083855 0.159174
1 0.290989 0.716889 0.081352 0.150668
2 0.893617 0.896112 0.077597 0.159174
2 0.670839 0.184083 0.045056 0.171324
3 0.643930 0.306197 0.111389 0.121507
3 0.559449 0.535844 0.097622 0.128797
4 0.244055 0.643378 0.105131 0.113001
4 0.588861 0.558931 0.103880 0.123937
5 0.090738 0.447145 0.096370 0.131227
5 0.658323 0.741798 0.147685 0.066829
6 0.250313 0.760024 0.080100 0.115431
6 0.344806 0.687728 0.068836 0.116646
7 0.285357 0.374241 0.085106 0.092345
7 0.190864 0.789186 0.113892 0.057108
8 0.266583 0.388821 0.067584 0.106926
8 0.332290 0.668287 0.041302 0.106926
9 0.493116 0.215067 0.057572 0.109356
9 0.547559 0.537060 0.098874 0.068044
10 0.592616 0.173147 0.056320 0.108141
10 0.486233 0.201701 0.118899 0.053463
11 0.518773 0.914945 0.123905 0.058323
11 0.288486 0.492102 0.118899 0.058323
12 0.623279 0.382746 0.082603 0.077764
12 0.652065 0.138518 0.092616 0.046173
13 0.346683 0.322600 0.072591 0.078979
13 0.290363 0.309235 0.070088 0.071689
14 0.282228 0.442892 0.088861 0.042527
14 0.694618 0.742406 0.082603 0.065614
15 0.384230 0.617861 0.077597 0.054678
15 0.546308 0.231470 0.083855 0.037667
16 0.312891 0.579587 0.062578 0.070474
16 0.931790 0.289186 0.051314 0.089915
17 0.655820 0.772783 0.070088 0.055893
17 0.187109 0.711422 0.038798 0.064399
18 0.095119 0.260024 0.055069 0.065614
18 0.717772 0.114824 0.053817 0.066829
19 0.183354 0.384569 0.056320 0.064399
19 0.212140 0.386999 0.048811 0.066829
20 0.451815 0.250304 0.055069 0.038882
20 0.235294 0.689550 0.042553 0.042527
21 0.200876 0.741191 0.053817 0.051033
21 0.543179 0.270352 0.060075 0.037667
22 0.762203 0.301337 0.077597 0.085055
23 0.832290 0.372418 0.040050 0.074119