0 0.554672 0.595642 0.318091 0.096852
0 0.704771 0.659806 0.133201 0.196126
1 0.289264 0.398305 0.212724 0.142857
1 0.127237 0.638015 0.151093 0.133172
2 0.731610 0.410412 0.166998 0.225182
2 0.402584 0.501211 0.232604 0.121065
3 0.730616 0.768765 0.101392 0.215496
3 0.247515 0.719128 0.069583 0.246973
4 0.154076 0.750605 0.137177 0.193705
4 0.390656 0.772397 0.208748 0.087167
5 0.687873 0.417676 0.143141 0.215496
5 0.311133 0.539952 0.085487 0.232446
6 0.393638 0.590799 0.143141 0.164649
6 0.597416 0.539952 0.145129 0.116223
7 0.519881 0.424939 0.105368 0.176755
7 0.428429 0.730024 0.085487 0.181598
8 0.431412 0.131961 0.111332 0.152542
8 0.120278 0.404358 0.093439 0.193705
9 0.925447 0.662228 0.117296 0.176755
9 0.514911 0.659806 0.166998 0.079903
10 0.502982 0.750605 0.107356 0.140436
10 0.281312 0.335351 0.161034 0.079903
11 0.811133 0.863196 0.135189 0.094431
11 0.347913 0.313559 0.147117 0.079903
12 0.423459 0.383777 0.079523 0.133172
12 0.736581 0.882567 0.105368 0.123487
13 0.543738 0.681598 0.061630 0.142857
13 0.216700 0.536320 0.119284 0.084746
14 0.835984 0.691283 0.077535 0.147700
14 0.436382 0.306295 0.109344 0.089588
15 0.130219 0.502421 0.105368 0.099274
15 0.228628 0.447942 0.071571 0.135593
16 0.784294 0.588378 0.125249 0.082324
16 0.455268 0.612591 0.111332 0.067797
17 0.854871 0.745763 0.055666 0.125908
17 0.458250 0.608959 0.093439 0.079903
18 0.786282 0.677966 0.053678 0.096852
18 0.520875 0.337772 0.091451 0.060533
19 0.227634 0.767554 0.105368 0.077482
19 0.474155 0.684019 0.073559 0.055690
20 0.273360 0.421308 0.069583 0.067797
20 0.522863 0.289346 0.059642 0.065375
21 0.361829 0.702179 0.063618 0.106538
21 0.607356 0.348668 0.069583 0.096852
22 0.680915 0.502421 0.089463 0.128329
22 0.459245 0.221550 0.143141 0.094431