0 0.737300 0.206569 0.110305 0.223358
0 0.589260 0.788321 0.130624 0.137226
1 0.822932 0.413869 0.211901 0.132847
1 0.317126 0.491971 0.242380 0.081752
2 0.650943 0.767883 0.074020 0.181022
2 0.644412 0.579562 0.116110 0.081752
3 0.391147 0.785401 0.161103 0.128467
3 0.395501 0.550365 0.164006 0.102190
4 0.328737 0.591241 0.149492 0.093431
4 0.121190 0.090511 0.181422 0.078832
5 0.799710 0.243066 0.136430 0.106569
5 0.810595 0.697080 0.088534 0.153285
6 0.874456 0.514599 0.094340 0.162044
6 0.777939 0.388321 0.116110 0.143066
7 0.493469 0.662044 0.089985 0.129927
7 0.449927 0.240876 0.063861 0.145985
8 0.488389 0.751825 0.085631 0.131387
8 0.586357 0.518248 0.060958 0.131387
9 0.288824 0.902190 0.156749 0.067153
9 0.559507 0.338686 0.097242 0.128467
10 0.808418 0.564234 0.110305 0.127007
10 0.705370 0.417518 0.055152 0.143066
11 0.531205 0.229197 0.089985 0.134307
11 0.355588 0.667883 0.060958 0.150365
12 0.693033 0.672263 0.076923 0.106569
12 0.388244 0.255474 0.059507 0.116788
13 0.677794 0.373723 0.055152 0.110949
13 0.196662 0.551095 0.123367 0.062774
14 0.351234 0.840146 0.078374 0.094891
14 0.444122 0.831387 0.095791 0.100730
15 0.732221 0.540876 0.091437 0.074453
15 0.645864 0.302920 0.066763 0.097810
16 0.922351 0.413139 0.082729 0.093431
16 0.587808 0.745255 0.060958 0.097810
17 0.248186 0.614599 0.089985 0.067153
17 0.843977 0.691241 0.056604 0.086131
18 0.661829 0.648175 0.066763 0.058394
18 0.813498 0.477372 0.059507 0.081752
19 0.751814 0.634307 0.046444 0.089051
19 0.814224 0.536496 0.058055 0.068613
20 0.550073 0.672263 0.055152 0.065693
20 0.415820 0.446715 0.062409 0.052555
21 0.417271 0.253285 0.050798 0.056934
21 0.207547 0.232847 0.052250 0.077372
22 0.511611 0.523358 0.103048 0.141606
23 0.660377 0.528467 0.043541 0.072993