0 0.210256 0.569588 0.109402 0.194158
0 0.483761 0.201890 0.140171 0.173540
1 0.760684 0.524914 0.174359 0.197595
1 0.201709 0.288660 0.205128 0.171821
2 0.806838 0.408076 0.164103 0.142612
2 0.477778 0.861684 0.182906 0.111684
3 0.907692 0.692440 0.105983 0.154639
3 0.352991 0.372852 0.138462 0.199313
4 0.527350 0.429553 0.162393 0.147766
4 0.085470 0.325601 0.102564 0.170103
5 0.327350 0.292955 0.080342 0.197595
5 0.421368 0.572165 0.172650 0.123711
6 0.325641 0.426117 0.162393 0.140893
6 0.777778 0.581615 0.085470 0.156357
7 0.547009 0.286942 0.102564 0.099656
7 0.697436 0.655498 0.153846 0.067010
8 0.844444 0.607388 0.071795 0.149485
8 0.326496 0.580756 0.082051 0.151203
9 0.700855 0.836770 0.129915 0.106529
9 0.616239 0.482818 0.128205 0.106529
10 0.555556 0.841065 0.174359 0.053265
10 0.684615 0.897766 0.155556 0.080756
11 0.510256 0.384021 0.138462 0.108247
11 0.488034 0.641753 0.155556 0.053265
12 0.670085 0.529210 0.126496 0.099656
12 0.857265 0.579038 0.135043 0.051546
13 0.490598 0.713058 0.109402 0.099656
13 0.523077 0.774055 0.123077 0.049828
14 0.743590 0.755155 0.133333 0.097938
14 0.359829 0.730241 0.128205 0.065292
15 0.614530 0.710481 0.111111 0.070447
15 0.158974 0.356529 0.058120 0.108247
16 0.390598 0.317869 0.070085 0.103093
16 0.253846 0.688144 0.076923 0.097938
17 0.290598 0.544674 0.092308 0.054983
17 0.603419 0.427835 0.088889 0.072165
18 0.342735 0.792096 0.090598 0.065292
18 0.480342 0.812715 0.088889 0.048110
19 0.619658 0.082474 0.066667 0.092784
19 0.942735 0.569588 0.063248 0.091065
20 0.247863 0.601375 0.058120 0.075601
20 0.055556 0.361684 0.073504 0.063574
21 0.650427 0.742268 0.070085 0.061856
21 0.435897 0.513746 0.054701 0.075601
22 0.529915 0.121993 0.116239 0.151203
22 0.266667 0.786942 0.116239 0.120275