0 0.508325 0.735955 0.136316 0.106742
0 0.548907 0.379916 0.123829 0.268258
1 0.717482 0.540028 0.115505 0.116573
1 0.594173 0.484551 0.151925 0.210674
2 0.693548 0.414326 0.096774 0.154494
2 0.626951 0.668539 0.096774 0.112360
3 0.308533 0.400281 0.103018 0.165730
3 0.801249 0.912219 0.120708 0.161517
4 0.095213 0.117275 0.157128 0.122191
4 0.737253 0.471208 0.144641 0.125000
5 0.131113 0.292135 0.085328 0.210674
5 0.440687 0.589185 0.161290 0.096910
6 0.404787 0.665028 0.158169 0.049157
6 0.801249 0.912219 0.120708 0.161517
7 0.198751 0.523174 0.058273 0.200843
7 0.674818 0.802669 0.061394 0.125000
8 0.191988 0.288624 0.044745 0.186798
8 0.222685 0.389045 0.106139 0.084270
9 0.935484 0.577949 0.072841 0.158708
9 0.579084 0.529494 0.115505 0.134831
10 0.622789 0.376404 0.069719 0.106742
10 0.477627 0.584270 0.056191 0.171348
11 0.280957 0.613062 0.066597 0.122191
11 0.571280 0.672051 0.070760 0.108146
12 0.547867 0.337781 0.105099 0.091292
12 0.305411 0.670646 0.075963 0.116573
13 0.492196 0.441713 0.108221 0.040730
13 0.280437 0.436798 0.100937 0.053371
14 0.383455 0.453652 0.071800 0.134831
14 0.449532 0.414326 0.058273 0.148876
15 0.593132 0.273174 0.099896 0.049157
15 0.292924 0.327247 0.059313 0.109551
16 0.359521 0.718399 0.057232 0.094101
16 0.473985 0.309691 0.053070 0.088483
17 0.320499 0.567416 0.029136 0.109551
17 0.580125 0.600421 0.075963 0.043539
18 0.473465 0.372893 0.064516 0.051966
18 0.502081 0.563904 0.059313 0.071629
19 0.672216 0.704354 0.056191 0.080056
19 0.394381 0.370787 0.072841 0.056180
20 0.507284 0.408006 0.040583 0.057584
20 0.417794 0.438904 0.030177 0.074438
21 0.430281 0.703652 0.036420 0.081461
21 0.311134 0.488062 0.054110 0.060393
22 0.246098 0.548455 0.044745 0.181180
22 0.904787 0.745084 0.055151 0.150281