0 0.620240 0.229245 0.298597 0.156604
0 0.357715 0.260377 0.234469 0.301887
1 0.161323 0.635849 0.290581 0.166038
1 0.232465 0.708491 0.320641 0.205660
2 0.800601 0.604717 0.186373 0.228302
2 0.378758 0.893396 0.312625 0.077358
3 0.488978 0.473585 0.296593 0.154717
3 0.355711 0.666981 0.234469 0.141509
4 0.666333 0.295283 0.118236 0.232075
4 0.877756 0.414151 0.104208 0.273585
5 0.439880 0.283019 0.222445 0.124528
5 0.217435 0.243396 0.126253 0.162264
6 0.532064 0.823585 0.226453 0.118868
6 0.402806 0.418868 0.076152 0.226415
7 0.531062 0.716981 0.148297 0.128302
7 0.189379 0.377358 0.130261 0.215094
8 0.404810 0.720755 0.172345 0.132075
8 0.595190 0.093396 0.156313 0.137736
9 0.420842 0.574528 0.208417 0.062264
9 0.174349 0.666038 0.120240 0.196226
10 0.490982 0.660377 0.172345 0.120755
10 0.538076 0.325472 0.158317 0.145283
11 0.785571 0.347170 0.096192 0.196226
11 0.147295 0.787736 0.218437 0.066038
12 0.503006 0.416038 0.156313 0.103774
12 0.640281 0.172642 0.178357 0.073585
13 0.682365 0.503774 0.074148 0.154717
13 0.275551 0.223585 0.078156 0.126415
14 0.359719 0.502830 0.110220 0.126415
14 0.275551 0.433019 0.114228 0.103774
15 0.629259 0.849057 0.132265 0.120755
15 0.713427 0.611321 0.092184 0.139623
16 0.587174 0.608491 0.148297 0.092453
16 0.470942 0.836792 0.152305 0.081132
17 0.910822 0.336792 0.078156 0.130189
17 0.603206 0.616981 0.076152 0.143396
18 0.498998 0.343396 0.092184 0.094340
18 0.786573 0.591509 0.106212 0.077358
19 0.414830 0.216981 0.104208 0.079245
19 0.176353 0.525472 0.060120 0.107547
20 0.813627 0.484906 0.064128 0.094340
20 0.585170 0.309434 0.088176 0.067925
21 0.207415 0.477358 0.090180 0.071698
21 0.432866 0.506604 0.092184 0.043396
22 0.103206 0.532075 0.114228 0.158491
23 0.166333 0.330189 0.104208 0.098113