0 0.681189 0.626838 0.189488 0.290441
0 0.631397 0.861213 0.261411 0.255515
1 0.773859 0.530331 0.217151 0.156250
1 0.692254 0.099265 0.289073 0.194853
2 0.469571 0.342831 0.134163 0.204044
2 0.503458 0.261029 0.268326 0.172794
3 0.773859 0.634191 0.211618 0.080882
3 0.330567 0.353860 0.118949 0.248162
4 0.219225 0.227022 0.170124 0.170956
4 0.463347 0.655331 0.146611 0.145221
5 0.630014 0.330882 0.145228 0.172794
5 0.811203 0.685662 0.192254 0.139706
6 0.521438 0.578125 0.135546 0.130515
6 0.121024 0.100184 0.186722 0.145221
7 0.544260 0.128676 0.125864 0.147059
7 0.296680 0.399816 0.117566 0.211397
8 0.365837 0.447610 0.053942 0.174632
8 0.732365 0.394301 0.073306 0.134191
9 0.200553 0.438419 0.138313 0.178309
9 0.197095 0.344669 0.095436 0.119485
10 0.515214 0.850184 0.167358 0.097426
10 0.883126 0.295956 0.164592 0.080882
11 0.592669 0.654412 0.067773 0.216912
11 0.829184 0.235294 0.153527 0.128676
12 0.491701 0.176471 0.123098 0.143382
12 0.752420 0.558824 0.138313 0.073529
13 0.656293 0.587316 0.065007 0.137868
13 0.496542 0.488971 0.135546 0.058824
14 0.477178 0.583640 0.118949 0.068015
14 0.488243 0.784007 0.088520 0.130515
15 0.420470 0.407169 0.074689 0.123162
15 0.157676 0.409926 0.107884 0.088235
16 0.306362 0.536765 0.123098 0.062500
16 0.571923 0.295956 0.120332 0.088235
17 0.662517 0.431066 0.082988 0.093750
17 0.233057 0.271140 0.095436 0.064338
18 0.391425 0.674632 0.066390 0.084559
18 0.329184 0.227941 0.069156 0.106618
19 0.350622 0.652574 0.078838 0.102941
19 0.785615 0.409007 0.044260 0.104779
20 0.479945 0.356618 0.052559 0.088235
20 0.403873 0.549632 0.038728 0.084559
21 0.637621 0.495404 0.077455 0.064338
21 0.417012 0.506434 0.062241 0.082721
22 0.384509 0.783088 0.165975 0.132353
22 0.858230 0.469669 0.120332 0.178309