0 0.408019 0.328733 0.275157 0.122961
0 0.609277 0.497491 0.124214 0.136763
1 0.095912 0.456713 0.138365 0.210790
1 0.556604 0.414680 0.135220 0.196989
2 0.662736 0.445420 0.136792 0.158093
2 0.856132 0.526976 0.111635 0.150565
3 0.865566 0.529486 0.111635 0.148055
3 0.345912 0.456713 0.157233 0.115433
4 0.499214 0.661230 0.161950 0.107905
4 0.166667 0.717691 0.201258 0.102886
5 0.476415 0.537014 0.100629 0.127980
5 0.790094 0.828105 0.117925 0.153074
6 0.590409 0.948557 0.205975 0.042660
6 0.371855 0.432246 0.058176 0.151819
7 0.890723 0.725847 0.095912 0.109159
7 0.646226 0.882058 0.160377 0.042660
8 0.322327 0.824969 0.069182 0.126725
8 0.543239 0.695734 0.149371 0.063990
9 0.283019 0.434128 0.091195 0.105395
9 0.231918 0.697616 0.105346 0.122961
10 0.767296 0.449812 0.110063 0.111669
10 0.240566 0.267880 0.116352 0.114178
11 0.422956 0.279799 0.135220 0.100376
11 0.454403 0.868256 0.119497 0.112923
12 0.211478 0.376412 0.105346 0.072773
12 0.813679 0.715809 0.114780 0.076537
13 0.438679 0.091593 0.138365 0.062735
13 0.561321 0.665621 0.122642 0.046424
14 0.601415 0.591593 0.092767 0.076537
14 0.489780 0.438519 0.064465 0.096612
15 0.425314 0.465496 0.051887 0.082811
15 0.526730 0.275408 0.106918 0.061481
16 0.476415 0.797365 0.106918 0.058971
16 0.386792 0.644918 0.066038 0.090339
17 0.194182 0.244668 0.077044 0.080301
17 0.522799 0.754705 0.095912 0.056462
18 0.700472 0.720828 0.080189 0.056462
18 0.335692 0.525721 0.073899 0.062735
19 0.702830 0.826851 0.084906 0.050188
19 0.697327 0.613551 0.086478 0.050188
20 0.573113 0.822459 0.067610 0.048934
20 0.760220 0.714555 0.051887 0.048934
21 0.452044 0.625471 0.077044 0.038896
21 0.370283 0.761606 0.051887 0.065245
22 0.680031 0.490590 0.121069 0.122961
23 0.622642 0.784818 0.072327 0.038896