0 0.253219 0.420415 0.171674 0.193772
0 0.097282 0.576125 0.108727 0.152249
1 0.322604 0.143599 0.227468 0.079585
1 0.613734 0.666955 0.200286 0.205882
2 0.500000 0.384948 0.127325 0.171280
2 0.711016 0.650519 0.128755 0.176471
3 0.303290 0.862457 0.071531 0.195502
3 0.450644 0.583045 0.074392 0.211073
4 0.306867 0.769031 0.155937 0.105536
4 0.656652 0.656574 0.100143 0.174740
5 0.319027 0.503460 0.140200 0.159170
5 0.505722 0.657439 0.135908 0.145329
6 0.208870 0.689446 0.151645 0.077855
6 0.461373 0.514706 0.130186 0.143599
7 0.109442 0.437716 0.138770 0.086505
7 0.606581 0.292388 0.140200 0.055363
8 0.533619 0.227509 0.114449 0.105536
8 0.275393 0.841696 0.130186 0.077855
9 0.675966 0.823529 0.121602 0.117647
9 0.360515 0.879758 0.077253 0.147059
10 0.508584 0.121107 0.104435 0.131488
10 0.458512 0.603806 0.115880 0.117647
11 0.489986 0.306228 0.130186 0.076125
11 0.681688 0.349481 0.124464 0.083045
12 0.361946 0.413495 0.080114 0.117647
12 0.236767 0.555363 0.095851 0.100346
13 0.326896 0.442042 0.090129 0.081315
13 0.942060 0.224913 0.107296 0.069204
14 0.319027 0.736159 0.094421 0.105536
14 0.535765 0.632353 0.098712 0.088235
15 0.408441 0.228374 0.084406 0.079585
15 0.396996 0.320934 0.084406 0.081315
16 0.650930 0.480969 0.091559 0.089965
16 0.259657 0.331315 0.098712 0.060554
17 0.419170 0.893599 0.054363 0.098616
17 0.613734 0.673875 0.051502 0.102076
18 0.533619 0.550173 0.074392 0.069204
18 0.590844 0.477509 0.045780 0.089965
19 0.665951 0.770761 0.075823 0.067474
19 0.279685 0.337370 0.055794 0.089965
20 0.623033 0.764706 0.055794 0.065744
20 0.376252 0.645329 0.060086 0.062284
21 0.452790 0.426471 0.064378 0.060554
21 0.514306 0.268166 0.064378 0.065744
22 0.175250 0.508651 0.050072 0.169550
23 0.242489 0.620242 0.061516 0.077855