0 0.539696 0.628205 0.150338 0.186813
0 0.298986 0.590659 0.165541 0.375458
1 0.810811 0.514652 0.256757 0.135531
1 0.326858 0.295788 0.217905 0.144689
2 0.520270 0.452381 0.266892 0.098901
2 0.386824 0.273810 0.101351 0.247253
3 0.229730 0.227106 0.108108 0.175824
3 0.631757 0.119963 0.246622 0.159341
4 0.716216 0.462454 0.246622 0.159341
4 0.317568 0.130037 0.185811 0.098901
5 0.466216 0.601648 0.087838 0.250916
5 0.475507 0.594322 0.224662 0.108059
6 0.520270 0.831502 0.097973 0.219780
6 0.251689 0.855311 0.077703 0.249084
7 0.108108 0.701465 0.077703 0.197802
7 0.272804 0.843407 0.173986 0.075092
8 0.173142 0.799451 0.072635 0.203297
8 0.270270 0.426740 0.101351 0.131868
9 0.722973 0.304945 0.195946 0.056777
9 0.418074 0.826007 0.136824 0.095238
10 0.216216 0.573260 0.141892 0.139194
10 0.211993 0.711538 0.143581 0.144689
11 0.815034 0.240842 0.194257 0.100733
11 0.385135 0.803114 0.152027 0.177656
12 0.486486 0.215201 0.077703 0.141026
12 0.523649 0.614469 0.125000 0.126374
13 0.702703 0.641026 0.114865 0.120879
13 0.612331 0.368132 0.143581 0.095238
14 0.149493 0.586081 0.072635 0.172161
14 0.520270 0.507326 0.121622 0.073260
15 0.862331 0.405678 0.106419 0.126374
15 0.721284 0.593407 0.118243 0.087912
16 0.581926 0.260989 0.106419 0.104396
16 0.631757 0.595238 0.067568 0.139194
17 0.345439 0.482601 0.059122 0.122711
17 0.820101 0.485348 0.079392 0.113553
18 0.773649 0.415751 0.067568 0.106227
18 0.457770 0.141941 0.077703 0.078755
19 0.387669 0.201465 0.096284 0.084249
19 0.412162 0.130952 0.070946 0.071429
20 0.455236 0.489011 0.079392 0.080586
20 0.292230 0.887363 0.050676 0.093407
21 0.249155 0.246337 0.062500 0.064103
21 0.201858 0.587912 0.045608 0.095238
22 0.588682 0.309524 0.187500 0.150183
23 0.382601 0.518315 0.069257 0.051282