0 0.551530 0.278547 0.217391 0.193772
0 0.466989 0.331315 0.283414 0.140138
1 0.466184 0.218858 0.252818 0.237024
1 0.700483 0.747405 0.115942 0.128028
2 0.705314 0.358131 0.103060 0.186851
2 0.382448 0.819204 0.204509 0.247405
3 0.346216 0.485294 0.276973 0.088235
3 0.263285 0.480104 0.194847 0.188581
4 0.742351 0.682526 0.157810 0.136678
4 0.789050 0.560554 0.138486 0.114187
5 0.311594 0.221453 0.246377 0.152249
5 0.334138 0.912630 0.140097 0.105536
6 0.256844 0.434256 0.207729 0.096886
6 0.867955 0.544983 0.112721 0.221453
7 0.431562 0.579585 0.115942 0.197232
7 0.124799 0.511246 0.085346 0.140138
8 0.559581 0.739619 0.181965 0.098616
8 0.347826 0.832180 0.067633 0.214533
9 0.532206 0.827855 0.185185 0.105536
9 0.301932 0.669550 0.143317 0.131488
10 0.176329 0.329585 0.178744 0.140138
10 0.873591 0.736159 0.165862 0.143599
11 0.161031 0.203287 0.228663 0.115917
11 0.649758 0.457612 0.072464 0.212803
12 0.759259 0.435986 0.098229 0.159170
12 0.420290 0.744810 0.135266 0.150519
13 0.347021 0.544118 0.123994 0.081315
13 0.475845 0.427336 0.149758 0.086505
14 0.687601 0.591696 0.141707 0.089965
14 0.259259 0.791522 0.112721 0.115917
15 0.491948 0.632353 0.127214 0.074394
15 0.247182 0.579585 0.072464 0.124567
16 0.842190 0.776817 0.135266 0.096886
16 0.409823 0.551038 0.075684 0.140138
17 0.583736 0.445502 0.101449 0.108997
17 0.584541 0.534602 0.083736 0.121107
18 0.517713 0.544118 0.062802 0.119377
18 0.398551 0.274221 0.069243 0.098616
19 0.413043 0.852941 0.059581 0.100346
19 0.295491 0.362457 0.053140 0.108997
20 0.644928 0.640138 0.066023 0.083045
20 0.279388 0.583045 0.069243 0.065744
21 0.506441 0.656574 0.095008 0.053633
21 0.352657 0.385813 0.067633 0.096886
22 0.185185 0.647059 0.090177 0.179931
23 0.262480 0.839965 0.048309 0.091696