0 0.247851 0.569477 0.131805 0.108076
0 0.778653 0.668646 0.207736 0.116390
1 0.128940 0.470903 0.146132 0.162708
1 0.406160 0.111639 0.299427 0.068884
2 0.734241 0.254157 0.153295 0.083135
2 0.878223 0.625891 0.128940 0.102138
3 0.766476 0.818290 0.220630 0.080760
3 0.773639 0.469121 0.117479 0.104513
4 0.475645 0.395487 0.163324 0.152019
4 0.497135 0.339074 0.123209 0.110451
5 0.517908 0.913302 0.150430 0.130641
5 0.282235 0.298694 0.080229 0.195962
6 0.666905 0.441805 0.093123 0.156770
6 0.109599 0.619952 0.081662 0.104513
7 0.467049 0.719715 0.134670 0.073634
7 0.359599 0.516627 0.080229 0.128266
8 0.404011 0.752969 0.148997 0.092637
8 0.466332 0.385986 0.136103 0.064133
9 0.915473 0.571853 0.117479 0.115202
9 0.144699 0.247031 0.088825 0.111639
10 0.496418 0.244062 0.161891 0.077197
10 0.623209 0.554632 0.177650 0.045131
11 0.248567 0.409739 0.090258 0.133017
11 0.751433 0.693587 0.150430 0.064133
12 0.484957 0.205463 0.133238 0.097387
12 0.644699 0.726247 0.146132 0.041568
13 0.232808 0.208432 0.061605 0.122328
13 0.344556 0.239905 0.053009 0.109264
14 0.717765 0.594418 0.126074 0.077197
14 0.330946 0.835511 0.065903 0.089074
15 0.613181 0.505344 0.117479 0.048694
15 0.352436 0.380641 0.100287 0.055819
16 0.340258 0.418646 0.130372 0.046318
16 0.450573 0.067102 0.098854 0.060570
17 0.393266 0.163302 0.110315 0.034442
17 0.523639 0.804038 0.087393 0.057007
18 0.255731 0.474466 0.087393 0.055819
18 0.551576 0.709620 0.068768 0.067696
19 0.470630 0.647268 0.053009 0.068884
19 0.643983 0.438836 0.055874 0.077197
20 0.502149 0.542755 0.075931 0.057007
20 0.429799 0.201306 0.071633 0.048694
21 0.103868 0.317696 0.084527 0.039192
21 0.500000 0.586105 0.091691 0.039192
22 0.667622 0.866390 0.117479 0.077197
22 0.524355 0.821259 0.131805 0.074822