0 0.394918 0.319595 0.188187 0.152703
0 0.357830 0.536486 0.223901 0.067568
1 0.325549 0.716216 0.206044 0.067568
1 0.169643 0.493919 0.179945 0.082432
2 0.499313 0.438514 0.108516 0.141892
2 0.117445 0.512162 0.155220 0.086486
3 0.501374 0.114865 0.093407 0.151351
3 0.269918 0.106081 0.152473 0.066216
4 0.604396 0.679054 0.109890 0.136486
4 0.721841 0.274324 0.168956 0.054054
5 0.533654 0.209459 0.100275 0.135135
5 0.791209 0.575000 0.046703 0.160811
6 0.601648 0.745946 0.115385 0.118919
6 0.519231 0.572297 0.054945 0.133784
7 0.380495 0.597297 0.090659 0.094595
7 0.304945 0.187838 0.068681 0.113514
8 0.656593 0.578378 0.060440 0.113514
8 0.144918 0.423649 0.089286 0.090541
9 0.596841 0.499324 0.103022 0.101351
9 0.794643 0.556757 0.127747 0.043243
10 0.548764 0.805405 0.067308 0.113514
10 0.453297 0.297973 0.052198 0.106757
11 0.522665 0.729730 0.114011 0.070270
11 0.464973 0.306757 0.127747 0.048649
12 0.087225 0.341892 0.072802 0.089189
12 0.199863 0.633784 0.089286 0.067568
13 0.883929 0.608784 0.103022 0.074324
13 0.147665 0.410135 0.089286 0.060811
14 0.846154 0.516216 0.112637 0.043243
14 0.120879 0.565541 0.093407 0.044595
15 0.365385 0.235811 0.079670 0.050000
15 0.429258 0.812838 0.050824 0.085135
16 0.433379 0.428378 0.081044 0.056757
16 0.720467 0.562838 0.048077 0.082432
17 0.730082 0.623649 0.067308 0.060811
17 0.710852 0.687162 0.075549 0.066216
18 0.836538 0.637838 0.046703 0.078378
18 0.416896 0.471622 0.072802 0.040541
19 0.965659 0.634459 0.054945 0.077027
19 0.579670 0.660811 0.082418 0.040541
20 0.221154 0.437162 0.052198 0.047297
20 0.688874 0.576351 0.039835 0.050000
21 0.491071 0.816216 0.064560 0.045946
21 0.696429 0.629730 0.046703 0.067568
22 0.061813 0.477027 0.057692 0.127027
23 0.521291 0.951351 0.072802 0.048649