0 0.622568 0.588006 0.252918 0.154206
0 0.695525 0.626168 0.227626 0.155763
1 0.547665 0.819315 0.317121 0.068536
1 0.453307 0.190810 0.136187 0.257009
2 0.725681 0.179128 0.155642 0.143302
2 0.654669 0.410436 0.087549 0.238318
3 0.346304 0.634735 0.155642 0.204050
3 0.250000 0.751558 0.200389 0.160436
4 0.216926 0.697040 0.142023 0.157321
4 0.798638 0.599688 0.157588 0.174455
5 0.479572 0.637850 0.079767 0.200935
5 0.462062 0.169003 0.243191 0.101246
6 0.363813 0.371495 0.143969 0.160436
6 0.795720 0.452492 0.175097 0.141745
7 0.722763 0.325545 0.145914 0.137072
7 0.292802 0.417445 0.110895 0.140187
8 0.264591 0.158879 0.128405 0.124611
8 0.470817 0.626168 0.155642 0.124611
9 0.494163 0.490654 0.178988 0.071651
9 0.814202 0.509346 0.126459 0.137072
10 0.522374 0.404984 0.142023 0.130841
10 0.147860 0.415109 0.093385 0.166667
11 0.763619 0.795171 0.184825 0.066978
11 0.820039 0.339564 0.153696 0.130841
12 0.706226 0.725857 0.167315 0.065421
12 0.642996 0.683801 0.142023 0.080997
13 0.503891 0.884735 0.116732 0.105919
13 0.431907 0.330997 0.151751 0.051402
14 0.464981 0.708723 0.143969 0.077882
14 0.737354 0.800623 0.077821 0.109034
15 0.495136 0.783489 0.126459 0.049844
15 0.597276 0.528816 0.116732 0.073209
16 0.214008 0.427570 0.058366 0.107477
16 0.341440 0.696262 0.068093 0.105919
17 0.189689 0.547508 0.107004 0.095016
17 0.638132 0.866044 0.116732 0.071651
18 0.411479 0.644081 0.079767 0.070093
18 0.129377 0.539720 0.068093 0.085670
19 0.290856 0.707165 0.091440 0.062305
19 0.553502 0.721184 0.083658 0.074766
20 0.571012 0.402648 0.091440 0.060748
20 0.285019 0.629283 0.087549 0.056075
21 0.392023 0.242212 0.068093 0.079439
21 0.388132 0.500779 0.091440 0.051402
22 0.268482 0.338785 0.171206 0.123053
23 0.571012 0.880062 0.091440 0.052960