0 0.123800 0.628878 0.120921 0.326969
0 0.508637 0.643198 0.126679 0.346062
1 0.821497 0.307876 0.214971 0.315036
1 0.627639 0.417661 0.126679 0.305489
2 0.200576 0.505967 0.082534 0.176611
2 0.395393 0.624105 0.130518 0.269690
3 0.271593 0.590692 0.109405 0.288783
3 0.612284 0.435561 0.072937 0.284010
4 0.211132 0.669451 0.176583 0.217184
4 0.392514 0.650358 0.101727 0.212411
5 0.490403 0.085919 0.216891 0.114558
5 0.362764 0.227924 0.107486 0.217184
6 0.261036 0.311456 0.180422 0.155131
6 0.410749 0.603819 0.191939 0.143198
7 0.666027 0.106205 0.145873 0.131265
7 0.911708 0.330549 0.095969 0.202864
8 0.739923 0.394988 0.166987 0.069212
8 0.236084 0.700477 0.176583 0.069212
9 0.282150 0.171838 0.072937 0.219570
9 0.418426 0.898568 0.161228 0.116945
10 0.305182 0.606205 0.180422 0.081146
10 0.292706 0.837709 0.155470 0.119332
11 0.282150 0.190931 0.157390 0.128878
11 0.494242 0.189737 0.178503 0.064439
12 0.730326 0.427208 0.051823 0.176611
12 0.770633 0.479714 0.055662 0.162291
13 0.500960 0.336516 0.076775 0.162291
13 0.693858 0.217184 0.128599 0.095465
14 0.768714 0.319809 0.113244 0.119332
14 0.657390 0.323389 0.047985 0.159905
15 0.190019 0.806683 0.049904 0.152745
15 0.600768 0.581146 0.099808 0.073986
16 0.475048 0.404535 0.109405 0.112172
16 0.545106 0.855609 0.061420 0.140811
17 0.138196 0.513126 0.049904 0.128878
17 0.462572 0.138425 0.103647 0.062053
18 0.404990 0.850835 0.049904 0.116945
18 0.543186 0.267303 0.088292 0.057279
19 0.830134 0.531026 0.078695 0.102625
19 0.700576 0.575179 0.053743 0.109785
20 0.700576 0.294749 0.053743 0.078759
20 0.561420 0.452267 0.067179 0.069212
21 0.190019 0.212411 0.076775 0.062053
21 0.609405 0.653938 0.078695 0.090692
22 0.187140 0.363962 0.132438 0.183771
22 0.359885 0.410501 0.163148 0.095465