0 0.375180 0.666905 0.124098 0.144699
0 0.251082 0.694126 0.173160 0.127507
1 0.398268 0.564470 0.216450 0.160458
1 0.357864 0.756447 0.106782 0.206304
2 0.201299 0.415473 0.137085 0.169054
2 0.264069 0.709885 0.147186 0.161891
3 0.672439 0.422636 0.080808 0.203438
3 0.836219 0.569484 0.093795 0.239255
4 0.541126 0.881805 0.150072 0.136103
4 0.544012 0.668338 0.057720 0.202006
5 0.622655 0.608166 0.148629 0.153295
5 0.494228 0.723496 0.099567 0.103152
6 0.550505 0.674069 0.171717 0.084527
6 0.139971 0.477077 0.161616 0.111748
7 0.709235 0.365330 0.073593 0.169054
7 0.776335 0.560888 0.069264 0.167622
8 0.475469 0.191261 0.177489 0.081662
8 0.157287 0.645415 0.060606 0.173352
9 0.395382 0.150430 0.092352 0.157593
9 0.322511 0.581662 0.151515 0.071633
10 0.240260 0.852436 0.145743 0.117479
10 0.732323 0.482092 0.064935 0.176218
11 0.299423 0.340258 0.082251 0.161891
11 0.580087 0.515043 0.150072 0.084527
12 0.564214 0.851719 0.118326 0.104585
12 0.361472 0.284384 0.145743 0.047278
13 0.363636 0.353868 0.095238 0.106017
13 0.119048 0.535100 0.148629 0.055874
14 0.601732 0.383238 0.075036 0.124642
14 0.271284 0.689112 0.124098 0.128940
15 0.693362 0.834527 0.090909 0.101719
15 0.722222 0.684814 0.064935 0.114613
16 0.650072 0.729226 0.067821 0.103152
16 0.579365 0.720630 0.047619 0.111748
17 0.424964 0.241404 0.105339 0.047278
17 0.717893 0.468481 0.093795 0.045845
18 0.672439 0.757880 0.063492 0.083095
18 0.485570 0.723496 0.070707 0.065903
19 0.514430 0.116046 0.099567 0.065903
19 0.372294 0.471347 0.080808 0.080229
20 0.417027 0.646848 0.054834 0.064470
20 0.647908 0.824499 0.057720 0.058739
21 0.207792 0.404011 0.046176 0.085960
21 0.301587 0.497135 0.086580 0.060172
22 0.460317 0.339542 0.106782 0.091691
22 0.442280 0.579513 0.085137 0.113181