0 0.187702 0.451817 0.155340 0.192733
0 0.521036 0.192733 0.249191 0.113744
1 0.513754 0.710900 0.234628 0.123223
1 0.605178 0.714850 0.320388 0.200632
2 0.902104 0.436019 0.101942 0.139021
2 0.800162 0.382306 0.092233 0.262243
3 0.491909 0.253555 0.122977 0.191153
3 0.480583 0.514218 0.242718 0.064771
4 0.282362 0.496051 0.208738 0.145340
4 0.377023 0.278041 0.055016 0.249605
5 0.535599 0.405213 0.216828 0.105845
5 0.616505 0.672986 0.181230 0.113744
6 0.572816 0.869668 0.139159 0.153239
6 0.804207 0.469984 0.093851 0.178515
7 0.413430 0.244866 0.166667 0.078989
7 0.326861 0.190363 0.122977 0.162717
8 0.610032 0.298578 0.093851 0.164297
8 0.457929 0.517378 0.148867 0.118483
9 0.716019 0.110585 0.169903 0.101106
9 0.605178 0.557662 0.145631 0.135861
10 0.725728 0.425750 0.085761 0.172196
10 0.458738 0.382306 0.101942 0.183254
11 0.203074 0.268562 0.082524 0.167457
11 0.689320 0.539494 0.071197 0.165877
12 0.529126 0.593207 0.093851 0.115324
12 0.533172 0.144550 0.076052 0.146919
13 0.203074 0.275671 0.144013 0.052133
13 0.301780 0.330964 0.121359 0.080569
14 0.247573 0.451027 0.135922 0.074250
14 0.220065 0.421801 0.064725 0.151659
15 0.865696 0.494471 0.071197 0.116904
15 0.265372 0.578989 0.122977 0.061611
16 0.073625 0.317536 0.092233 0.123223
16 0.591424 0.345972 0.121359 0.078989
17 0.292071 0.674566 0.131068 0.053712
17 0.622168 0.124803 0.101942 0.088468
18 0.826052 0.227488 0.082524 0.088468
18 0.739482 0.541864 0.055016 0.085308
19 0.449029 0.101106 0.092233 0.088468
19 0.741100 0.602686 0.093851 0.061611
20 0.649676 0.572670 0.076052 0.071090
20 0.640777 0.296209 0.077670 0.048973
21 0.237055 0.225908 0.066343 0.069510
21 0.463592 0.588468 0.056634 0.074250
22 0.386731 0.672986 0.093851 0.176935
23 0.673139 0.455766 0.084142 0.074250