0 0.217441 0.215252 0.117780 0.216482
0 0.433749 0.266913 0.124575 0.169742
1 0.436580 0.573801 0.100793 0.131611
1 0.390147 0.120541 0.139298 0.100861
2 0.531144 0.428044 0.126840 0.093481
2 0.327860 0.397294 0.157418 0.182042
3 0.210646 0.862854 0.126840 0.183272
3 0.865232 0.301968 0.095130 0.151292
4 0.280861 0.703567 0.077010 0.201722
4 0.453567 0.232472 0.155153 0.103321
5 0.100793 0.635916 0.092865 0.184502
5 0.195357 0.517220 0.053228 0.207872
6 0.736127 0.338868 0.149490 0.075031
6 0.195923 0.472325 0.106455 0.140221
7 0.426387 0.698647 0.123443 0.100861
7 0.893545 0.381919 0.144960 0.055351
8 0.215742 0.533825 0.130238 0.100861
8 0.124009 0.191882 0.093998 0.125461
9 0.828992 0.522755 0.092865 0.113161
9 0.191393 0.242312 0.131370 0.059041
10 0.657984 0.212792 0.083805 0.115621
10 0.779728 0.175277 0.130238 0.094711
11 0.217441 0.685117 0.065685 0.113161
11 0.199887 0.134071 0.084938 0.135301
12 0.724802 0.193727 0.074745 0.104551
12 0.462061 0.326568 0.106455 0.050431
13 0.116648 0.480320 0.061155 0.131611
13 0.116082 0.779828 0.087203 0.088561
14 0.507361 0.232472 0.045300 0.115621
14 0.390147 0.056581 0.121178 0.051661
15 0.726501 0.281058 0.089468 0.052891
15 0.459230 0.507380 0.082673 0.060271
16 0.407135 0.063346 0.057758 0.107011
16 0.212911 0.484625 0.090600 0.076261
17 0.561721 0.504920 0.074745 0.057811
17 0.624009 0.460640 0.079275 0.047970
18 0.425821 0.383764 0.070215 0.051661
18 0.317667 0.618696 0.075878 0.041820
19 0.862401 0.500000 0.064553 0.045510
19 0.361835 0.607011 0.035108 0.089791
20 0.558324 0.231242 0.052095 0.054121
20 0.475651 0.469250 0.049830 0.033210
21 0.316535 0.709717 0.053228 0.063961
21 0.312571 0.111316 0.049830 0.067651
22 0.893545 0.381919 0.144960 0.055351
22 0.109853 0.782903 0.077010 0.158672
23 0.222537 0.070726 0.046433 0.060271