0 0.740074 0.606941 0.165012 0.100567
0 0.684243 0.526912 0.162531 0.189802
1 0.697891 0.133144 0.088089 0.172805
1 0.566377 0.276204 0.165012 0.087819
2 0.852357 0.134561 0.146402 0.082153
2 0.390819 0.326487 0.071960 0.089235
3 0.450993 0.392351 0.115385 0.130312
3 0.679280 0.305949 0.125310 0.059490
4 0.581266 0.061615 0.125310 0.075071
4 0.605459 0.138810 0.071960 0.130312
5 0.622208 0.513456 0.058313 0.143059
5 0.382754 0.380312 0.110422 0.069405
6 0.837469 0.422805 0.059553 0.134561
6 0.488834 0.401558 0.104218 0.097734
7 0.692308 0.464589 0.074442 0.110482
7 0.831266 0.643059 0.042184 0.133144
8 0.939826 0.271246 0.073201 0.111898
8 0.930521 0.902975 0.096774 0.106232
9 0.712779 0.787535 0.100496 0.067989
9 0.723945 0.188385 0.080645 0.096317
10 0.540323 0.214589 0.100496 0.060907
10 0.632134 0.722380 0.100496 0.048159
11 0.431141 0.194759 0.095533 0.055241
11 0.830645 0.506374 0.102978 0.046742
12 0.617866 0.680595 0.076923 0.058074
12 0.643300 0.634561 0.078164 0.042493
13 0.423697 0.262748 0.063275 0.083569
13 0.755583 0.495042 0.062035 0.066572
14 0.784119 0.684136 0.062035 0.079320
14 0.798387 0.332861 0.085608 0.042493
15 0.050868 0.446884 0.047146 0.092068
15 0.770471 0.224504 0.069479 0.046742
16 0.865385 0.576487 0.035980 0.090652
16 0.506203 0.477337 0.069479 0.048159
17 0.051489 0.582861 0.058313 0.069405
17 0.525434 0.128895 0.050868 0.070822
18 0.653846 0.337819 0.052109 0.043909
18 0.738213 0.678470 0.052109 0.059490
19 0.638337 0.180595 0.058313 0.043909
19 0.908809 0.944759 0.063275 0.045326
20 0.668114 0.462465 0.038462 0.043909
20 0.527916 0.249292 0.045906 0.045326
21 0.658189 0.376771 0.045906 0.056657
21 0.770471 0.303824 0.049628 0.046742
22 0.740695 0.381728 0.089330 0.100567
23 0.803350 0.765581 0.053350 0.041076