0 0.417553 0.115438 0.228723 0.089013
0 0.600177 0.468011 0.196809 0.184979
1 0.086879 0.355355 0.124113 0.182197
1 0.381206 0.776078 0.092199 0.161335
2 0.305851 0.299722 0.179078 0.107093
2 0.633865 0.722531 0.193262 0.154381
3 0.570922 0.906815 0.163121 0.169680
3 0.781915 0.406120 0.202128 0.052851
4 0.557624 0.378999 0.125887 0.129346
4 0.405142 0.061892 0.189716 0.043115
5 0.706560 0.117524 0.171986 0.093185
5 0.189716 0.395688 0.120567 0.137691
6 0.175532 0.512517 0.173759 0.065369
6 0.193262 0.368567 0.152482 0.069541
7 0.213652 0.261474 0.122340 0.111266
7 0.444149 0.359527 0.090426 0.076495
8 0.779255 0.772601 0.125887 0.098748
8 0.642730 0.468707 0.065603 0.097357
9 0.851064 0.606398 0.141844 0.086231
9 0.539007 0.769819 0.095745 0.126565
10 0.640957 0.698192 0.125887 0.097357
10 0.260638 0.202364 0.134752 0.076495
11 0.383865 0.470097 0.104610 0.072323
11 0.609043 0.611961 0.097518 0.116829
12 0.496454 0.388734 0.049645 0.093185
12 0.330674 0.438108 0.132979 0.047288
13 0.440603 0.425591 0.101064 0.091794
13 0.805851 0.283727 0.129433 0.041725
14 0.581560 0.212100 0.109929 0.070932
14 0.772163 0.257302 0.054965 0.091794
15 0.554078 0.290682 0.097518 0.041725
15 0.262411 0.189847 0.099291 0.051460
16 0.564716 0.633519 0.093972 0.054242
16 0.509752 0.562587 0.097518 0.054242
17 0.230496 0.225313 0.074468 0.058414
17 0.615248 0.316412 0.053191 0.065369
18 0.775709 0.449930 0.054965 0.068150
18 0.282801 0.554937 0.051418 0.077886
19 0.744681 0.495132 0.056738 0.066759
19 0.452128 0.144645 0.049645 0.063978
20 0.380319 0.220445 0.069149 0.051460
20 0.720745 0.302503 0.065603 0.048679
21 0.671986 0.275382 0.056738 0.052851
21 0.259752 0.162726 0.076241 0.033380
22 0.721631 0.178720 0.141844 0.087622
23 0.397163 0.114743 0.060284 0.040334