0 0.297134 0.433975 0.274510 0.097662
0 0.360483 0.352820 0.271493 0.185695
1 0.599548 0.690509 0.257919 0.085282
1 0.318250 0.352820 0.271493 0.067400
2 0.708899 0.592160 0.211161 0.108666
2 0.161388 0.590096 0.165913 0.096286
3 0.826546 0.315681 0.084465 0.182944
3 0.444947 0.514443 0.057315 0.195323
4 0.633484 0.284044 0.150830 0.138927
4 0.341629 0.240028 0.149321 0.152682
5 0.116139 0.265475 0.090498 0.181568
5 0.478130 0.529574 0.196078 0.044017
6 0.493213 0.304677 0.114630 0.130674
6 0.521116 0.476616 0.155354 0.056396
7 0.241327 0.135488 0.135747 0.127923
7 0.130468 0.655433 0.152338 0.064649
8 0.361991 0.358322 0.054299 0.147180
8 0.909502 0.328748 0.069382 0.156809
9 0.542232 0.394773 0.052790 0.140303
9 0.570136 0.707703 0.087481 0.136176
10 0.685520 0.878267 0.085973 0.141678
10 0.159879 0.704952 0.153846 0.059147
11 0.693062 0.219395 0.098039 0.127923
11 0.424585 0.115543 0.101056 0.126547
12 0.353695 0.212517 0.104072 0.094911
12 0.270739 0.407153 0.061840 0.101788
13 0.773756 0.447730 0.048265 0.111417
13 0.130468 0.526135 0.098039 0.105915
14 0.303167 0.154746 0.105581 0.105915
14 0.808446 0.400963 0.084465 0.092160
15 0.651584 0.260660 0.069382 0.094911
15 0.180241 0.330812 0.058824 0.097662
16 0.888386 0.389271 0.066365 0.099037
16 0.617647 0.757221 0.055807 0.094911
17 0.696833 0.440165 0.096531 0.063274
17 0.798643 0.623796 0.046757 0.094911
18 0.171192 0.522008 0.052790 0.072902
18 0.589744 0.403714 0.054299 0.075653
19 0.767722 0.889959 0.060332 0.082531
19 0.441176 0.609354 0.076923 0.066025
20 0.390649 0.568776 0.057315 0.048143
20 0.420060 0.237276 0.067873 0.067400
21 0.484163 0.709078 0.066365 0.061898
21 0.401207 0.497937 0.072398 0.049519
22 0.700603 0.808803 0.149321 0.101788
23 0.198341 0.843191 0.070890 0.049519