0 0.540984 0.490264 0.134128 0.210014
0 0.859165 0.612656 0.105812 0.129346
1 0.201192 0.439499 0.235469 0.186370
1 0.542474 0.299026 0.217586 0.122392
2 0.725782 0.273992 0.047690 0.239221
2 0.353204 0.845619 0.187779 0.091794
3 0.652012 0.717663 0.081967 0.122392
3 0.485097 0.722531 0.114754 0.090403
4 0.079732 0.493741 0.111773 0.189152
4 0.276453 0.590403 0.078987 0.182197
5 0.108793 0.630042 0.154993 0.097357
5 0.455291 0.808067 0.067064 0.169680
6 0.517884 0.835883 0.078987 0.152990
6 0.777943 0.445758 0.089419 0.087622
7 0.215350 0.828234 0.081967 0.151599
7 0.599851 0.527816 0.096870 0.140473
8 0.225782 0.599444 0.084948 0.083449
8 0.608793 0.596662 0.105812 0.122392
9 0.707154 0.421419 0.144560 0.072323
9 0.557377 0.176634 0.152012 0.080668
10 0.596125 0.732962 0.101341 0.141864
10 0.301788 0.844228 0.052161 0.147427
11 0.562593 0.094576 0.099851 0.111266
11 0.800298 0.296940 0.095380 0.129346
12 0.604322 0.828929 0.093890 0.091794
12 0.568554 0.769124 0.096870 0.077886
13 0.701937 0.355355 0.134128 0.051460
13 0.746647 0.213491 0.128167 0.059805
14 0.657228 0.596662 0.134128 0.052851
14 0.616990 0.503477 0.131148 0.055633
15 0.682563 0.555633 0.074516 0.076495
15 0.675112 0.251739 0.068554 0.091794
16 0.730999 0.310153 0.111773 0.044506
16 0.186289 0.744784 0.074516 0.076495
17 0.184054 0.315021 0.102832 0.073713
17 0.593145 0.383866 0.095380 0.052851
18 0.314456 0.486787 0.092399 0.047288
18 0.818927 0.543811 0.061103 0.055633
19 0.681818 0.638387 0.073025 0.058414
19 0.945604 0.625174 0.043219 0.084840
20 0.573770 0.611961 0.056632 0.041725
20 0.261550 0.526426 0.046200 0.062587
21 0.918033 0.621697 0.038748 0.075104
21 0.418778 0.931850 0.071535 0.058414
22 0.374814 0.884562 0.108793 0.089013
22 0.868852 0.678720 0.089419 0.147427