0 0.304066 0.508346 0.102941 0.203338
0 0.927336 0.790592 0.108997 0.355083
1 0.857699 0.591047 0.147924 0.119879
1 0.121540 0.355083 0.173875 0.066768
2 0.505623 0.607739 0.096021 0.095599
2 0.679498 0.650986 0.161765 0.133536
3 0.466263 0.354325 0.155709 0.080425
3 0.100779 0.469651 0.132353 0.104704
4 0.807526 0.805008 0.102941 0.128983
4 0.202855 0.566009 0.087370 0.103187
5 0.477076 0.468134 0.137543 0.101669
5 0.865917 0.710167 0.058824 0.221548
6 0.502595 0.536419 0.129758 0.059181
6 0.696367 0.657056 0.064014 0.118361
7 0.148356 0.537178 0.070069 0.130501
7 0.657872 0.551593 0.116782 0.110774
8 0.328287 0.591047 0.089100 0.104704
8 0.342128 0.682094 0.085640 0.119879
9 0.213235 0.443854 0.101211 0.062215
9 0.279412 0.507587 0.077855 0.116844
10 0.169550 0.657056 0.076125 0.124431
10 0.231834 0.549317 0.051903 0.100152
11 0.196799 0.411229 0.106401 0.054628
11 0.354239 0.676024 0.054498 0.104704
12 0.088235 0.415023 0.070934 0.068285
12 0.411332 0.672989 0.052768 0.113809
13 0.555363 0.430956 0.084775 0.088012
13 0.538927 0.482549 0.058824 0.097117
14 0.790657 0.706373 0.064014 0.141123
14 0.494377 0.646434 0.080450 0.048558
15 0.128028 0.424886 0.036332 0.103187
15 0.269464 0.509105 0.028547 0.119879
16 0.297578 0.464340 0.053633 0.097117
16 0.221886 0.361153 0.052768 0.103187
17 0.428201 0.481032 0.053633 0.084977
17 0.871972 0.704856 0.034602 0.116844
18 0.344291 0.386191 0.058824 0.068285
18 0.195934 0.493930 0.047578 0.059181
19 0.392734 0.384674 0.057093 0.065250
19 0.839965 0.792109 0.039792 0.097117
20 0.693772 0.537936 0.031142 0.062215
20 0.641003 0.509863 0.044983 0.051593
21 0.298010 0.392261 0.040657 0.074355
21 0.429498 0.563733 0.026817 0.095599
22 0.350346 0.164643 0.058824 0.207891