0 0.692029 0.288809 0.242029 0.077016
0 0.352174 0.483755 0.223188 0.134777
1 0.447826 0.756318 0.072464 0.222623
1 0.463768 0.465102 0.252174 0.123947
2 0.522464 0.123345 0.184058 0.104693
2 0.665217 0.625150 0.200000 0.080626
3 0.410870 0.104091 0.181159 0.095066
3 0.812319 0.484958 0.097101 0.168472
4 0.760145 0.204573 0.079710 0.146811
4 0.508696 0.513839 0.118841 0.137184
5 0.729710 0.372443 0.143478 0.119134
5 0.546377 0.871239 0.144928 0.161252
6 0.388406 0.881468 0.176812 0.078219
6 0.392754 0.534296 0.055072 0.144404
7 0.863043 0.486161 0.088406 0.129964
7 0.542754 0.762936 0.157971 0.057762
8 0.912319 0.517449 0.111594 0.115523
8 0.190580 0.364019 0.056522 0.135981
9 0.526812 0.182310 0.143478 0.073406
9 0.589855 0.685921 0.133333 0.081829
10 0.620290 0.613718 0.107246 0.115523
10 0.474638 0.462696 0.047826 0.119134
11 0.194928 0.086041 0.137681 0.099880
11 0.303623 0.736462 0.117391 0.074609
12 0.375362 0.187124 0.052174 0.107100
12 0.338406 0.255716 0.073913 0.097473
13 0.209420 0.143201 0.073913 0.098676
13 0.825362 0.348977 0.105797 0.050542
14 0.375362 0.344765 0.095652 0.085439
14 0.807246 0.386282 0.104348 0.040915
15 0.292029 0.087244 0.062319 0.090253
15 0.116667 0.814079 0.088406 0.051745
16 0.300000 0.886282 0.089855 0.061372
16 0.326812 0.794826 0.097101 0.051745
17 0.252899 0.393502 0.085507 0.048135
17 0.485507 0.061974 0.084058 0.054152
18 0.666667 0.524067 0.066667 0.058965
18 0.342029 0.559567 0.052174 0.067389
19 0.642029 0.560168 0.069565 0.046931
19 0.731884 0.649218 0.075362 0.061372
20 0.604348 0.446450 0.066667 0.043321
20 0.352899 0.481348 0.050725 0.052948
21 0.628261 0.486763 0.073913 0.044525
21 0.814493 0.880866 0.063768 0.055355
22 0.282609 0.303249 0.095652 0.117930
22 0.618116 0.231649 0.123188 0.107100