0 0.395303 0.604993 0.168297 0.167401
0 0.536204 0.272394 0.250489 0.130690
1 0.811155 0.706314 0.244618 0.129222
1 0.588063 0.215859 0.166341 0.302496
2 0.229941 0.704846 0.158513 0.185022
2 0.409980 0.412628 0.185910 0.126285
3 0.797456 0.560940 0.291585 0.135095
3 0.757339 0.094714 0.133072 0.148311
4 0.488258 0.147577 0.318982 0.130690
4 0.226027 0.485316 0.123288 0.265786
5 0.524462 0.864905 0.180039 0.234949
5 0.388454 0.124082 0.228963 0.104258
6 0.821918 0.639501 0.105675 0.168869
6 0.849315 0.494126 0.227006 0.113069
7 0.763209 0.254772 0.133072 0.189427
7 0.094912 0.383260 0.142857 0.173275
8 0.785714 0.383260 0.213307 0.049927
8 0.590020 0.839207 0.240705 0.069016
9 0.661448 0.671072 0.203523 0.093979
9 0.866928 0.532305 0.078278 0.174743
10 0.181018 0.223935 0.244618 0.071953
10 0.711350 0.538913 0.197652 0.105727
11 0.651663 0.406755 0.180039 0.129222
11 0.739726 0.508811 0.164384 0.157122
12 0.638943 0.383994 0.181996 0.110132
12 0.578278 0.249633 0.080235 0.164464
13 0.804305 0.417768 0.187867 0.045521
13 0.463796 0.630690 0.211350 0.042584
14 0.610568 0.271659 0.093933 0.126285
14 0.460861 0.245962 0.178082 0.066079
15 0.541096 0.542584 0.088063 0.127753
15 0.388454 0.245962 0.099804 0.074890
16 0.207436 0.475037 0.136986 0.118943
16 0.682975 0.211454 0.121331 0.126285
17 0.714286 0.469163 0.113503 0.069016
17 0.089041 0.359765 0.131115 0.088106
18 0.425636 0.140969 0.123288 0.058737
18 0.744618 0.512482 0.091977 0.108664
19 0.248532 0.339941 0.074364 0.089574
19 0.647750 0.607930 0.062622 0.085169
20 0.273973 0.406021 0.117417 0.042584
20 0.428571 0.187225 0.050881 0.069016
21 0.632094 0.541116 0.074364 0.057269
21 0.911937 0.472100 0.062622 0.060206
22 0.607632 0.531571 0.080235 0.193833
23 0.363992 0.364905 0.062622 0.077827