0 0.139918 0.348511 0.164609 0.199650
0 0.774691 0.454466 0.162551 0.285464
1 0.475309 0.466725 0.209877 0.264448
1 0.702675 0.160245 0.236626 0.173380
2 0.534979 0.293345 0.148148 0.162872
2 0.773663 0.454466 0.160494 0.281961
3 0.551440 0.762697 0.193416 0.218914
3 0.844650 0.223292 0.121399 0.250438
4 0.602881 0.140105 0.160494 0.168126
4 0.298354 0.868651 0.283951 0.094571
5 0.833333 0.482487 0.242798 0.148862
5 0.720165 0.139229 0.201646 0.085814
6 0.305556 0.761821 0.162551 0.133100
6 0.773663 0.646235 0.172840 0.136602
7 0.147119 0.626095 0.104938 0.180385
7 0.740741 0.793345 0.111111 0.178634
8 0.455761 0.219790 0.162551 0.127846
8 0.697531 0.253065 0.185185 0.092820
9 0.473251 0.759194 0.131687 0.159370
9 0.382716 0.611208 0.218107 0.073555
10 0.872428 0.272329 0.152263 0.190893
10 0.265432 0.711909 0.148148 0.148862
11 0.378601 0.145359 0.209877 0.115587
11 0.549383 0.298599 0.156379 0.092820
12 0.677984 0.688266 0.133745 0.133100
12 0.860082 0.738179 0.111111 0.092820
13 0.264403 0.368651 0.104938 0.113835
13 0.608025 0.452715 0.117284 0.106830
14 0.265432 0.485989 0.090535 0.145359
14 0.596708 0.771454 0.185185 0.089317
15 0.494856 0.898424 0.121399 0.115587
15 0.451646 0.335377 0.096708 0.117338
16 0.345679 0.459720 0.078189 0.127846
16 0.220165 0.220665 0.168724 0.056042
17 0.668724 0.394921 0.069959 0.117338
17 0.763374 0.678634 0.111111 0.064799
18 0.198560 0.309107 0.059671 0.099825
18 0.418724 0.660245 0.072016 0.080560
19 0.656379 0.572680 0.057613 0.105079
19 0.329218 0.760946 0.106996 0.064799
20 0.420782 0.163748 0.088477 0.054291
20 0.287037 0.126970 0.096708 0.057793
21 0.531893 0.391419 0.100823 0.064799
21 0.736626 0.759194 0.098765 0.061296
22 0.290123 0.308231 0.148148 0.147110
22 0.639918 0.873905 0.127572 0.119089