0 0.578049 0.145833 0.154472 0.119949
0 0.884553 0.393308 0.091057 0.150253
1 0.471545 0.593434 0.100813 0.204545
1 0.694309 0.343434 0.149593 0.118687
2 0.261789 0.294823 0.204878 0.094697
2 0.154472 0.342172 0.178862 0.095960
3 0.640650 0.646465 0.087805 0.106061
3 0.580488 0.748737 0.100813 0.151515
4 0.786179 0.269571 0.102439 0.172980
4 0.782114 0.583333 0.117073 0.151515
5 0.826829 0.410985 0.118699 0.145202
5 0.756098 0.696338 0.165854 0.109848
6 0.257724 0.490530 0.180488 0.094697
6 0.476423 0.415404 0.136585 0.123737
7 0.545528 0.819444 0.118699 0.116162
7 0.635772 0.573232 0.182114 0.053030
8 0.530081 0.603535 0.048780 0.141414
8 0.423577 0.177399 0.102439 0.112374
9 0.199187 0.408460 0.128455 0.097222
9 0.581301 0.452652 0.115447 0.087121
10 0.282114 0.448232 0.108943 0.093434
10 0.261789 0.292929 0.162602 0.093434
11 0.330894 0.499369 0.125203 0.114899
11 0.679675 0.743687 0.126829 0.093434
12 0.426016 0.535985 0.110569 0.109848
12 0.404065 0.256944 0.128455 0.102273
13 0.582114 0.215278 0.139837 0.066919
13 0.556911 0.392677 0.125203 0.068182
14 0.753659 0.434975 0.105691 0.082071
14 0.486992 0.140152 0.092683 0.103535
15 0.306504 0.371843 0.102439 0.071970
15 0.447967 0.093434 0.141463 0.047980
16 0.420325 0.703914 0.089431 0.089646
16 0.365854 0.419823 0.117073 0.046717
17 0.706504 0.462121 0.102439 0.047980
17 0.264228 0.237374 0.102439 0.040404
18 0.574797 0.631313 0.060163 0.068182
18 0.334959 0.201389 0.058537 0.087121
19 0.739837 0.734217 0.058537 0.071970
19 0.481301 0.324495 0.071545 0.053030
20 0.607317 0.545455 0.076423 0.058081
20 0.466667 0.060606 0.091057 0.045455
21 0.386992 0.065025 0.078049 0.061869
21 0.663415 0.543561 0.078049 0.051768
22 0.564228 0.923611 0.133333 0.099747
23 0.481301 0.436869 0.061789 0.068182