0 0.505829 0.804012 0.161917 0.166667
0 0.533679 0.253086 0.209845 0.166667
1 0.292746 0.691358 0.126943 0.154321
1 0.481218 0.776235 0.115285 0.200617
2 0.582902 0.660494 0.134715 0.126543
2 0.343264 0.911265 0.121762 0.137346
3 0.439767 0.287037 0.089378 0.151235
3 0.693653 0.560185 0.138601 0.145062
4 0.815415 0.561728 0.099741 0.148148
4 0.150259 0.613426 0.111399 0.103395
5 0.298575 0.880401 0.146373 0.168210
5 0.923575 0.296296 0.054404 0.237654
6 0.776554 0.679012 0.164508 0.074074
6 0.587435 0.230710 0.089378 0.097222
7 0.227979 0.703704 0.124352 0.120370
7 0.493523 0.396605 0.155440 0.052469
8 0.678756 0.341821 0.129534 0.121914
8 0.599093 0.787037 0.073834 0.101852
9 0.869819 0.139660 0.094560 0.143519
9 0.848446 0.115741 0.093264 0.080247
10 0.542746 0.492284 0.126943 0.101852
10 0.519430 0.493056 0.147668 0.094136
11 0.191062 0.735340 0.133420 0.134259
11 0.716969 0.510802 0.115285 0.083333
12 0.875648 0.334877 0.069948 0.123457
12 0.828368 0.295525 0.063472 0.134259
13 0.805052 0.443673 0.076425 0.115741
13 0.746762 0.739198 0.117876 0.055556
14 0.594560 0.347994 0.056995 0.152778
14 0.522668 0.364969 0.063472 0.143519
15 0.884715 0.395833 0.044041 0.128086
15 0.481865 0.919753 0.088083 0.080247
16 0.393135 0.577932 0.091969 0.115741
16 0.408031 0.529321 0.088083 0.095679
17 0.596503 0.671296 0.086788 0.064815
17 0.049223 0.667438 0.062176 0.069444
18 0.231218 0.580247 0.081606 0.064815
18 0.391839 0.369599 0.058290 0.094136
19 0.574482 0.566358 0.076425 0.049383
19 0.555052 0.349537 0.055699 0.057099
20 0.549870 0.827160 0.050518 0.061728
20 0.450130 0.600309 0.066062 0.061728
21 0.427461 0.885031 0.069948 0.044753
21 0.365285 0.350309 0.062176 0.052469
22 0.931995 0.100309 0.084197 0.135802
23 0.483808 0.657407 0.071244 0.049383