0 0.649206 0.205701 0.133333 0.143297
0 0.319048 0.357473 0.152381 0.154083
1 0.828571 0.277350 0.149206 0.209553
1 0.282540 0.107088 0.184127 0.100154
2 0.292063 0.297381 0.190476 0.123267
2 0.823810 0.319723 0.101587 0.248074
3 0.134127 0.550847 0.100000 0.260401
3 0.101587 0.347458 0.155556 0.140216
4 0.800794 0.457627 0.166667 0.095532
4 0.557143 0.348998 0.114286 0.164869
5 0.808730 0.184129 0.128571 0.134052
5 0.637302 0.431433 0.230159 0.098613
6 0.168254 0.599384 0.158730 0.126348
6 0.392063 0.548536 0.146032 0.151002
7 0.535714 0.348228 0.100000 0.132512
7 0.526984 0.232666 0.139683 0.080123
8 0.521429 0.119414 0.106349 0.127889
8 0.494444 0.181818 0.182540 0.132512
9 0.188889 0.312018 0.136508 0.124807
9 0.823016 0.531587 0.131746 0.089368
10 0.818254 0.510786 0.052381 0.186441
10 0.427778 0.580894 0.173016 0.104777
11 0.449206 0.325116 0.098413 0.138675
11 0.288095 0.439137 0.188889 0.064715
12 0.342063 0.562404 0.115873 0.077042
12 0.730952 0.256549 0.049206 0.152542
13 0.231746 0.403698 0.130159 0.064715
13 0.181746 0.272727 0.065079 0.114022
14 0.392063 0.299692 0.066667 0.130971
14 0.607143 0.410632 0.090476 0.134052
15 0.736508 0.529276 0.069841 0.118644
15 0.526984 0.136364 0.120635 0.093991
16 0.358730 0.196456 0.120635 0.118644
16 0.430159 0.281972 0.060317 0.126348
17 0.694444 0.361325 0.100000 0.066256
17 0.392857 0.444530 0.065079 0.100154
18 0.700794 0.503852 0.058730 0.104777
18 0.330952 0.154083 0.106349 0.067797
19 0.672222 0.568567 0.049206 0.101695
19 0.581746 0.160247 0.093651 0.092450
20 0.452381 0.409091 0.060317 0.057011
20 0.722222 0.404468 0.079365 0.041602
21 0.789683 0.625578 0.093651 0.055470
21 0.753175 0.377504 0.052381 0.092450
22 0.721429 0.693374 0.109524 0.126348
23 0.524603 0.899076 0.061905 0.100154