0 0.501368 0.458333 0.214774 0.158730
0 0.771546 0.537698 0.098495 0.317460
1 0.348837 0.296627 0.103967 0.283730
1 0.882353 0.746032 0.103967 0.265873
2 0.484268 0.341270 0.175103 0.119048
2 0.620383 0.416667 0.149111 0.178571
3 0.873461 0.610119 0.162791 0.113095
3 0.757182 0.731151 0.124487 0.204365
4 0.829685 0.754960 0.151847 0.085317
4 0.593023 0.636905 0.140903 0.126984
5 0.494528 0.210317 0.151847 0.158730
5 0.168263 0.622024 0.155951 0.144841
6 0.793434 0.826389 0.139535 0.113095
6 0.660055 0.648810 0.077975 0.214286
7 0.712722 0.144841 0.084815 0.174603
7 0.567031 0.286706 0.129959 0.105159
8 0.349521 0.661706 0.099863 0.152778
8 0.408345 0.418651 0.069767 0.162698
9 0.571135 0.590278 0.119015 0.081349
9 0.412449 0.677579 0.069767 0.184524
10 0.444596 0.580357 0.057456 0.168651
10 0.493160 0.856151 0.110807 0.132937
11 0.666211 0.705357 0.093023 0.152778
11 0.704514 0.335317 0.062927 0.186508
12 0.471272 0.625000 0.047880 0.142857
12 0.313269 0.448413 0.076607 0.150794
13 0.602599 0.721230 0.050616 0.125000
13 0.515732 0.513889 0.054720 0.146825
14 0.563611 0.784722 0.095759 0.093254
14 0.419973 0.406746 0.106703 0.075397
15 0.758550 0.287698 0.080711 0.134921
15 0.612859 0.535714 0.090287 0.075397
16 0.813953 0.744048 0.043776 0.130952
16 0.390561 0.230159 0.094391 0.103175
17 0.686047 0.482143 0.047880 0.119048
17 0.612859 0.841270 0.079343 0.075397
18 0.644323 0.474206 0.057456 0.091270
18 0.755130 0.407738 0.049248 0.117063
19 0.659371 0.261905 0.043776 0.111111
19 0.564979 0.722222 0.065663 0.067460
20 0.619015 0.160714 0.064295 0.071429
20 0.703146 0.653770 0.051984 0.081349
21 0.722982 0.594246 0.064295 0.069444
21 0.517784 0.648810 0.061560 0.059524
22 0.582079 0.229167 0.135431 0.093254
23 0.515732 0.714286 0.062927 0.067460