0 0.425666 0.467172 0.119215 0.153199
0 0.868864 0.367845 0.251052 0.183502
1 0.714586 0.187710 0.169705 0.173401
1 0.263675 0.174242 0.126227 0.153199
2 0.548387 0.451178 0.179523 0.178451
2 0.487377 0.340067 0.144460 0.134680
3 0.906031 0.614478 0.106592 0.222222
3 0.233520 0.496633 0.208976 0.087542
4 0.591164 0.361953 0.144460 0.175084
4 0.798738 0.693603 0.127630 0.188552
5 0.754558 0.585859 0.218794 0.067340
5 0.301543 0.152357 0.137447 0.132997
6 0.540673 0.207912 0.130435 0.146465
6 0.242637 0.682660 0.123422 0.173401
7 0.572230 0.869529 0.067321 0.200337
7 0.335905 0.804714 0.164095 0.063973
8 0.133941 0.410774 0.130435 0.151515
8 0.086957 0.367003 0.106592 0.134680
9 0.884993 0.714646 0.120617 0.136364
9 0.812062 0.260101 0.154278 0.092593
10 0.554698 0.713805 0.110799 0.164983
10 0.879383 0.321549 0.151473 0.090909
11 0.214586 0.222222 0.106592 0.134680
11 0.607293 0.189394 0.165498 0.062290
12 0.712482 0.581650 0.067321 0.149832
12 0.369565 0.376263 0.085554 0.062290
13 0.361150 0.223906 0.113604 0.107744
13 0.493689 0.909933 0.140252 0.065657
14 0.681627 0.793771 0.109397 0.112795
14 0.716690 0.452020 0.112202 0.075758
15 0.659888 0.902357 0.105189 0.111111
15 0.167602 0.552189 0.116410 0.060606
16 0.274895 0.632997 0.058906 0.138047
16 0.582048 0.247475 0.103787 0.063973
17 0.246143 0.331650 0.065919 0.121212
17 0.711781 0.077441 0.099579 0.067340
18 0.264376 0.420034 0.057504 0.109428
18 0.334502 0.708754 0.088359 0.067340
19 0.638850 0.742424 0.079944 0.070707
19 0.801543 0.474747 0.063114 0.097643
20 0.492286 0.687710 0.047686 0.075758
20 0.370266 0.648990 0.047686 0.082492
21 0.798036 0.722222 0.081346 0.087542
21 0.348527 0.357744 0.063114 0.106061
22 0.732118 0.641414 0.148668 0.107744
23 0.319074 0.537879 0.074334 0.075758