0 0.624650 0.133449 0.156863 0.159445
0 0.755602 0.299827 0.172269 0.183709
1 0.899860 0.591854 0.152661 0.279029
1 0.694678 0.228769 0.201681 0.204506
2 0.817927 0.571057 0.061625 0.303293
2 0.352241 0.577990 0.113445 0.185442
3 0.244398 0.668111 0.172269 0.161179
3 0.415266 0.616984 0.121849 0.242634
4 0.716387 0.193241 0.155462 0.178510
4 0.640056 0.779029 0.081232 0.192374
5 0.701681 0.762565 0.095238 0.152513
5 0.450980 0.402946 0.128852 0.206239
6 0.292717 0.422010 0.084034 0.154246
6 0.320028 0.292894 0.177871 0.103986
7 0.650560 0.898614 0.166667 0.081456
7 0.437675 0.710572 0.130252 0.121317
8 0.866246 0.250433 0.077031 0.154246
8 0.482493 0.389081 0.155462 0.081456
9 0.069328 0.464471 0.110644 0.138648
9 0.451681 0.108319 0.135854 0.102253
10 0.831933 0.847487 0.156863 0.097054
10 0.518908 0.687175 0.099440 0.195841
11 0.669468 0.412478 0.168067 0.072790
11 0.434174 0.318024 0.117647 0.150780
12 0.761905 0.453206 0.098039 0.112652
12 0.761905 0.126516 0.137255 0.135182
13 0.775910 0.739168 0.070028 0.157712
13 0.431373 0.727903 0.078431 0.131716
14 0.472689 0.502600 0.110644 0.072790
14 0.348039 0.332756 0.071429 0.159445
15 0.633754 0.576256 0.074230 0.123050
15 0.721989 0.579723 0.107843 0.088388
16 0.429972 0.195841 0.106443 0.097054
16 0.676471 0.503466 0.126050 0.091854
17 0.490196 0.572790 0.095238 0.071057
17 0.499300 0.450607 0.077031 0.083189
18 0.890756 0.671577 0.064426 0.102253
18 0.523810 0.192374 0.056022 0.117851
19 0.571429 0.914211 0.092437 0.064125
19 0.683473 0.431542 0.061625 0.110919
20 0.365546 0.454073 0.067227 0.051993
20 0.525210 0.331889 0.050420 0.098787
21 0.675770 0.360485 0.074230 0.055459
21 0.702381 0.525997 0.071429 0.046794
22 0.488095 0.831023 0.155462 0.088388
23 0.640056 0.292028 0.078431 0.053726