0 0.519658 0.757528 0.249573 0.215531
0 0.311111 0.660063 0.184615 0.163233
1 0.293162 0.415214 0.169231 0.129952
1 0.452137 0.653724 0.295726 0.055468
2 0.504274 0.471474 0.232479 0.172742
2 0.836752 0.465927 0.217094 0.123613
3 0.611111 0.381141 0.227350 0.068146
3 0.437607 0.505547 0.133333 0.199683
4 0.796581 0.683835 0.191453 0.163233
4 0.365812 0.225832 0.082051 0.201268
5 0.729060 0.198891 0.189744 0.166403
5 0.771795 0.572108 0.186325 0.120444
6 0.245299 0.375594 0.162393 0.152139
6 0.719658 0.260697 0.184615 0.125198
7 0.142735 0.227417 0.189744 0.090333
7 0.188034 0.649762 0.143590 0.152139
8 0.782051 0.832805 0.087179 0.144216
8 0.532479 0.475436 0.196581 0.050713
9 0.436752 0.124406 0.059829 0.160063
9 0.251282 0.832805 0.184615 0.064976
10 0.540171 0.504754 0.092308 0.156894
10 0.487179 0.239303 0.170940 0.053883
11 0.273504 0.706022 0.095726 0.156894
11 0.512821 0.757528 0.123077 0.152139
12 0.628205 0.515055 0.135043 0.076070
12 0.364957 0.183835 0.135043 0.079239
13 0.672650 0.847068 0.124786 0.096672
13 0.276068 0.251981 0.066667 0.129952
14 0.523077 0.316165 0.116239 0.087163
14 0.595726 0.579239 0.138462 0.071315
15 0.485470 0.882726 0.109402 0.085578
15 0.264103 0.907290 0.094017 0.112520
16 0.407692 0.772583 0.117949 0.068146
16 0.431624 0.320127 0.111111 0.095087
17 0.632479 0.278130 0.099145 0.083994
17 0.175214 0.552298 0.056410 0.112520
18 0.662393 0.454041 0.083761 0.074485
18 0.452137 0.287639 0.076923 0.083994
19 0.294872 0.798732 0.100855 0.050713
19 0.531624 0.351030 0.088889 0.064976
20 0.250427 0.201268 0.052991 0.076070
20 0.538462 0.856577 0.075214 0.083994
21 0.647009 0.703645 0.094017 0.063391
21 0.347009 0.248019 0.051282 0.080824
22 0.811966 0.408875 0.071795 0.174326
23 0.598291 0.818542 0.058120 0.083994