0 0.170641 0.460304 0.084948 0.288851
0 0.672876 0.826014 0.099851 0.266892
1 0.540238 0.775338 0.177347 0.226351
1 0.812966 0.625000 0.245902 0.084459
2 0.870343 0.447635 0.113264 0.165541
2 0.801788 0.199324 0.157973 0.202703
3 0.339046 0.545608 0.090909 0.226351
3 0.745902 0.320101 0.111773 0.234797
4 0.754844 0.207770 0.171386 0.152027
4 0.856185 0.766047 0.168405 0.119932
5 0.121461 0.458615 0.108793 0.116554
5 0.511177 0.725507 0.062593 0.204392
6 0.599106 0.280405 0.152012 0.152027
6 0.507452 0.815034 0.156483 0.106419
7 0.265276 0.239020 0.160954 0.062500
7 0.435917 0.396115 0.177347 0.062500
8 0.231744 0.366554 0.081967 0.158784
8 0.676602 0.397804 0.065574 0.160473
9 0.397168 0.377534 0.046200 0.180743
9 0.785395 0.387669 0.125186 0.116554
10 0.453055 0.097128 0.154993 0.069257
10 0.898659 0.266892 0.086438 0.179054
11 0.084203 0.595439 0.076006 0.150338
11 0.292846 0.467905 0.078987 0.162162
12 0.461997 0.292230 0.107303 0.111486
12 0.591654 0.260980 0.056632 0.146959
13 0.389717 0.685811 0.126677 0.060811
13 0.760805 0.820101 0.114754 0.062500
14 0.663189 0.248311 0.050671 0.128378
14 0.272727 0.581081 0.110283 0.064189
15 0.479881 0.614020 0.074516 0.079392
15 0.681073 0.798986 0.101341 0.128378
16 0.610283 0.366554 0.081967 0.087838
16 0.775708 0.527872 0.090909 0.106419
17 0.339046 0.744088 0.067064 0.099662
17 0.757824 0.689189 0.090909 0.064189
18 0.421013 0.545608 0.073025 0.084459
18 0.470939 0.459459 0.059613 0.084459
19 0.518629 0.153716 0.065574 0.081081
19 0.431446 0.238176 0.084948 0.050676
20 0.674367 0.510135 0.058122 0.081081
20 0.488823 0.216216 0.062593 0.060811
21 0.523845 0.451014 0.064083 0.087838
21 0.595380 0.386824 0.049180 0.074324
22 0.589419 0.135135 0.099851 0.111486