0 0.389143 0.804769 0.122286 0.134128
0 0.106857 0.426975 0.154286 0.180328
1 0.255429 0.614009 0.168000 0.220566
1 0.853714 0.840537 0.157714 0.095380
2 0.599429 0.233234 0.090286 0.126677
2 0.565143 0.896423 0.113143 0.183308
3 0.706286 0.411326 0.130286 0.172876
3 0.698857 0.259314 0.138286 0.140089
4 0.836571 0.456036 0.045714 0.223547
4 0.119429 0.319672 0.181714 0.061103
5 0.772571 0.123696 0.100571 0.196721
5 0.942286 0.704918 0.067429 0.199702
6 0.714286 0.892697 0.116571 0.089419
6 0.614286 0.758569 0.147429 0.125186
7 0.556571 0.587928 0.132571 0.123696
7 0.471429 0.512668 0.090286 0.092399
8 0.646286 0.745902 0.094857 0.111773
8 0.629714 0.371088 0.109714 0.137109
9 0.781714 0.420268 0.100571 0.149031
9 0.804571 0.309985 0.093714 0.101341
10 0.554286 0.427720 0.091429 0.149031
10 0.762857 0.607303 0.133714 0.087928
11 0.660000 0.217586 0.136000 0.062593
11 0.601143 0.821162 0.121143 0.065574
12 0.779429 0.482861 0.068571 0.131148
12 0.737714 0.301043 0.088000 0.128167
13 0.754857 0.590164 0.104000 0.068554
13 0.334857 0.617735 0.057143 0.144560
14 0.665143 0.365872 0.096000 0.064083
14 0.535429 0.771982 0.092571 0.056632
15 0.865143 0.159463 0.054857 0.095380
15 0.768000 0.614009 0.043429 0.122206
16 0.683429 0.722802 0.050286 0.125186
16 0.482286 0.667660 0.082286 0.089419
17 0.310286 0.802534 0.069714 0.099851
17 0.961143 0.315201 0.054857 0.084948
18 0.477714 0.605067 0.073143 0.044709
18 0.640000 0.409091 0.043429 0.093890
19 0.771429 0.807004 0.066286 0.052161
19 0.584571 0.464978 0.035429 0.095380
20 0.411429 0.722057 0.052571 0.055142
20 0.414286 0.643815 0.060571 0.050671
21 0.542286 0.657973 0.056000 0.073025
21 0.441143 0.698957 0.061714 0.041729
22 0.659429 0.926230 0.116571 0.076006
23 0.744571 0.834575 0.051429 0.050671