0 0.565079 0.836817 0.155556 0.242765
0 0.726984 0.873794 0.155556 0.146302
1 0.507143 0.733923 0.239683 0.110932
1 0.192063 0.331190 0.187302 0.199357
2 0.341270 0.721865 0.177778 0.125402
2 0.780159 0.276527 0.214286 0.186495
3 0.447619 0.797428 0.193651 0.199357
3 0.304762 0.463826 0.139683 0.130225
4 0.900794 0.511254 0.112698 0.128617
4 0.890476 0.656752 0.117460 0.143087
5 0.554762 0.135048 0.065079 0.212219
5 0.418254 0.134244 0.176190 0.146302
6 0.303968 0.122990 0.192063 0.139871
6 0.728571 0.532958 0.203175 0.075563
7 0.570635 0.366559 0.169841 0.064309
7 0.779365 0.443730 0.066667 0.163987
8 0.371429 0.820740 0.168254 0.062701
8 0.668254 0.172830 0.120635 0.139871
9 0.834127 0.354502 0.160317 0.053055
9 0.472222 0.193730 0.106349 0.162379
10 0.504762 0.114148 0.082540 0.163987
10 0.698413 0.254823 0.104762 0.149518
11 0.834127 0.730707 0.166667 0.088424
11 0.673016 0.506431 0.155556 0.125402
12 0.735714 0.702572 0.049206 0.144695
12 0.670635 0.209003 0.138095 0.083601
13 0.344444 0.294212 0.117460 0.080386
13 0.825397 0.419614 0.155556 0.051447
14 0.109524 0.509646 0.098413 0.141479
14 0.584127 0.520900 0.066667 0.115756
15 0.623016 0.119775 0.093651 0.088424
15 0.424603 0.638264 0.058730 0.109325
16 0.333333 0.611736 0.069841 0.104502
16 0.261111 0.296624 0.093651 0.098071
17 0.540476 0.516881 0.049206 0.101286
17 0.214286 0.651125 0.098413 0.086817
18 0.631746 0.598071 0.069841 0.077170
18 0.216667 0.364148 0.087302 0.053055
19 0.694444 0.492765 0.080952 0.081994
19 0.471429 0.508039 0.050794 0.086817
20 0.769048 0.319936 0.074603 0.045016
20 0.423810 0.509646 0.047619 0.064309
21 0.576190 0.647910 0.057143 0.086817
21 0.495238 0.419614 0.060317 0.077170
22 0.768254 0.225884 0.123810 0.133441
22 0.273810 0.459807 0.163492 0.122186