0 0.367958 0.567814 0.130282 0.273279
0 0.292254 0.651822 0.144366 0.133603
1 0.617958 0.396761 0.172535 0.259109
1 0.410211 0.470648 0.172535 0.240891
2 0.533451 0.690283 0.151408 0.210526
2 0.585387 0.526316 0.128521 0.153846
3 0.839789 0.706478 0.169014 0.190283
3 0.567782 0.374494 0.216549 0.137652
4 0.404930 0.814777 0.095070 0.208502
4 0.470070 0.155870 0.109155 0.194332
5 0.693662 0.711538 0.133803 0.200405
5 0.296655 0.493927 0.107394 0.210526
6 0.288732 0.790486 0.147887 0.176113
6 0.297535 0.730769 0.179577 0.137652
7 0.778169 0.543522 0.169014 0.082996
7 0.517606 0.786437 0.154930 0.107287
8 0.602113 0.729757 0.140845 0.127530
8 0.398768 0.465587 0.093310 0.165992
9 0.374120 0.336032 0.128521 0.109312
9 0.830106 0.649798 0.079225 0.190283
10 0.686620 0.595142 0.154930 0.080972
10 0.238556 0.424089 0.125000 0.074899
11 0.580106 0.649798 0.125000 0.093117
11 0.450704 0.667004 0.084507 0.172065
12 0.307218 0.361336 0.121479 0.078947
12 0.230634 0.246964 0.133803 0.060729
13 0.201585 0.581984 0.110915 0.119433
13 0.368838 0.321862 0.072183 0.141700
14 0.395246 0.813765 0.132042 0.085020
14 0.326585 0.493927 0.086268 0.153846
15 0.125880 0.264170 0.100352 0.115385
15 0.679577 0.787449 0.059859 0.113360
16 0.445423 0.325911 0.052817 0.117409
16 0.558979 0.575911 0.065141 0.123482
17 0.193662 0.288462 0.098592 0.054656
17 0.203345 0.656883 0.103873 0.050607
18 0.180458 0.780364 0.086268 0.078947
18 0.635563 0.745951 0.077465 0.087045
19 0.792254 0.850202 0.084507 0.101215
19 0.167254 0.544534 0.095070 0.056680
20 0.228873 0.754049 0.070423 0.050607
20 0.301937 0.935223 0.079225 0.064777
21 0.272887 0.306680 0.080986 0.058704
21 0.174296 0.460526 0.084507 0.062753
22 0.361796 0.233806 0.142606 0.111336
22 0.299296 0.484818 0.172535 0.062753