0 0.122533 0.425388 0.100329 0.265504
0 0.574836 0.622093 0.238487 0.065891
1 0.393914 0.769380 0.169408 0.189922
1 0.489309 0.716085 0.192434 0.149225
2 0.902961 0.478682 0.141447 0.186047
2 0.676809 0.390504 0.110197 0.133721
3 0.367599 0.437016 0.136513 0.153101
3 0.415296 0.514535 0.179276 0.075581
4 0.601974 0.690891 0.154605 0.094961
4 0.137336 0.604651 0.087171 0.193798
5 0.631579 0.429264 0.082237 0.184109
5 0.084704 0.248062 0.143092 0.131783
6 0.203947 0.441860 0.065789 0.166667
6 0.510691 0.334302 0.097039 0.160853
7 0.470395 0.461240 0.138158 0.081395
7 0.476151 0.574612 0.133224 0.075581
8 0.655428 0.528101 0.123355 0.087209
8 0.623355 0.737403 0.118421 0.063953
9 0.769737 0.450581 0.055921 0.160853
9 0.407072 0.199612 0.103618 0.147287
10 0.313322 0.141473 0.080592 0.131783
10 0.582237 0.419574 0.098684 0.145349
11 0.530428 0.781977 0.120066 0.075581
11 0.831414 0.478682 0.070724 0.135659
12 0.430921 0.341085 0.101974 0.081395
12 0.464638 0.601744 0.080592 0.129845
13 0.518092 0.505814 0.072368 0.116279
13 0.380757 0.628876 0.067434 0.118217
14 0.652138 0.344961 0.074013 0.120155
14 0.519737 0.412791 0.092105 0.050388
15 0.589638 0.534884 0.070724 0.096899
15 0.328947 0.625969 0.092105 0.054264
16 0.350329 0.398256 0.052632 0.102713
16 0.280428 0.429264 0.067434 0.098837
17 0.496711 0.866279 0.078947 0.081395
17 0.147204 0.406977 0.057566 0.093023
18 0.564967 0.566860 0.047697 0.083333
18 0.490132 0.686047 0.065789 0.046512
19 0.638158 0.112403 0.062500 0.089147
19 0.277961 0.283915 0.075658 0.067829
20 0.276316 0.510659 0.052632 0.071705
20 0.611020 0.419574 0.057566 0.056202
21 0.384868 0.098837 0.072368 0.065891
21 0.397204 0.451550 0.047697 0.081395
22 0.677632 0.758721 0.105263 0.133721
22 0.476151 0.574612 0.133224 0.075581
23 0.499178 0.639535 0.050987 0.073643