0 0.464164 0.885179 0.174061 0.148208
0 0.422355 0.437296 0.165529 0.167752
1 0.889932 0.488599 0.168942 0.198697
1 0.837884 0.557818 0.136519 0.161238
2 0.661263 0.462541 0.264505 0.172638
2 0.173208 0.302932 0.117747 0.188925
3 0.874573 0.385993 0.114334 0.263844
3 0.721843 0.395765 0.133106 0.244300
4 0.348976 0.480456 0.127986 0.146580
4 0.779863 0.574919 0.119454 0.146580
5 0.612628 0.563518 0.112628 0.156352
5 0.659556 0.289902 0.097270 0.172638
6 0.174061 0.526873 0.187713 0.105863
6 0.849829 0.723127 0.184300 0.091205
7 0.531570 0.481270 0.114334 0.167752
7 0.337884 0.127036 0.085324 0.153094
8 0.203072 0.574919 0.156997 0.087948
8 0.628840 0.806189 0.090444 0.084691
9 0.707338 0.887622 0.168942 0.078176
9 0.135666 0.278502 0.141638 0.091205
10 0.384812 0.806189 0.104096 0.110749
10 0.481229 0.462541 0.092150 0.159609
11 0.279863 0.263029 0.119454 0.131922
11 0.719283 0.778502 0.158703 0.061889
12 0.530717 0.911238 0.143345 0.050489
12 0.143345 0.165309 0.061433 0.164495
13 0.532423 0.325733 0.136519 0.091205
13 0.585324 0.521173 0.136519 0.081433
14 0.361775 0.424267 0.116041 0.096091
14 0.331058 0.382736 0.136519 0.094463
15 0.649317 0.384365 0.080205 0.104235
15 0.610922 0.819218 0.105802 0.097720
16 0.441980 0.779316 0.075085 0.112378
16 0.782423 0.579805 0.063140 0.114007
17 0.465870 0.223941 0.105802 0.053746
17 0.439420 0.071661 0.066553 0.107492
18 0.153584 0.653094 0.085324 0.081433
18 0.825085 0.688925 0.110922 0.045603
19 0.463311 0.595277 0.100683 0.057003
19 0.207338 0.108306 0.073379 0.096091
20 0.412116 0.210912 0.093857 0.063518
20 0.192833 0.543160 0.075085 0.060261
21 0.276451 0.536645 0.068259 0.076547
21 0.197099 0.479642 0.104096 0.053746
22 0.174915 0.855049 0.209898 0.100977
22 0.507679 0.199511 0.093857 0.151466