0 0.660377 0.712062 0.207547 0.256809
0 0.673585 0.454280 0.154717 0.165370
1 0.152830 0.502918 0.211321 0.161479
1 0.587736 0.506809 0.115094 0.188716
2 0.347170 0.183852 0.222642 0.184825
2 0.273585 0.223735 0.162264 0.249027
3 0.821698 0.408560 0.145283 0.182879
3 0.485849 0.200389 0.156604 0.116732
4 0.253774 0.349222 0.164151 0.165370
4 0.219811 0.344358 0.179245 0.210117
5 0.286792 0.656615 0.177358 0.165370
5 0.360377 0.805447 0.105660 0.143969
6 0.647170 0.635214 0.237736 0.107004
6 0.450000 0.714981 0.133962 0.204280
7 0.234906 0.636187 0.084906 0.186770
7 0.267925 0.655642 0.116981 0.155642
8 0.657547 0.272374 0.130189 0.112840
8 0.643396 0.374514 0.079245 0.192607
9 0.425472 0.850195 0.145283 0.140078
9 0.409434 0.848249 0.196226 0.058366
10 0.684906 0.324903 0.166038 0.081712
10 0.479245 0.482490 0.181132 0.101167
11 0.434906 0.445525 0.084906 0.178988
11 0.527358 0.112840 0.167925 0.120623
12 0.215094 0.661479 0.132075 0.073930
12 0.799057 0.727626 0.081132 0.163424
13 0.691509 0.200389 0.115094 0.124514
13 0.366038 0.558366 0.071698 0.140078
14 0.517925 0.850195 0.096226 0.120623
14 0.837736 0.387160 0.143396 0.085603
15 0.575472 0.301556 0.120755 0.089494
15 0.370755 0.415370 0.122642 0.060311
16 0.488679 0.773346 0.116981 0.064202
16 0.434906 0.640078 0.103774 0.101167
17 0.403774 0.237354 0.056604 0.108949
17 0.489623 0.665370 0.103774 0.054475
18 0.522642 0.714008 0.098113 0.058366
18 0.289623 0.759728 0.054717 0.095331
19 0.405660 0.341440 0.094340 0.071984
19 0.309434 0.809339 0.079245 0.081712
20 0.507547 0.543774 0.052830 0.079767
20 0.685849 0.500000 0.069811 0.070039
21 0.305660 0.539883 0.075472 0.071984
21 0.406604 0.633268 0.077358 0.060311
22 0.177358 0.869650 0.124528 0.120623
22 0.816981 0.539883 0.203774 0.103113