0 0.204433 0.366368 0.175698 0.195652
0 0.663383 0.163683 0.167488 0.145780
1 0.813629 0.677110 0.188834 0.198210
1 0.697865 0.500639 0.154351 0.241688
2 0.888342 0.470588 0.213465 0.094629
3 0.256979 0.601662 0.215107 0.116368
3 0.825944 0.514706 0.167488 0.134271
4 0.592775 0.709719 0.128079 0.112532
4 0.724959 0.202685 0.136289 0.162404
5 0.771757 0.294118 0.210181 0.074169
5 0.276683 0.446931 0.211823 0.093350
6 0.645320 0.546675 0.167488 0.136829
6 0.637110 0.762788 0.206897 0.083120
7 0.468801 0.281969 0.100164 0.144501
7 0.141215 0.722506 0.128079 0.086957
8 0.332512 0.695652 0.113300 0.127877
8 0.584565 0.131074 0.170772 0.113811
9 0.447455 0.690537 0.175698 0.084399
9 0.142857 0.885550 0.085386 0.136829
10 0.392447 0.357417 0.091954 0.090793
10 0.211823 0.457161 0.157635 0.108696
11 0.440887 0.144501 0.080460 0.127877
12 0.545156 0.305627 0.157635 0.048593
12 0.069787 0.842072 0.077176 0.118926
13 0.834154 0.397698 0.154351 0.048593
13 0.408867 0.491688 0.059113 0.126598
14 0.165846 0.815217 0.055829 0.118926
14 0.665846 0.457161 0.116585 0.085678
15 0.605911 0.409207 0.134647 0.046036
15 0.707718 0.234655 0.082102 0.103581
16 0.663383 0.060742 0.131363 0.062660
16 0.651888 0.136189 0.072250 0.057545
17 0.798851 0.578645 0.080460 0.078005
17 0.481938 0.193734 0.073892 0.090793
18 0.780788 0.049872 0.113300 0.063939
18 0.696223 0.424552 0.062397 0.071611
19 0.621511 0.484015 0.073892 0.075448
19 0.244663 0.524297 0.108374 0.048593
20 0.786535 0.301790 0.075534 0.038363
20 0.587028 0.340793 0.067323 0.047315
21 0.436782 0.342072 0.065681 0.070332
21 0.500821 0.709719 0.068966 0.058824
22 0.451560 0.703964 0.095238 0.157289
23 0.775862 0.336317 0.090312 0.040921