0 0.586059 0.722222 0.146299 0.166667
0 0.726334 0.601496 0.092943 0.181624
1 0.722892 0.616453 0.230637 0.177350
1 0.160069 0.701923 0.161790 0.352564
2 0.353701 0.873932 0.239243 0.102564
2 0.221170 0.758547 0.187608 0.256410
3 0.605852 0.099359 0.196213 0.130342
3 0.643718 0.239316 0.185886 0.222222
4 0.354561 0.313034 0.144578 0.258547
4 0.404475 0.696581 0.141136 0.243590
5 0.475904 0.280983 0.135972 0.237179
5 0.182444 0.772436 0.240964 0.147436
6 0.809811 0.290598 0.060241 0.226496
6 0.148021 0.535256 0.110155 0.190171
7 0.664372 0.414530 0.099828 0.209402
7 0.586059 0.712607 0.156627 0.181624
8 0.646299 0.685897 0.080895 0.196581
8 0.635112 0.483974 0.086059 0.194444
9 0.413081 0.423077 0.120482 0.188034
9 0.662651 0.367521 0.099828 0.128205
10 0.214286 0.410256 0.163511 0.149573
10 0.684165 0.208333 0.125645 0.164530
11 0.890706 0.474359 0.156627 0.089744
11 0.738382 0.396368 0.068847 0.207265
12 0.650602 0.801282 0.130809 0.111111
12 0.380379 0.602564 0.089501 0.141026
13 0.384682 0.689103 0.139415 0.096154
13 0.669535 0.362179 0.096386 0.126068
14 0.298623 0.603632 0.087780 0.155983
14 0.499139 0.621795 0.048193 0.183761
15 0.512048 0.355769 0.070568 0.147436
15 0.529260 0.541667 0.070568 0.130342
16 0.448365 0.586538 0.074010 0.113248
16 0.208262 0.335470 0.123924 0.081197
17 0.571429 0.929487 0.117040 0.081197
17 0.466437 0.412393 0.048193 0.123932
18 0.472461 0.740385 0.070568 0.087607
18 0.752151 0.677350 0.068847 0.085470
19 0.602410 0.135684 0.075731 0.096154
19 0.810671 0.604701 0.079174 0.081197
20 0.392427 0.504274 0.079174 0.076923
20 0.574010 0.478632 0.067126 0.064103
21 0.234940 0.685897 0.077453 0.089744
21 0.781411 0.401709 0.061962 0.094017
22 0.610155 0.246795 0.156627 0.117521
22 0.861446 0.373932 0.080895 0.145299