0 0.218884 0.294369 0.131617 0.315700
0 0.145923 0.578498 0.188841 0.201365
1 0.780401 0.431741 0.224607 0.167235
1 0.821173 0.493174 0.077253 0.310580
2 0.414163 0.702218 0.124464 0.223549
2 0.848355 0.718430 0.171674 0.184300
3 0.635193 0.803754 0.154506 0.180887
3 0.687411 0.612628 0.173104 0.116041
4 0.285408 0.187713 0.158798 0.191126
4 0.466381 0.228669 0.077253 0.232082
5 0.781116 0.128840 0.154506 0.158703
5 0.145923 0.783276 0.180258 0.092150
6 0.479256 0.284983 0.123033 0.187713
6 0.601574 0.867747 0.070100 0.196246
7 0.829757 0.527304 0.151645 0.078498
7 0.788984 0.767918 0.141631 0.088737
8 0.460658 0.528157 0.123033 0.093857
8 0.732475 0.310580 0.057225 0.191126
9 0.408441 0.388225 0.087268 0.179181
9 0.211731 0.874573 0.071531 0.158703
10 0.355508 0.705631 0.141631 0.104096
10 0.686695 0.321672 0.071531 0.162116
11 0.505722 0.384812 0.155937 0.073379
11 0.919886 0.280717 0.085837 0.151877
12 0.934192 0.494027 0.085837 0.090444
12 0.449213 0.633106 0.071531 0.105802
13 0.635908 0.232935 0.075823 0.141638
13 0.846924 0.117747 0.128755 0.058020
14 0.645923 0.410410 0.081545 0.141638
14 0.784692 0.324232 0.127325 0.058020
15 0.160229 0.377133 0.080114 0.129693
15 0.848355 0.812287 0.103004 0.054608
16 0.398426 0.857509 0.113019 0.087031
16 0.521459 0.557167 0.115880 0.052901
17 0.768240 0.211604 0.080114 0.088737
17 0.877682 0.477816 0.041488 0.112628
18 0.626609 0.324232 0.082976 0.075085
18 0.484263 0.676621 0.081545 0.049488
19 0.500715 0.854096 0.060086 0.093857
19 0.115880 0.540102 0.077253 0.069966
20 0.725322 0.700512 0.040057 0.083618
20 0.788984 0.601536 0.067239 0.066553
21 0.424177 0.313993 0.047210 0.092150
21 0.132332 0.760239 0.081545 0.049488
22 0.494278 0.816553 0.107296 0.168942
22 0.765379 0.666382 0.105866 0.141638