0 0.628840 0.202915 0.162116 0.195067
0 0.355802 0.208520 0.226962 0.165919
1 0.657850 0.718610 0.230375 0.168161
1 0.360068 0.332960 0.133106 0.329596
2 0.836177 0.445067 0.191126 0.329596
2 0.743174 0.704036 0.114334 0.358744
3 0.197952 0.690583 0.139932 0.318386
3 0.735495 0.438341 0.153584 0.316143
4 0.669795 0.841928 0.264505 0.230942
4 0.668089 0.484305 0.220137 0.278027
5 0.792662 0.609865 0.158703 0.152466
5 0.169795 0.399103 0.223549 0.130045
6 0.142491 0.431614 0.080205 0.302691
6 0.509386 0.903587 0.226962 0.139013
7 0.215870 0.595291 0.093857 0.244395
7 0.474403 0.595291 0.078498 0.262332
8 0.459898 0.469731 0.087031 0.253363
8 0.314846 0.411435 0.097270 0.195067
9 0.344710 0.713004 0.085324 0.255605
9 0.798635 0.200673 0.098976 0.190583
10 0.730375 0.230942 0.081911 0.255605
10 0.771331 0.456278 0.197952 0.082960
11 0.505973 0.812780 0.093857 0.239910
11 0.844710 0.263453 0.085324 0.248879
12 0.266212 0.493274 0.122867 0.116592
12 0.558874 0.461883 0.162116 0.080717
13 0.525597 0.573991 0.102389 0.125561
13 0.512799 0.663677 0.100683 0.165919
14 0.408703 0.394619 0.124573 0.080717
14 0.505973 0.276906 0.059727 0.208520
15 0.635666 0.358744 0.087031 0.152466
15 0.606655 0.624439 0.117747 0.082960
16 0.328498 0.707399 0.121160 0.136771
16 0.332765 0.566143 0.051195 0.181614
17 0.256826 0.793722 0.076792 0.152466
17 0.436007 0.799327 0.063140 0.154709
18 0.265358 0.617713 0.087031 0.087444
18 0.678328 0.661435 0.052901 0.125561
19 0.464164 0.422646 0.105802 0.069507
19 0.437713 0.281390 0.059727 0.141256
20 0.620307 0.411435 0.063140 0.082960
20 0.661263 0.571749 0.046075 0.089686
21 0.418942 0.654709 0.073379 0.107623
21 0.377133 0.535874 0.068259 0.067265
22 0.442833 0.284753 0.182594 0.076233
23 0.534983 0.511211 0.073379 0.089686