0 0.360161 0.734848 0.169014 0.245455
0 0.197183 0.299242 0.221328 0.143939
1 0.688129 0.581818 0.225352 0.133333
1 0.682093 0.407576 0.265594 0.118182
2 0.591549 0.218182 0.261569 0.124242
2 0.709256 0.386364 0.271630 0.090909
3 0.806841 0.716667 0.152918 0.184848
3 0.806841 0.571212 0.164990 0.178788
4 0.613682 0.485606 0.189135 0.143939
4 0.396378 0.665152 0.156942 0.184848
5 0.177062 0.443182 0.140845 0.146970
5 0.370221 0.509848 0.092555 0.189394
6 0.688129 0.526515 0.136821 0.146970
6 0.560362 0.887879 0.122736 0.175758
7 0.549296 0.644697 0.096579 0.159091
7 0.693159 0.650000 0.102616 0.151515
8 0.216298 0.775000 0.179074 0.113636
8 0.194165 0.396970 0.058350 0.145455
9 0.350101 0.112879 0.100604 0.143939
9 0.772636 0.484091 0.181087 0.098485
10 0.507042 0.378030 0.160966 0.092424
10 0.540241 0.298485 0.146881 0.087879
11 0.232394 0.652273 0.162978 0.116667
11 0.672032 0.883333 0.201207 0.087879
12 0.892354 0.853788 0.078471 0.134848
12 0.237425 0.703788 0.080483 0.122727
13 0.395372 0.219697 0.118712 0.112121
13 0.320926 0.319697 0.086519 0.133333
14 0.261569 0.099242 0.132797 0.110606
14 0.512072 0.887121 0.082495 0.110606
15 0.765594 0.711364 0.062374 0.095455
15 0.376258 0.887879 0.120724 0.118182
16 0.692153 0.926515 0.140845 0.074242
16 0.514085 0.337121 0.062374 0.062121
17 0.272636 0.417424 0.110664 0.083333
17 0.494970 0.239394 0.120724 0.054545
18 0.149899 0.573485 0.114688 0.046970
18 0.697183 0.787879 0.122736 0.048485
19 0.358149 0.182576 0.096579 0.071212
19 0.428571 0.132576 0.116700 0.043939
20 0.807847 0.778030 0.078471 0.062121
20 0.350101 0.226515 0.072435 0.056061
21 0.392354 0.418182 0.080483 0.066667
21 0.519115 0.261364 0.088531 0.040909
22 0.421529 0.307576 0.167002 0.072727
22 0.343058 0.453788 0.179074 0.122727