0 0.525237 0.689338 0.119874 0.312500
0 0.467666 0.215993 0.291798 0.119485
1 0.123028 0.465074 0.154574 0.246324
1 0.463722 0.884191 0.299685 0.091912
2 0.564669 0.273897 0.198738 0.117647
2 0.235804 0.096507 0.102524 0.167279
3 0.514196 0.431985 0.126183 0.213235
3 0.324921 0.161765 0.091483 0.216912
4 0.649054 0.921875 0.228707 0.126838
4 0.762618 0.523897 0.184543 0.136029
5 0.654574 0.743566 0.151420 0.200368
5 0.241325 0.680147 0.116719 0.209559
6 0.865142 0.549632 0.121451 0.209559
6 0.757886 0.798713 0.168770 0.163603
7 0.112776 0.387868 0.061514 0.216912
7 0.594637 0.579044 0.176656 0.058824
8 0.473186 0.193015 0.119874 0.191176
8 0.617508 0.480699 0.077287 0.167279
9 0.337539 0.742647 0.063091 0.198529
9 0.268927 0.298713 0.130915 0.134191
10 0.636435 0.650735 0.159306 0.084559
10 0.869085 0.376838 0.173502 0.066176
11 0.868297 0.354779 0.055205 0.198529
11 0.429811 0.359375 0.108833 0.152574
12 0.291009 0.174632 0.111987 0.077206
12 0.753943 0.619485 0.072555 0.158088
13 0.237382 0.550551 0.124606 0.071691
13 0.409306 0.373162 0.124606 0.062500
14 0.779968 0.786765 0.077287 0.169118
14 0.701893 0.760110 0.075710 0.141544
15 0.466877 0.613971 0.091483 0.088235
15 0.685331 0.386949 0.096215 0.108456
16 0.477129 0.694853 0.052050 0.125000
16 0.697161 0.754596 0.123028 0.068015
17 0.275237 0.415441 0.096215 0.099265
17 0.462145 0.562500 0.097792 0.062500
18 0.377760 0.625919 0.093060 0.064338
18 0.401420 0.740809 0.089905 0.077206
19 0.731073 0.373162 0.089905 0.077206
19 0.904574 0.640625 0.052050 0.112132
20 0.251577 0.331801 0.083596 0.056985
20 0.384069 0.322610 0.058360 0.060662
21 0.354890 0.306985 0.050473 0.088235
21 0.585174 0.716912 0.072555 0.066176
22 0.801262 0.284926 0.091483 0.143382
22 0.440063 0.455882 0.091483 0.102941