0 0.100352 0.651229 0.120892 0.194707
0 0.550469 0.746692 0.138498 0.155009
1 0.360915 0.520794 0.196009 0.103970
1 0.372066 0.318526 0.129108 0.168242
2 0.866197 0.253308 0.103286 0.238185
2 0.609742 0.299622 0.080986 0.179584
3 0.440141 0.237240 0.143192 0.213611
3 0.830399 0.416824 0.144366 0.119093
4 0.713028 0.155955 0.151408 0.156900
4 0.425469 0.526465 0.123239 0.137996
5 0.301056 0.730624 0.132629 0.198488
5 0.734742 0.534026 0.126761 0.149338
6 0.538732 0.209830 0.072770 0.173913
6 0.399648 0.726843 0.085681 0.232514
7 0.716549 0.310964 0.076291 0.202268
7 0.429577 0.767486 0.129108 0.071834
8 0.186033 0.530246 0.078638 0.153119
8 0.446009 0.675803 0.115023 0.081285
9 0.214789 0.610586 0.056338 0.189036
9 0.542254 0.603970 0.065728 0.194707
10 0.259390 0.611531 0.077465 0.183365
10 0.471244 0.379962 0.036385 0.189036
11 0.932512 0.220227 0.064554 0.179584
11 0.732981 0.531191 0.118545 0.147448
12 0.328638 0.425331 0.103286 0.079395
12 0.107394 0.638941 0.057512 0.147448
13 0.203638 0.287335 0.059859 0.151229
13 0.309859 0.534026 0.058685 0.137996
14 0.174296 0.700378 0.034038 0.156900
14 0.716549 0.520794 0.059859 0.122873
15 0.328638 0.648393 0.084507 0.083176
15 0.164906 0.448960 0.085681 0.066163
16 0.268192 0.142722 0.059859 0.134216
16 0.571596 0.861059 0.068075 0.119093
17 0.205986 0.686200 0.043427 0.120983
17 0.316901 0.702268 0.039906 0.107750
18 0.445423 0.635161 0.059859 0.079395
18 0.433099 0.446125 0.061033 0.090737
19 0.242371 0.775992 0.064554 0.085066
19 0.502347 0.361059 0.061033 0.086957
20 0.260563 0.497164 0.051643 0.075614
20 0.285798 0.589792 0.055164 0.056711
21 0.500587 0.464083 0.043427 0.096408
21 0.478286 0.905482 0.064554 0.064272
22 0.494131 0.876181 0.122066 0.096408
23 0.673709 0.799622 0.051643 0.064272