0 0.165703 0.568493 0.300578 0.236791
0 0.569364 0.615460 0.144509 0.181996
1 0.807322 0.367906 0.092486 0.301370
1 0.707129 0.347358 0.215800 0.236791
2 0.319846 0.358121 0.104046 0.270059
2 0.695568 0.665362 0.069364 0.266145
3 0.535645 0.262231 0.235067 0.148728
3 0.243738 0.733855 0.275530 0.062622
4 0.137765 0.382583 0.175337 0.197652
4 0.425819 0.772994 0.134875 0.215264
5 0.408478 0.800391 0.173410 0.176125
5 0.788054 0.605675 0.177264 0.107632
6 0.222543 0.714286 0.113680 0.211350
6 0.658960 0.778865 0.104046 0.148728
7 0.357418 0.147750 0.167630 0.150685
7 0.392100 0.269080 0.179191 0.111546
8 0.468208 0.368885 0.142582 0.154599
8 0.481696 0.321918 0.154143 0.119374
9 0.446050 0.670254 0.082852 0.174168
9 0.569364 0.524462 0.167630 0.097847
10 0.254335 0.300391 0.096339 0.142857
10 0.429672 0.887476 0.138728 0.095890
11 0.737958 0.733855 0.165703 0.129159
11 0.654143 0.460861 0.190751 0.052838
12 0.780347 0.548924 0.146435 0.091977
12 0.866089 0.370841 0.052023 0.146771
13 0.585742 0.382583 0.092486 0.135029
13 0.447977 0.550881 0.098266 0.123288
14 0.714836 0.228963 0.134875 0.093933
14 0.448940 0.195695 0.150289 0.058708
15 0.683044 0.383562 0.075145 0.129159
15 0.305395 0.781800 0.086705 0.080235
16 0.167630 0.410959 0.100193 0.113503
16 0.115607 0.598826 0.138728 0.062622
17 0.495183 0.840509 0.077071 0.107632
17 0.124277 0.586106 0.055877 0.115460
18 0.784200 0.357143 0.061657 0.099804
18 0.618497 0.307241 0.100193 0.050881
19 0.392100 0.342466 0.078998 0.093933
19 0.649326 0.684932 0.061657 0.097847
20 0.184008 0.493151 0.094412 0.050881
20 0.511561 0.763209 0.067437 0.058708
21 0.615607 0.345401 0.086705 0.060665
21 0.460501 0.480431 0.092486 0.048924
22 0.228324 0.419765 0.186898 0.123288
23 0.533719 0.423679 0.077071 0.084149