0 0.393791 0.442431 0.091503 0.339019
0 0.130719 0.382729 0.127451 0.317697
1 0.316176 0.872068 0.207516 0.200426
1 0.287582 0.381663 0.166667 0.268657
2 0.910948 0.512793 0.129085 0.339019
2 0.665033 0.763326 0.160131 0.153518
3 0.526961 0.728145 0.116013 0.304904
3 0.731209 0.366738 0.086601 0.264392
4 0.811275 0.630064 0.116013 0.232409
4 0.480392 0.754797 0.153595 0.238806
5 0.659314 0.463753 0.142157 0.223881
5 0.711601 0.230277 0.122549 0.166311
6 0.490196 0.357143 0.101307 0.147122
6 0.672386 0.727079 0.060458 0.268657
7 0.573529 0.789979 0.065359 0.245203
7 0.162582 0.670576 0.083333 0.215352
8 0.500817 0.284648 0.129085 0.138593
8 0.731209 0.185501 0.161765 0.119403
9 0.418301 0.311301 0.058824 0.243070
9 0.258987 0.686567 0.168301 0.170576
10 0.806373 0.460554 0.096405 0.123667
10 0.151144 0.498934 0.148693 0.208955
11 0.612745 0.227079 0.094771 0.172708
11 0.587418 0.412580 0.050654 0.219616
12 0.723039 0.127932 0.145425 0.115139
12 0.704248 0.351812 0.124183 0.127932
13 0.269608 0.715352 0.052288 0.189765
13 0.812908 0.695096 0.076797 0.174840
14 0.504902 0.449893 0.147059 0.106610
14 0.533497 0.412580 0.089869 0.172708
15 0.741830 0.824094 0.120915 0.078891
15 0.810458 0.396588 0.055556 0.162047
16 0.507353 0.674840 0.066993 0.164179
16 0.486928 0.336887 0.055556 0.115139
17 0.732843 0.673774 0.096405 0.076759
17 0.828431 0.319829 0.071895 0.123667
18 0.098039 0.385928 0.065359 0.119403
18 0.644608 0.237740 0.053922 0.070362
19 0.416667 0.826226 0.065359 0.113006
19 0.542484 0.554371 0.081699 0.093817
20 0.580065 0.551173 0.068627 0.066098
20 0.619281 0.672708 0.065359 0.078891
21 0.225490 0.597015 0.098039 0.059701
21 0.488562 0.598081 0.081699 0.070362
22 0.879902 0.317697 0.063725 0.255864
23 0.360294 0.613006 0.047386 0.100213