0 0.555142 0.208621 0.147541 0.189655
0 0.460507 0.692241 0.184799 0.281034
1 0.278689 0.535345 0.140089 0.253448
1 0.770492 0.279310 0.116244 0.265517
2 0.458271 0.507759 0.207154 0.098276
2 0.517884 0.775862 0.147541 0.189655
3 0.094635 0.531897 0.120715 0.160345
3 0.502981 0.887931 0.204173 0.134483
4 0.302534 0.355172 0.113264 0.189655
4 0.318182 0.350000 0.192250 0.113793
5 0.292846 0.281897 0.171386 0.160345
5 0.514903 0.806897 0.144560 0.120690
6 0.289121 0.603448 0.089419 0.106897
6 0.852459 0.462069 0.047690 0.206897
7 0.292846 0.866379 0.076006 0.191379
7 0.529061 0.807759 0.092399 0.191379
8 0.166170 0.664655 0.084948 0.170690
8 0.469449 0.432759 0.053651 0.155172
9 0.676602 0.774138 0.137109 0.144828
9 0.574516 0.650000 0.138599 0.131034
10 0.304024 0.780172 0.107303 0.129310
10 0.897168 0.325000 0.050671 0.187931
11 0.766021 0.726724 0.074516 0.174138
11 0.604322 0.209483 0.147541 0.081034
12 0.720566 0.731897 0.055142 0.139655
12 0.669151 0.587069 0.110283 0.070690
13 0.866617 0.643103 0.114754 0.096552
13 0.575261 0.623276 0.116244 0.077586
14 0.765276 0.396552 0.046200 0.137931
14 0.537258 0.447414 0.099851 0.087931
15 0.386736 0.620690 0.090909 0.082759
15 0.809985 0.415517 0.058122 0.110345
16 0.619970 0.684483 0.107303 0.055172
16 0.551416 0.043103 0.122206 0.082759
17 0.732489 0.634483 0.087928 0.079310
17 0.815201 0.568103 0.047690 0.118966
18 0.710879 0.466379 0.071535 0.070690
18 0.349478 0.642241 0.084948 0.046552
19 0.478390 0.615517 0.059613 0.093103
19 0.716095 0.425000 0.076006 0.063793
20 0.713860 0.527586 0.068554 0.055172
20 0.391952 0.678448 0.053651 0.070690
21 0.625186 0.803448 0.076006 0.082759
21 0.608793 0.500862 0.049180 0.091379
22 0.430700 0.516379 0.059613 0.170690
23 0.154993 0.516379 0.068554 0.070690