0 0.320976 0.707981 0.305606 0.153567
0 0.508137 0.718259 0.130199 0.234583
1 0.798373 0.344015 0.139241 0.214027
1 0.663653 0.379081 0.144665 0.107618
2 0.541591 0.607013 0.218807 0.137848
2 0.673599 0.148730 0.128391 0.169287
3 0.567812 0.756348 0.227848 0.083434
3 0.207957 0.827086 0.191682 0.142684
4 0.542495 0.848851 0.184448 0.142684
4 0.639241 0.229746 0.265823 0.062878
5 0.570524 0.697098 0.240506 0.047158
5 0.477396 0.056832 0.245931 0.045949
6 0.358047 0.762999 0.090416 0.145103
6 0.801085 0.627570 0.209765 0.082225
7 0.808318 0.802297 0.173599 0.117291
7 0.660036 0.874244 0.206148 0.050786
8 0.806510 0.693470 0.079566 0.124547
8 0.518987 0.143894 0.122966 0.108827
9 0.906872 0.362757 0.099458 0.118501
9 0.440325 0.428053 0.179024 0.062878
10 0.259494 0.490326 0.077758 0.141475
10 0.254069 0.961911 0.226040 0.049577
11 0.593128 0.458283 0.155515 0.094317
11 0.769439 0.395405 0.092224 0.120919
12 0.665461 0.773881 0.159132 0.043531
12 0.127486 0.856711 0.084991 0.105200
13 0.792043 0.503023 0.159132 0.060459
13 0.237794 0.646917 0.066908 0.103990
14 0.705244 0.302297 0.068716 0.096735
14 0.092224 0.835550 0.061483 0.101572
15 0.858951 0.401451 0.097649 0.084643
15 0.818264 0.553809 0.113924 0.070133
16 0.505425 0.937122 0.139241 0.074970
16 0.533454 0.360339 0.112116 0.070133
17 0.447559 0.087666 0.099458 0.059250
17 0.679024 0.448005 0.117541 0.049577
18 0.602170 0.175333 0.083183 0.070133
19 0.704340 0.583434 0.117541 0.056832
19 0.714286 0.671705 0.108499 0.049577
20 0.342676 0.585248 0.095841 0.048368
20 0.858047 0.529021 0.081374 0.054414
21 0.421338 0.778718 0.065099 0.058041
21 0.695298 0.811971 0.077758 0.054414
22 0.610307 0.524788 0.175407 0.106409
23 0.827306 0.322249 0.077758 0.064087