0 0.506135 0.325301 0.242331 0.140562
0 0.148006 0.316265 0.096626 0.331325
1 0.259969 0.662651 0.161043 0.172691
1 0.726227 0.517068 0.118098 0.295181
2 0.260736 0.308233 0.067485 0.267068
2 0.272239 0.329317 0.148773 0.176707
3 0.814417 0.699799 0.156442 0.114458
3 0.666411 0.328313 0.127301 0.234940
4 0.578221 0.366466 0.082822 0.230924
4 0.643405 0.340361 0.090491 0.214859
5 0.176380 0.780120 0.116564 0.202811
5 0.595092 0.722892 0.122699 0.192771
6 0.342791 0.176707 0.111963 0.160643
6 0.680215 0.362450 0.065951 0.214859
7 0.203988 0.582329 0.131902 0.124498
7 0.227761 0.471888 0.145706 0.092369
8 0.875767 0.334337 0.122699 0.170683
8 0.425613 0.707831 0.111963 0.126506
9 0.572086 0.466867 0.104294 0.162651
9 0.424847 0.284137 0.104294 0.146586
10 0.771472 0.450803 0.138037 0.098394
10 0.363497 0.401606 0.144172 0.100402
11 0.388804 0.468876 0.133436 0.082329
11 0.223160 0.472892 0.099693 0.150602
12 0.483896 0.490964 0.105828 0.094378
12 0.338190 0.570281 0.102761 0.068273
13 0.355828 0.761044 0.079755 0.124498
13 0.459356 0.889558 0.108896 0.088353
14 0.515337 0.674699 0.085890 0.120482
14 0.726994 0.645582 0.067485 0.130522
15 0.450153 0.202811 0.105828 0.076305
15 0.500767 0.278112 0.093558 0.070281
16 0.500767 0.556225 0.099693 0.076305
16 0.789110 0.833333 0.102761 0.064257
17 0.435583 0.813253 0.052147 0.112450
17 0.258436 0.762048 0.062883 0.110442
18 0.414877 0.649598 0.084356 0.074297
18 0.447086 0.609438 0.047546 0.098394
19 0.528374 0.846386 0.081288 0.074297
19 0.589724 0.608434 0.050613 0.104418
20 0.791411 0.512048 0.055215 0.084337
20 0.621933 0.681727 0.069018 0.058233
21 0.292945 0.610442 0.049080 0.096386
21 0.296012 0.856426 0.067485 0.078313
22 0.731595 0.554217 0.113497 0.132530
22 0.334356 0.611446 0.085890 0.194779