0 0.679539 0.847185 0.247967 0.117962
0 0.305556 0.733914 0.201897 0.111260
1 0.556233 0.808981 0.191057 0.175603
1 0.115176 0.197051 0.170732 0.217158
2 0.312331 0.120643 0.077236 0.190349
2 0.355014 0.713137 0.132791 0.150134
3 0.665989 0.134048 0.139566 0.155496
3 0.510163 0.345174 0.128726 0.143432
4 0.564363 0.222520 0.136856 0.147453
4 0.694444 0.668231 0.060976 0.197051
5 0.663279 0.587802 0.066396 0.172922
5 0.811653 0.228552 0.124661 0.127346
6 0.705962 0.891421 0.102981 0.128686
6 0.737127 0.533512 0.048780 0.168901
7 0.188347 0.380697 0.075881 0.128686
7 0.514905 0.172252 0.130081 0.076408
8 0.093496 0.399464 0.132791 0.067024
8 0.899729 0.371984 0.078591 0.119303
9 0.565041 0.508713 0.124661 0.071046
9 0.501355 0.475201 0.075881 0.124665
10 0.850949 0.543566 0.054201 0.146113
10 0.367209 0.504021 0.111111 0.099196
11 0.275745 0.396113 0.090786 0.113941
11 0.510163 0.577078 0.107046 0.100536
12 0.315718 0.465147 0.105691 0.067024
12 0.528455 0.672922 0.078591 0.085791
13 0.266938 0.564343 0.108401 0.064343
13 0.250000 0.154826 0.101626 0.065684
14 0.593496 0.594504 0.094851 0.049598
14 0.502710 0.124665 0.113821 0.050938
15 0.695799 0.781501 0.093496 0.053619
15 0.653117 0.533512 0.043360 0.093834
16 0.418699 0.349196 0.084011 0.079088
16 0.574526 0.509383 0.092141 0.045576
17 0.668022 0.189678 0.043360 0.081769
17 0.168022 0.058311 0.092141 0.049598
18 0.754065 0.634718 0.079946 0.044236
18 0.239837 0.201743 0.067751 0.065684
19 0.565718 0.347855 0.077236 0.065684
19 0.441057 0.786863 0.071816 0.056300
20 0.501355 0.326408 0.056911 0.046917
20 0.559621 0.567024 0.054201 0.037534
21 0.897696 0.530161 0.044715 0.065684
21 0.347561 0.167560 0.047425 0.064343
22 0.246612 0.476542 0.078591 0.105898
22 0.370596 0.297587 0.069106 0.136729