0 0.286674 0.684349 0.167973 0.122899
0 0.246361 0.350315 0.147816 0.116597
1 0.146137 0.110294 0.157895 0.142857
1 0.500000 0.617122 0.146697 0.148109
2 0.743001 0.552521 0.137738 0.117647
2 0.509518 0.336660 0.051512 0.141807
3 0.071109 0.085084 0.086226 0.138655
3 0.678052 0.907563 0.113102 0.155462
4 0.600224 0.292542 0.123180 0.093487
4 0.898096 0.410189 0.109742 0.135504
5 0.258119 0.576155 0.092945 0.114496
5 0.721725 0.309349 0.081747 0.080882
6 0.530235 0.459034 0.137738 0.052521
6 0.878499 0.122374 0.086226 0.122899
7 0.496641 0.199580 0.090705 0.092437
7 0.559351 0.619223 0.075028 0.110294
8 0.333707 0.688550 0.123180 0.068277
8 0.458567 0.691176 0.101904 0.090336
9 0.821389 0.313025 0.122060 0.077731
9 0.406495 0.479517 0.111982 0.051471
10 0.246920 0.319328 0.048152 0.107143
10 0.598544 0.430147 0.066069 0.097689
11 0.448488 0.379727 0.092945 0.076681
11 0.805711 0.471639 0.045913 0.113445
12 0.592945 0.273109 0.083987 0.071429
12 0.498880 0.682773 0.104143 0.058824
13 0.770997 0.506303 0.054871 0.086134
13 0.629899 0.608193 0.072788 0.067227
14 0.614782 0.342437 0.089586 0.035714
14 0.496641 0.729517 0.095185 0.049370
15 0.269317 0.491597 0.083987 0.044118
15 0.554871 0.602941 0.077268 0.054622
16 0.325868 0.640756 0.078387 0.063025
16 0.425532 0.764181 0.053751 0.070378
17 0.421613 0.593487 0.072788 0.056723
17 0.659574 0.508929 0.040314 0.070378
18 0.735722 0.395483 0.064950 0.055672
18 0.605823 0.623424 0.058231 0.049370
19 0.523516 0.774685 0.066069 0.045168
19 0.468645 0.771534 0.052632 0.057773
20 0.664614 0.597164 0.034714 0.051471
20 0.627660 0.431723 0.039194 0.048319
21 0.669653 0.651786 0.040314 0.055672
21 0.699888 0.594013 0.044793 0.051471
22 0.244681 0.772584 0.052632 0.122899
22 0.428891 0.339811 0.062710 0.095588