0 0.465296 0.394022 0.115681 0.144022
0 0.856684 0.588995 0.196658 0.256793
1 0.845758 0.765625 0.138817 0.172554
1 0.726221 0.365489 0.115681 0.163043
2 0.580334 0.433424 0.134961 0.108696
2 0.675450 0.906250 0.163239 0.097826
3 0.447943 0.834239 0.122108 0.122283
3 0.285347 0.203125 0.149100 0.213315
4 0.121465 0.548913 0.206941 0.073370
4 0.672879 0.798913 0.163239 0.111413
5 0.892674 0.557065 0.145244 0.184783
5 0.780206 0.466033 0.123393 0.133152
6 0.653599 0.514266 0.080977 0.188859
6 0.514139 0.508832 0.179949 0.072011
7 0.390103 0.080163 0.129820 0.100543
7 0.424165 0.864810 0.115681 0.131793
8 0.388175 0.432065 0.097686 0.144022
8 0.134319 0.497962 0.155527 0.055707
9 0.446658 0.264266 0.088689 0.118207
9 0.544344 0.791440 0.096401 0.183424
10 0.779563 0.784647 0.065553 0.186141
10 0.522494 0.626359 0.134961 0.092391
11 0.423522 0.163043 0.173522 0.062500
11 0.186375 0.303668 0.087404 0.112772
12 0.650386 0.726902 0.143959 0.070652
12 0.649100 0.853940 0.146530 0.055707
13 0.606041 0.794837 0.088689 0.081522
13 0.853470 0.537364 0.128535 0.080163
14 0.707584 0.660326 0.132391 0.084239
14 0.444730 0.698370 0.077121 0.122283
15 0.514139 0.751359 0.077121 0.116848
15 0.262853 0.583560 0.057841 0.115489
16 0.351542 0.404212 0.114396 0.088315
16 0.237147 0.288043 0.132391 0.048913
17 0.566195 0.631793 0.093830 0.100543
17 0.321979 0.669837 0.091260 0.070652
18 0.305913 0.493886 0.046272 0.104620
18 0.446015 0.588995 0.082262 0.058424
19 0.155527 0.451766 0.100257 0.052989
19 0.238432 0.233696 0.098972 0.043478
20 0.517995 0.552310 0.082262 0.047554
20 0.377249 0.610054 0.044987 0.067935
21 0.363111 0.470788 0.062982 0.069293
21 0.623393 0.663723 0.079692 0.077446
22 0.286632 0.079484 0.089974 0.093750
23 0.511568 0.639266 0.053985 0.069293