0 0.355422 0.754670 0.114458 0.141968
0 0.903112 0.251557 0.143574 0.084682
1 0.525100 0.590286 0.090361 0.109589
1 0.103414 0.917186 0.060241 0.123288
2 0.597390 0.479452 0.098394 0.094645
2 0.180221 0.918431 0.067269 0.103362
3 0.390060 0.501868 0.141566 0.039851
3 0.161145 0.686800 0.077309 0.140722
4 0.148594 0.788294 0.036145 0.176837
4 0.302711 0.625778 0.073293 0.078456
5 0.263554 0.828767 0.093373 0.150685
5 0.308233 0.880448 0.116466 0.124533
6 0.213855 0.524284 0.098394 0.117061
6 0.766064 0.118306 0.080321 0.161893
7 0.412651 0.623910 0.078313 0.114570
7 0.433735 0.773350 0.090361 0.117061
8 0.156627 0.495641 0.090361 0.077210
8 0.628012 0.260274 0.097390 0.082192
9 0.235442 0.865504 0.101406 0.042341
9 0.337349 0.536115 0.100402 0.041096
10 0.194779 0.770859 0.066265 0.092154
10 0.466365 0.699875 0.085341 0.099626
11 0.057731 0.671233 0.057229 0.141968
11 0.337349 0.572852 0.088353 0.062267
12 0.671687 0.453923 0.082329 0.073474
12 0.234940 0.663761 0.066265 0.094645
13 0.271084 0.684309 0.030120 0.103362
13 0.377510 0.618929 0.060241 0.094645
14 0.365462 0.722914 0.084337 0.058531
14 0.411145 0.453300 0.085341 0.042341
15 0.909639 0.303861 0.060241 0.084682
15 0.206827 0.720423 0.072289 0.051059
16 0.234940 0.759029 0.062249 0.066002
16 0.247992 0.579701 0.040161 0.083437
17 0.310743 0.410336 0.069277 0.041096
17 0.624498 0.285803 0.036145 0.085928
18 0.350402 0.693649 0.058233 0.044832
18 0.290161 0.577210 0.050201 0.051059
19 0.340863 0.643213 0.029116 0.068493
19 0.129016 0.670610 0.043173 0.073474
20 0.318775 0.893524 0.045181 0.058531
20 0.368474 0.740971 0.042169 0.039851
21 0.407129 0.744085 0.049197 0.046077
21 0.376506 0.771482 0.052209 0.046077
22 0.471888 0.625156 0.110442 0.104608
23 0.306225 0.489415 0.030120 0.067248