0 0.175578 0.777638 0.166185 0.173367
0 0.463150 0.112437 0.258671 0.116834
1 0.079480 0.438442 0.104046 0.298995
1 0.639451 0.247487 0.134393 0.206030
2 0.316474 0.900754 0.132948 0.090452
2 0.770954 0.598618 0.169075 0.089196
3 0.745665 0.814070 0.138728 0.188442
3 0.915462 0.519472 0.157514 0.121859
4 0.131503 0.871231 0.118497 0.126884
4 0.273121 0.227387 0.176301 0.113065
5 0.518786 0.252513 0.164740 0.163317
5 0.896676 0.414573 0.180636 0.105528
6 0.656069 0.702261 0.161850 0.095477
6 0.888728 0.482412 0.092486 0.190955
7 0.768786 0.518216 0.138728 0.091709
7 0.681358 0.690955 0.131503 0.115578
8 0.591040 0.552136 0.147399 0.121859
8 0.478324 0.137563 0.106936 0.116834
9 0.170520 0.187186 0.095376 0.080402
9 0.799855 0.432161 0.203757 0.055276
10 0.802746 0.687186 0.174855 0.052764
10 0.784682 0.278266 0.202312 0.066583
11 0.291185 0.336055 0.157514 0.109296
11 0.612717 0.647613 0.130058 0.139447
12 0.492775 0.388819 0.127168 0.101759
12 0.455202 0.932161 0.118497 0.097990
13 0.543353 0.301508 0.141618 0.067839
13 0.729769 0.834799 0.115607 0.069095
14 0.268786 0.420854 0.052023 0.138191
14 0.522399 0.678392 0.079480 0.113065
15 0.316474 0.810930 0.089595 0.101759
15 0.322254 0.416457 0.075145 0.071608
16 0.145954 0.783291 0.086705 0.064070
16 0.781792 0.572864 0.086705 0.075377
17 0.593208 0.728015 0.056358 0.084171
17 0.379335 0.172739 0.050578 0.089196
18 0.491329 0.830402 0.066474 0.075377
18 0.635838 0.477387 0.069364 0.082915
19 0.328035 0.093593 0.060694 0.079146
19 0.378613 0.720477 0.086705 0.061558
20 0.460983 0.148869 0.075145 0.051508
20 0.500000 0.675251 0.046243 0.061558
21 0.820809 0.361181 0.078035 0.054020
21 0.429191 0.769472 0.083815 0.061558
22 0.469653 0.888819 0.121387 0.121859
22 0.472543 0.224874 0.205202 0.060302