0 0.583609 0.448567 0.144040 0.283305
0 0.725166 0.435076 0.172185 0.094435
1 0.379967 0.290894 0.170530 0.173693
1 0.544702 0.849916 0.192053 0.178752
2 0.801325 0.194772 0.132450 0.251265
2 0.629139 0.620573 0.211921 0.161889
3 0.322020 0.169477 0.124172 0.200675
3 0.623344 0.433390 0.094371 0.222597
4 0.505795 0.110455 0.223510 0.062395
4 0.379139 0.779933 0.221854 0.092749
5 0.205298 0.310287 0.115894 0.195616
5 0.480132 0.679595 0.198675 0.080944
6 0.620033 0.508432 0.187086 0.075885
6 0.726821 0.790051 0.158940 0.156830
7 0.180464 0.572513 0.132450 0.156830
7 0.432947 0.543002 0.077815 0.151771
8 0.259106 0.625632 0.077815 0.155143
8 0.644040 0.211636 0.079470 0.160202
9 0.216887 0.225970 0.099338 0.148398
9 0.519040 0.780776 0.150662 0.128162
10 0.278146 0.824621 0.165563 0.104553
10 0.489238 0.766442 0.153974 0.116358
11 0.177980 0.375211 0.140728 0.133221
11 0.352649 0.620573 0.155629 0.050590
12 0.538907 0.260540 0.117550 0.099494
12 0.443709 0.407251 0.115894 0.099494
13 0.527318 0.204890 0.100993 0.112985
13 0.276490 0.348229 0.069536 0.119730
14 0.386589 0.862563 0.144040 0.055649
14 0.714404 0.231872 0.064570 0.129848
15 0.401490 0.201518 0.064570 0.116358
15 0.872517 0.486509 0.052980 0.139966
16 0.485927 0.506745 0.064570 0.119730
16 0.110927 0.597808 0.086093 0.106239
17 0.248344 0.444351 0.096026 0.069140
17 0.410596 0.290051 0.072848 0.094435
18 0.437914 0.711636 0.077815 0.064081
18 0.341060 0.665261 0.082781 0.065767
19 0.466060 0.303541 0.067881 0.084317
19 0.345199 0.570826 0.081126 0.072513
20 0.596026 0.453626 0.056291 0.050590
20 0.325331 0.529511 0.054636 0.070826
21 0.809603 0.391231 0.072848 0.080944
21 0.664735 0.577572 0.054636 0.092749
22 0.759934 0.589376 0.099338 0.139966
23 0.728477 0.339798 0.072848 0.075885