0 0.431731 0.550154 0.325000 0.217593
0 0.796154 0.640432 0.146154 0.274691
1 0.497115 0.658951 0.213462 0.182099
1 0.749038 0.649691 0.194231 0.209877
2 0.350962 0.207562 0.251923 0.205247
2 0.595192 0.152778 0.228846 0.157407
3 0.263462 0.350309 0.157692 0.225309
3 0.379808 0.250772 0.094231 0.217593
4 0.508654 0.158951 0.117308 0.234568
4 0.711538 0.304012 0.080769 0.243827
5 0.257692 0.702932 0.188462 0.125000
5 0.675000 0.513117 0.057692 0.223765
6 0.336538 0.357253 0.146154 0.186728
6 0.325000 0.606481 0.238462 0.070988
7 0.825000 0.447531 0.157692 0.148148
7 0.521154 0.464506 0.119231 0.157407
8 0.704808 0.680556 0.205769 0.074074
8 0.237500 0.384259 0.186538 0.070988
9 0.159615 0.197531 0.115385 0.135802
9 0.912500 0.672068 0.067308 0.177469
10 0.489423 0.858796 0.198077 0.100309
10 0.321154 0.788580 0.096154 0.160494
11 0.421154 0.726080 0.061538 0.174383
11 0.761538 0.744599 0.138462 0.121914
12 0.298077 0.904321 0.150000 0.089506
12 0.511538 0.677469 0.157692 0.052469
13 0.151923 0.835648 0.061538 0.134259
13 0.634615 0.455247 0.157692 0.052469
14 0.389423 0.484568 0.140385 0.058642
14 0.232692 0.412809 0.100000 0.118827
15 0.766346 0.852623 0.071154 0.103395
15 0.615385 0.759259 0.142308 0.049383
16 0.529808 0.686728 0.078846 0.117284
16 0.494231 0.536265 0.111538 0.066358
17 0.185577 0.722222 0.136538 0.043210
17 0.558654 0.493827 0.082692 0.067901
18 0.600962 0.337963 0.090385 0.080247
18 0.450000 0.908951 0.092308 0.089506
19 0.364423 0.460648 0.101923 0.054012
19 0.625962 0.514660 0.055769 0.087963
20 0.217308 0.790123 0.069231 0.074074
20 0.505769 0.783951 0.088462 0.049383
21 0.783654 0.332562 0.075000 0.081790
21 0.708654 0.581790 0.051923 0.086420
22 0.592308 0.381173 0.150000 0.151235
22 0.786538 0.775463 0.138462 0.146605