0 0.807882 0.669753 0.189655 0.095679
0 0.352217 0.591049 0.078818 0.231481
1 0.725985 0.234568 0.121921 0.188272
1 0.639778 0.212191 0.102217 0.208333
2 0.646552 0.472222 0.155172 0.126543
2 0.658867 0.330247 0.133005 0.095679
3 0.487069 0.287037 0.139163 0.123457
3 0.035099 0.883488 0.048030 0.180556
4 0.854680 0.503858 0.083744 0.174383
4 0.500000 0.458333 0.061576 0.185185
5 0.355296 0.741512 0.116995 0.103395
5 0.340517 0.445988 0.141626 0.055556
6 0.157020 0.819444 0.119458 0.064815
6 0.223522 0.621914 0.119458 0.064815
7 0.604680 0.095679 0.115764 0.108025
7 0.261084 0.767747 0.091133 0.097222
8 0.674877 0.625772 0.059113 0.128086
8 0.236453 0.550154 0.076355 0.125000
9 0.204433 0.793981 0.081281 0.112654
9 0.457512 0.496914 0.065271 0.126543
10 0.557266 0.556327 0.070197 0.109568
10 0.301108 0.300154 0.109606 0.084877
11 0.584975 0.410494 0.071429 0.129630
11 0.925493 0.537037 0.094828 0.120370
12 0.777094 0.508488 0.066502 0.097222
12 0.767241 0.418981 0.088670 0.066358
13 0.729680 0.504630 0.043103 0.108025
13 0.232759 0.729167 0.054187 0.094136
14 0.346059 0.368056 0.081281 0.087963
14 0.658867 0.400463 0.096059 0.050926
15 0.787562 0.614198 0.048030 0.092593
15 0.086207 0.868056 0.049261 0.094136
16 0.620690 0.533951 0.071429 0.080247
16 0.254926 0.709105 0.046798 0.094136
17 0.455049 0.260031 0.062808 0.069444
17 0.510468 0.660494 0.067734 0.058642
18 0.490148 0.195216 0.054187 0.078704
18 0.532635 0.209105 0.052956 0.069444
19 0.179803 0.671296 0.061576 0.058642
19 0.274015 0.579475 0.040640 0.078704
20 0.471675 0.634259 0.041872 0.070988
20 0.595443 0.417438 0.043103 0.057099
21 0.425493 0.602623 0.052956 0.050926
21 0.301108 0.670525 0.038177 0.063272
22 0.439039 0.371142 0.119458 0.060185
22 0.320197 0.641204 0.056650 0.137346