0 0.517491 0.085025 0.241255 0.119289
0 0.147165 0.684645 0.151990 0.085025
1 0.330519 0.329949 0.060314 0.248731
1 0.326900 0.786802 0.096502 0.228426
2 0.867913 0.387056 0.092883 0.203046
2 0.060314 0.340102 0.079614 0.116751
3 0.926417 0.484772 0.084439 0.149746
3 0.668878 0.397843 0.095296 0.095178
4 0.214717 0.457487 0.185766 0.085025
4 0.439686 0.838832 0.133896 0.159898
5 0.389626 0.902284 0.142340 0.157360
5 0.785887 0.222716 0.170084 0.090102
6 0.676116 0.112310 0.102533 0.115482
6 0.823884 0.571066 0.173703 0.081218
7 0.465018 0.324873 0.042220 0.154822
7 0.483112 0.897208 0.143546 0.068528
8 0.647165 0.210660 0.088058 0.131980
8 0.381785 0.277284 0.042220 0.138325
9 0.513872 0.634518 0.062726 0.159898
9 0.393848 0.268401 0.100121 0.135787
10 0.205669 0.251269 0.126659 0.098985
10 0.751508 0.413706 0.094089 0.114213
11 0.551267 0.369289 0.055489 0.147208
11 0.838963 0.592640 0.129071 0.086294
12 0.403498 0.338832 0.100121 0.076142
12 0.316647 0.270939 0.039807 0.107868
13 0.168275 0.367386 0.054282 0.120558
13 0.820265 0.258883 0.103739 0.043147
14 0.267793 0.267132 0.065139 0.092640
14 0.777443 0.487310 0.121834 0.053299
15 0.684560 0.334391 0.095296 0.049492
15 0.235223 0.736675 0.041013 0.105330
16 0.481303 0.715102 0.062726 0.095178
16 0.424005 0.719543 0.061520 0.101523
17 0.562123 0.150381 0.053076 0.087563
17 0.492159 0.348985 0.048251 0.096447
18 0.164053 0.621193 0.077201 0.064721
18 0.521110 0.192259 0.065139 0.072335
19 0.098311 0.574239 0.054282 0.085025
19 0.589867 0.513959 0.082027 0.045685
20 0.368516 0.565990 0.071170 0.045685
20 0.237033 0.390228 0.059107 0.064721
21 0.686972 0.256345 0.037394 0.073604
21 0.293727 0.381345 0.039807 0.069797
22 0.772618 0.175761 0.117008 0.092640
22 0.826297 0.341371 0.082027 0.116751