0 0.771200 0.777870 0.115200 0.264559
0 0.344800 0.261231 0.164800 0.246256
1 0.369600 0.444260 0.217600 0.166389
1 0.620800 0.753744 0.060800 0.286190
2 0.412000 0.585691 0.116800 0.129784
2 0.750400 0.597338 0.217600 0.086522
3 0.660800 0.910150 0.198400 0.089850
3 0.211200 0.413478 0.083200 0.178037
4 0.468000 0.480033 0.206400 0.054908
4 0.115200 0.420133 0.147200 0.158070
5 0.509600 0.771215 0.200000 0.078203
5 0.871200 0.829451 0.088000 0.211314
6 0.497600 0.674709 0.160000 0.121464
6 0.460000 0.668885 0.180800 0.059900
7 0.066400 0.543261 0.081600 0.124792
7 0.094400 0.390183 0.064000 0.171381
8 0.501600 0.275374 0.129600 0.108153
8 0.388800 0.253744 0.099200 0.138103
9 0.634400 0.520799 0.110400 0.156406
9 0.276000 0.938436 0.161600 0.056572
10 0.745600 0.807820 0.163200 0.081531
10 0.588800 0.375208 0.060800 0.164725
11 0.916800 0.755408 0.131200 0.129784
11 0.645600 0.751248 0.123200 0.094842
12 0.409600 0.756240 0.131200 0.061564
12 0.316800 0.431780 0.121600 0.078203
13 0.829600 0.865225 0.046400 0.133111
13 0.352000 0.222130 0.076800 0.121464
14 0.341600 0.363561 0.110400 0.068220
14 0.505600 0.118136 0.112000 0.119800
15 0.512000 0.726290 0.060800 0.081531
15 0.569600 0.367720 0.112000 0.066556
16 0.627200 0.620632 0.073600 0.119800
16 0.422400 0.484193 0.064000 0.109817
17 0.438400 0.847754 0.054400 0.098170
17 0.764000 0.742928 0.084800 0.084859
18 0.296000 0.234609 0.067200 0.076539
18 0.372000 0.525790 0.072000 0.049917
19 0.259200 0.577371 0.054400 0.089850
19 0.388000 0.165557 0.043200 0.088186
20 0.302400 0.634775 0.073600 0.048253
20 0.428000 0.093178 0.078400 0.053245
21 0.676000 0.674709 0.075200 0.064892
21 0.472800 0.606489 0.084800 0.041597
22 0.492000 0.217970 0.180800 0.083195
23 0.332000 0.055740 0.046400 0.068220