0 0.626344 0.465961 0.213262 0.163389
0 0.580645 0.223147 0.347670 0.122542
1 0.762545 0.540847 0.288530 0.155825
1 0.263441 0.813918 0.261649 0.166415
2 0.866487 0.350983 0.112903 0.239032
2 0.212366 0.725416 0.141577 0.243570
3 0.329749 0.633888 0.247312 0.114977
3 0.316308 0.742057 0.281362 0.086233
4 0.822581 0.786687 0.172043 0.205749
4 0.441756 0.582451 0.213262 0.145234
5 0.648746 0.869894 0.129032 0.136157
5 0.543011 0.844932 0.118280 0.131619
6 0.246416 0.507564 0.177419 0.125567
6 0.399642 0.370651 0.197133 0.121029
7 0.541219 0.308623 0.118280 0.118003
7 0.737455 0.800303 0.173835 0.124054
8 0.612903 0.785930 0.121864 0.146747
8 0.698029 0.416793 0.181004 0.128593
9 0.431004 0.799546 0.166667 0.134644
9 0.297491 0.701210 0.103943 0.170953
10 0.077061 0.683056 0.114695 0.186082
10 0.181004 0.709531 0.193548 0.133132
11 0.431004 0.891831 0.141577 0.098336
11 0.494624 0.355522 0.211470 0.081694
12 0.684588 0.290469 0.107527 0.124054
12 0.532258 0.093797 0.164875 0.105900
13 0.794803 0.686082 0.116487 0.104387
13 0.494624 0.179274 0.179211 0.077156
14 0.666667 0.542360 0.146953 0.065053
14 0.464158 0.513616 0.164875 0.055976
15 0.867384 0.583964 0.060932 0.124054
15 0.502688 0.446293 0.055556 0.111952
16 0.747312 0.655825 0.114695 0.098336
16 0.234767 0.455371 0.100358 0.124054
17 0.491039 0.669440 0.118280 0.074130
17 0.621864 0.764750 0.129032 0.049924
18 0.448925 0.465204 0.066308 0.089259
18 0.467742 0.566566 0.103943 0.065053
19 0.430108 0.302572 0.121864 0.060514
19 0.698925 0.627837 0.060932 0.087746
20 0.501792 0.804841 0.086022 0.051437
20 0.332437 0.587746 0.059140 0.059002
21 0.815412 0.714070 0.075269 0.072617
21 0.777778 0.595310 0.082437 0.059002
22 0.620072 0.377458 0.082437 0.170953
22 0.716846 0.892587 0.093190 0.148260