0 0.375098 0.660902 0.054816 0.260150
0 0.254894 0.708271 0.090055 0.096241
1 0.280345 0.473684 0.064213 0.204511
1 0.240407 0.802256 0.108066 0.203008
2 0.221613 0.498496 0.097103 0.178947
2 0.251370 0.393985 0.101801 0.144361
3 0.471809 0.491729 0.093187 0.099248
3 0.540329 0.361654 0.101801 0.094737
4 0.168363 0.478195 0.086139 0.159398
4 0.167580 0.593985 0.036022 0.195489
5 0.263117 0.630827 0.079875 0.145865
5 0.415427 0.493985 0.086922 0.109774
6 0.126077 0.633835 0.070478 0.124812
6 0.163273 0.609774 0.086922 0.076692
7 0.157792 0.744361 0.064996 0.120301
7 0.322240 0.451128 0.035239 0.147368
8 0.338293 0.649624 0.061081 0.105263
8 0.519969 0.415789 0.068912 0.076692
9 0.403289 0.423308 0.075176 0.082707
9 0.339076 0.518045 0.040720 0.142857
10 0.211825 0.382707 0.082224 0.091729
10 0.052467 0.814286 0.075176 0.115789
11 0.167580 0.405263 0.053250 0.145865
11 0.940486 0.067669 0.073610 0.090226
12 0.228661 0.327820 0.068912 0.057143
12 0.404855 0.689474 0.059514 0.091729
13 0.388802 0.444361 0.060298 0.061654
13 0.086139 0.727820 0.053250 0.084211
14 0.070086 0.707519 0.055599 0.091729
14 0.306186 0.781955 0.043853 0.123308
15 0.404464 0.639850 0.044636 0.088722
15 0.398982 0.485714 0.046202 0.054135
16 0.328113 0.853383 0.028191 0.112782
16 0.185983 0.793985 0.027408 0.108271
17 0.271339 0.773684 0.044636 0.055639
17 0.837510 0.412030 0.035239 0.072180
18 0.355521 0.751128 0.032890 0.085714
18 0.561864 0.433835 0.044636 0.079699
19 0.237275 0.883459 0.042287 0.073684
19 0.141738 0.718045 0.028191 0.079699
20 0.218089 0.640602 0.035239 0.057143
20 0.107674 0.732331 0.028974 0.072180
21 0.210258 0.796992 0.036805 0.069173
21 0.234143 0.590977 0.039154 0.060150
22 0.282694 0.932331 0.073610 0.123308
23 0.273297 0.806015 0.032890 0.045113