0 0.514555 0.721254 0.248288 0.142857
0 0.530822 0.170732 0.085616 0.282230
1 0.734589 0.513937 0.208904 0.163763
1 0.318493 0.646341 0.143836 0.202091
2 0.121575 0.754355 0.140411 0.170732
2 0.901541 0.521777 0.142123 0.231707
3 0.261130 0.888502 0.186644 0.181185
3 0.308219 0.467770 0.092466 0.200348
4 0.384418 0.682927 0.200342 0.139373
4 0.387842 0.294425 0.138699 0.181185
5 0.353596 0.848432 0.094178 0.216028
5 0.480308 0.898955 0.220890 0.101045
6 0.640411 0.768293 0.164384 0.128920
6 0.777397 0.350174 0.065068 0.184669
7 0.761986 0.638502 0.126712 0.155052
7 0.669521 0.300523 0.174658 0.074913
8 0.843322 0.322300 0.101027 0.149826
8 0.243151 0.799652 0.113014 0.149826
9 0.678082 0.168118 0.154110 0.127178
9 0.238870 0.271777 0.125000 0.153310
10 0.677226 0.250871 0.107877 0.156794
10 0.375000 0.416376 0.140411 0.083624
11 0.339041 0.230836 0.082192 0.155052
11 0.738014 0.648955 0.164384 0.057491
12 0.443493 0.536585 0.116438 0.097561
12 0.523973 0.785714 0.082192 0.135889
13 0.375856 0.258711 0.090753 0.134146
13 0.245719 0.489547 0.073630 0.111498
14 0.685788 0.733449 0.094178 0.097561
14 0.691781 0.421603 0.126712 0.076655
15 0.230308 0.385017 0.080479 0.080139
15 0.215753 0.626307 0.078767 0.088850
16 0.793664 0.714286 0.111301 0.094077
16 0.582192 0.249129 0.054795 0.111498
17 0.276541 0.781359 0.080479 0.092334
17 0.584760 0.408537 0.070205 0.092334
18 0.261130 0.682056 0.087329 0.054007
18 0.604452 0.599303 0.082192 0.062718
19 0.425514 0.590592 0.077055 0.083624
19 0.383562 0.469512 0.092466 0.060976
20 0.621575 0.826655 0.082192 0.060976
20 0.573630 0.768293 0.054795 0.066202
21 0.593322 0.641115 0.083904 0.059233
21 0.839897 0.479094 0.083904 0.066202
22 0.347603 0.149826 0.154110 0.114983
22 0.625856 0.302265 0.070205 0.165505