0 0.265891 0.747039 0.103876 0.248731
0 0.442636 0.879019 0.240310 0.113367
1 0.355814 0.847716 0.268217 0.111675
1 0.410078 0.278342 0.190698 0.137056
2 0.764341 0.222504 0.114729 0.204738
2 0.439535 0.384941 0.181395 0.093063
3 0.619380 0.301184 0.190698 0.104907
3 0.714729 0.373096 0.192248 0.093063
4 0.734109 0.516920 0.137984 0.177665
4 0.378295 0.276650 0.179845 0.140440
5 0.278295 0.824873 0.082171 0.201354
5 0.706977 0.357022 0.096124 0.216582
6 0.780620 0.661591 0.113178 0.179357
6 0.597674 0.797800 0.162791 0.123519
7 0.386822 0.592217 0.113178 0.155668
7 0.074419 0.553299 0.058915 0.172589
8 0.461240 0.521997 0.069767 0.147208
8 0.134884 0.629442 0.099225 0.152284
9 0.619380 0.307107 0.079070 0.147208
9 0.142636 0.420474 0.142636 0.065990
10 0.239535 0.423858 0.125581 0.113367
10 0.472868 0.699662 0.068217 0.153976
11 0.191473 0.508460 0.116279 0.123519
11 0.607752 0.925550 0.139535 0.115059
12 0.518605 0.582910 0.082171 0.109983
12 0.720930 0.616751 0.114729 0.093063
13 0.356589 0.625212 0.086822 0.113367
13 0.479845 0.630288 0.103876 0.089679
14 0.203876 0.724196 0.119380 0.081218
14 0.895349 0.170051 0.097674 0.126904
15 0.685271 0.471235 0.108527 0.049069
15 0.540310 0.510152 0.054264 0.099831
16 0.572868 0.898477 0.094574 0.094755
16 0.426357 0.419628 0.099225 0.064298
17 0.618605 0.495770 0.093023 0.064298
17 0.530233 0.770728 0.080620 0.086294
18 0.188372 0.560914 0.063566 0.079526
18 0.438760 0.870558 0.089922 0.052453
19 0.396899 0.724196 0.049612 0.094755
19 0.350388 0.354484 0.080620 0.049069
20 0.138760 0.376481 0.066667 0.062606
20 0.329457 0.492386 0.072868 0.064298
21 0.344961 0.752115 0.069767 0.052453
21 0.330233 0.688663 0.046512 0.081218
22 0.129457 0.307953 0.094574 0.131980
22 0.156589 0.585448 0.139535 0.101523