0 0.733333 0.410653 0.164103 0.120275
0 0.901282 0.338488 0.079487 0.292096
1 0.678846 0.814433 0.201282 0.099656
1 0.175641 0.540378 0.128205 0.249141
2 0.146795 0.195876 0.160256 0.182131
2 0.323718 0.816151 0.085897 0.185567
3 0.351282 0.335911 0.066667 0.183849
3 0.196795 0.556701 0.173077 0.085911
4 0.761538 0.681271 0.084615 0.176976
4 0.555128 0.677835 0.156410 0.070447
5 0.750641 0.156357 0.134615 0.082474
5 0.610897 0.274055 0.080769 0.121993
6 0.714103 0.916667 0.076923 0.139175
6 0.314103 0.838488 0.146154 0.092784
7 0.260256 0.223368 0.053846 0.192440
7 0.690385 0.461340 0.124359 0.094502
8 0.735897 0.506873 0.133333 0.079038
8 0.300641 0.583333 0.065385 0.176976
9 0.440385 0.906357 0.114103 0.121993
9 0.298077 0.457045 0.108974 0.099656
10 0.696795 0.713058 0.075641 0.127148
10 0.521795 0.383162 0.079487 0.168385
11 0.442308 0.535223 0.110256 0.118557
11 0.252564 0.678694 0.084615 0.140893
12 0.690385 0.567869 0.098718 0.073883
12 0.807692 0.597938 0.105128 0.075601
13 0.191026 0.415808 0.092308 0.089347
13 0.431410 0.783505 0.083333 0.099656
14 0.697436 0.301546 0.079487 0.070447
14 0.292308 0.722509 0.074359 0.108247
15 0.485897 0.402062 0.071795 0.092784
15 0.242308 0.552405 0.066667 0.101375
16 0.833333 0.714777 0.084615 0.096220
16 0.137821 0.690722 0.080769 0.068729
17 0.882692 0.371993 0.067949 0.087629
17 0.247436 0.796392 0.048718 0.101375
18 0.176923 0.829897 0.069231 0.075601
18 0.587821 0.896048 0.057692 0.063574
19 0.090385 0.839347 0.075641 0.049828
19 0.300000 0.722509 0.066667 0.053265
20 0.446154 0.389175 0.064103 0.049828
20 0.629487 0.198454 0.051282 0.067010
21 0.592308 0.375430 0.043590 0.077320
21 0.663462 0.264605 0.034615 0.082474
22 0.246154 0.436426 0.092308 0.147766
23 0.448718 0.850515 0.061538 0.058419