0 0.687055 0.569018 0.053444 0.208589
0 0.250594 0.661043 0.064133 0.205521
1 0.596200 0.569785 0.159145 0.065951
1 0.457245 0.609663 0.068884 0.121166
2 0.334323 0.897239 0.072447 0.180982
2 0.185273 0.607362 0.073634 0.223926
3 0.254157 0.850460 0.040380 0.179448
3 0.232185 0.857362 0.100950 0.128834
4 0.570071 0.572086 0.109264 0.122699
4 0.486936 0.766871 0.090261 0.107362
5 0.518409 0.092025 0.105701 0.128834
5 0.687055 0.378067 0.112827 0.084356
6 0.477435 0.503067 0.099762 0.110429
6 0.180523 0.746933 0.097387 0.079755
7 0.136580 0.893405 0.078385 0.136503
7 0.322447 0.611963 0.103325 0.058282
8 0.485748 0.398006 0.095012 0.059816
8 0.099762 0.569018 0.049881 0.119632
9 0.058195 0.575153 0.061758 0.128834
9 0.424584 0.863497 0.067696 0.119632
10 0.606888 0.325920 0.087886 0.078221
10 0.603325 0.402607 0.080760 0.145706
11 0.312352 0.785276 0.095012 0.067485
11 0.498219 0.618098 0.043943 0.122699
12 0.511283 0.521472 0.051069 0.085890
12 0.466746 0.605828 0.054632 0.076687
13 0.290974 0.682515 0.052257 0.095092
13 0.440024 0.879601 0.048694 0.093558
14 0.219715 0.483896 0.038005 0.108896
14 0.189430 0.779141 0.072447 0.067485
15 0.356295 0.686350 0.040380 0.093558
15 0.570071 0.379601 0.066508 0.050613
16 0.290380 0.962423 0.051069 0.075153
16 0.549287 0.534509 0.060570 0.065951
17 0.924584 0.894172 0.055819 0.082822
17 0.206651 0.670245 0.057007 0.067485
18 0.273753 0.538344 0.034442 0.070552
18 0.627672 0.440951 0.055819 0.056748
19 0.264846 0.495399 0.057007 0.052147
19 0.238124 0.542945 0.055819 0.049080
20 0.204276 0.595859 0.035629 0.059816
20 0.294537 0.430215 0.052257 0.056748
21 0.112827 0.696319 0.049881 0.067485
21 0.399644 0.848160 0.034442 0.064417
22 0.809382 0.855828 0.084323 0.113497
22 0.302850 0.914877 0.073634 0.111963