0 0.565299 0.585938 0.216418 0.211648
0 0.266791 0.820312 0.216418 0.208807
1 0.791045 0.356534 0.235075 0.144886
1 0.099813 0.698864 0.113806 0.255682
2 0.673507 0.127131 0.276119 0.078125
2 0.681903 0.170455 0.136194 0.193182
3 0.366604 0.724432 0.240672 0.068182
3 0.888060 0.625000 0.067164 0.190341
4 0.384328 0.589489 0.201493 0.125000
4 0.469216 0.225142 0.229478 0.069602
5 0.896455 0.335938 0.132463 0.166193
5 0.720149 0.183949 0.216418 0.098011
6 0.310634 0.202415 0.125000 0.166193
6 0.527052 0.757812 0.147388 0.143466
7 0.452425 0.073864 0.106343 0.099432
7 0.319963 0.866477 0.177239 0.110795
8 0.574627 0.770597 0.149254 0.120739
8 0.692164 0.647727 0.078358 0.139205
9 0.488806 0.323153 0.160448 0.083807
9 0.263993 0.156250 0.173507 0.090909
10 0.562500 0.073153 0.184701 0.092330
10 0.638060 0.320312 0.175373 0.052557
11 0.894590 0.458807 0.195896 0.059659
11 0.340485 0.127841 0.151119 0.116477
12 0.505597 0.545455 0.126866 0.059659
12 0.809701 0.402699 0.123134 0.072443
13 0.665112 0.276278 0.121269 0.078125
13 0.582090 0.759943 0.145522 0.045455
14 0.772388 0.556818 0.123134 0.085227
14 0.767724 0.652699 0.121269 0.086648
15 0.586754 0.634233 0.087687 0.083807
15 0.462687 0.916193 0.059701 0.102273
16 0.276119 0.634943 0.070896 0.096591
16 0.130597 0.667614 0.130597 0.065341
17 0.527985 0.605114 0.074627 0.079545
17 0.468284 0.254972 0.119403 0.044034
18 0.344216 0.622869 0.080224 0.078125
18 0.447761 0.441761 0.097015 0.068182
19 0.465485 0.391335 0.095149 0.044034
19 0.649254 0.459517 0.085821 0.072443
20 0.751866 0.693182 0.059701 0.062500
20 0.645522 0.364347 0.078358 0.055398
21 0.616604 0.405540 0.095149 0.044034
21 0.461754 0.349432 0.087687 0.056818
22 0.129664 0.763494 0.184701 0.117898
23 0.814366 0.591619 0.072761 0.072443