0 0.392057 0.338336 0.205703 0.133697
0 0.638493 0.463847 0.177189 0.193724
1 0.485743 0.272169 0.291242 0.094134
1 0.663951 0.562074 0.293279 0.160982
2 0.847251 0.597544 0.069246 0.204638
2 0.177189 0.751023 0.268839 0.102319
3 0.239308 0.583902 0.242363 0.139154
3 0.201629 0.638472 0.252546 0.120055
4 0.506110 0.358117 0.132383 0.173261
4 0.433809 0.386767 0.097760 0.165075
5 0.586558 0.445430 0.183299 0.083220
5 0.477597 0.576398 0.152749 0.148704
6 0.472505 0.928377 0.203666 0.091405
6 0.717923 0.347203 0.234216 0.047749
7 0.675153 0.902456 0.189409 0.091405
7 0.148676 0.564120 0.175153 0.110505
8 0.750509 0.738063 0.120163 0.068213
8 0.592668 0.787858 0.183299 0.091405
9 0.428717 0.686221 0.173116 0.076398
9 0.556008 0.587995 0.097760 0.100955
10 0.332994 0.395634 0.169043 0.076398
10 0.764766 0.446794 0.099796 0.124147
11 0.190428 0.793997 0.148676 0.098226
11 0.450102 0.100273 0.126273 0.096862
12 0.686354 0.680082 0.146640 0.055935
12 0.524440 0.240109 0.124236 0.090041
13 0.430754 0.757844 0.124236 0.083220
13 0.221996 0.587312 0.061100 0.105048
14 0.264766 0.513643 0.101833 0.094134
14 0.578411 0.739427 0.093686 0.084584
15 0.136456 0.637108 0.134420 0.043656
15 0.360489 0.600273 0.089613 0.092769
16 0.826884 0.717599 0.126273 0.073670
16 0.276986 0.492497 0.138493 0.051842
17 0.221996 0.706685 0.065173 0.079127
17 0.721996 0.432469 0.120163 0.038199
18 0.594705 0.873124 0.114053 0.054570
18 0.713849 0.800136 0.112016 0.053206
19 0.307536 0.451569 0.097760 0.062756
19 0.600815 0.672578 0.065173 0.068213
20 0.337067 0.718963 0.079430 0.054570
20 0.656823 0.731924 0.087576 0.045020
21 0.668024 0.859482 0.052953 0.068213
21 0.458248 0.646658 0.069246 0.065484
22 0.424644 0.547749 0.201629 0.080491
23 0.395112 0.318554 0.061100 0.055935