0 0.504459 0.452592 0.168339 0.176991
0 0.549052 0.778129 0.161650 0.132743
1 0.602007 0.616941 0.144928 0.154235
1 0.382386 0.219343 0.187291 0.089760
2 0.656633 0.478508 0.104794 0.130215
2 0.638796 0.278129 0.095875 0.164349
3 0.623746 0.792668 0.125975 0.106195
3 0.100892 0.778761 0.065775 0.131479
4 0.379599 0.276865 0.137124 0.075853
4 0.354515 0.711757 0.131550 0.048040
5 0.493868 0.276865 0.118172 0.101138
5 0.513935 0.604930 0.060201 0.135272
6 0.198997 0.554362 0.123746 0.074589
6 0.416388 0.620101 0.119287 0.046776
7 0.288740 0.897598 0.098105 0.096081
7 0.275362 0.819216 0.111483 0.048040
8 0.716276 0.635272 0.112598 0.046776
8 0.660535 0.250316 0.105909 0.068268
9 0.675028 0.383692 0.099220 0.054362
9 0.233556 0.889381 0.096990 0.074589
10 0.888517 0.334387 0.091416 0.082174
10 0.629877 0.290139 0.102564 0.074589
11 0.701226 0.592920 0.107023 0.048040
11 0.317168 0.624526 0.065775 0.106195
12 0.176143 0.652971 0.073579 0.097345
12 0.802676 0.242731 0.091416 0.048040
13 0.352843 0.836283 0.039019 0.099874
13 0.337235 0.369785 0.045708 0.092288
14 0.072464 0.694058 0.082497 0.080910
14 0.704571 0.189001 0.064660 0.089760
15 0.800446 0.110619 0.066890 0.074589
15 0.839465 0.439317 0.057971 0.082174
16 0.579710 0.395702 0.075808 0.058154
16 0.456522 0.407080 0.074693 0.055626
17 0.761427 0.394437 0.055741 0.070796
17 0.704013 0.458281 0.065775 0.056890
18 0.488294 0.520860 0.057971 0.042984
18 0.457637 0.744627 0.039019 0.073325
19 0.706800 0.743363 0.044593 0.068268
19 0.880713 0.215550 0.046823 0.072061
20 0.431438 0.472187 0.049052 0.049305
20 0.274805 0.501896 0.052397 0.042984
21 0.296544 0.530973 0.044593 0.060683
21 0.873467 0.426675 0.045708 0.056890
22 0.257525 0.622630 0.080268 0.109987
22 0.264771 0.734513 0.108138 0.080910