0 0.557522 0.201299 0.191150 0.228200
0 0.522124 0.429499 0.145133 0.165121
1 0.377876 0.573284 0.281416 0.148423
1 0.602655 0.647495 0.097345 0.300557
2 0.854867 0.568646 0.116814 0.250464
2 0.399115 0.761596 0.097345 0.168831
3 0.376106 0.230983 0.168142 0.124304
3 0.328319 0.353432 0.217699 0.139147
4 0.495575 0.531540 0.184071 0.228200
4 0.446018 0.709647 0.145133 0.209647
5 0.696460 0.308905 0.224779 0.120594
5 0.753097 0.704082 0.079646 0.209647
6 0.626549 0.351577 0.187611 0.153989
6 0.548673 0.669759 0.194690 0.066790
7 0.153982 0.366419 0.194690 0.076067
7 0.332743 0.816327 0.070796 0.200371
8 0.436283 0.362709 0.150442 0.142857
8 0.693805 0.728200 0.067257 0.157699
9 0.257522 0.642857 0.164602 0.083488
9 0.675221 0.375696 0.157522 0.113173
10 0.392920 0.659555 0.162832 0.109462
10 0.678761 0.641929 0.139823 0.107607
11 0.321239 0.309833 0.129204 0.155844
11 0.735398 0.740260 0.224779 0.066790
12 0.853097 0.406308 0.148673 0.055659
12 0.746903 0.584416 0.127434 0.051948
13 0.236283 0.724490 0.069027 0.142857
13 0.425664 0.847866 0.122124 0.100186
14 0.813274 0.607607 0.069027 0.116883
14 0.751327 0.526902 0.107965 0.107607
15 0.821239 0.508349 0.106195 0.089054
15 0.354867 0.782931 0.129204 0.074212
16 0.592035 0.552876 0.051327 0.118738
16 0.287611 0.526902 0.061947 0.129870
17 0.806195 0.453618 0.090265 0.094620
17 0.734513 0.463822 0.095575 0.085343
18 0.446018 0.770872 0.074336 0.076067
18 0.503540 0.373840 0.051327 0.079777
19 0.361062 0.582560 0.092035 0.055659
19 0.340708 0.649351 0.083186 0.077922
20 0.472566 0.556586 0.074336 0.059369
20 0.598230 0.463822 0.060177 0.055659
21 0.395575 0.476809 0.054867 0.089054
21 0.655752 0.490724 0.076106 0.076067
22 0.484071 0.451763 0.185841 0.076067
23 0.606195 0.212430 0.100885 0.057514