0 0.215190 0.471242 0.196689 0.087582
0 0.481500 0.556209 0.121714 0.129412
1 0.538948 0.826797 0.145083 0.241830
1 0.501461 0.667320 0.194742 0.129412
2 0.488315 0.720261 0.135346 0.133333
2 0.495618 0.137255 0.132425 0.156863
3 0.310613 0.555556 0.072055 0.109804
3 0.376339 0.366013 0.108082 0.120261
4 0.537001 0.188889 0.104187 0.158170
4 0.144596 0.362092 0.073028 0.227451
5 0.325219 0.426144 0.044791 0.198693
5 0.556962 0.479739 0.136319 0.091503
6 0.621227 0.505229 0.064265 0.181699
6 0.683057 0.903922 0.145083 0.111111
7 0.105161 0.537908 0.052580 0.171242
7 0.313048 0.711111 0.055501 0.120261
8 0.166991 0.374510 0.108082 0.100654
8 0.367089 0.369281 0.037001 0.152941
9 0.437196 0.466013 0.075949 0.139869
9 0.192795 0.231373 0.042843 0.172549
10 0.440117 0.670588 0.068160 0.172549
10 0.543817 0.446405 0.055501 0.137255
11 0.462025 0.833333 0.096397 0.069281
11 0.896787 0.680392 0.124635 0.066667
12 0.080818 0.513072 0.058423 0.113725
12 0.584713 0.371895 0.080818 0.111111
13 0.486368 0.347712 0.061344 0.081046
13 0.562804 0.487582 0.038948 0.115033
14 0.464946 0.313725 0.055501 0.122876
14 0.368549 0.471242 0.047712 0.069281
15 0.713242 0.890850 0.084713 0.045752
15 0.546251 0.100000 0.037001 0.105882
16 0.203505 0.700654 0.103213 0.041830
16 0.405550 0.479085 0.051607 0.074510
17 0.592016 0.513725 0.044791 0.075817
17 0.407011 0.186928 0.033106 0.096732
18 0.240506 0.549673 0.040896 0.074510
18 0.277020 0.583660 0.037975 0.058824
19 0.432327 0.282353 0.040896 0.078431
19 0.250243 0.415033 0.037001 0.087582
20 0.377313 0.564706 0.032132 0.070588
20 0.245375 0.359477 0.027264 0.057516
21 0.359786 0.299346 0.039922 0.083660
21 0.476631 0.419608 0.037975 0.075817
22 0.578870 0.373856 0.074976 0.156863
23 0.102240 0.400000 0.027264 0.067974