0 0.617960 0.818966 0.200850 0.170498
0 0.416578 0.406130 0.180659 0.118774
1 0.352285 0.640805 0.086079 0.151341
1 0.119554 0.643678 0.090329 0.264368
2 0.380446 0.276820 0.112646 0.212644
2 0.884697 0.449234 0.154091 0.124521
3 0.757705 0.698276 0.131775 0.093870
3 0.911265 0.693487 0.062699 0.203065
4 0.657279 0.746169 0.107333 0.109195
4 0.092986 0.250958 0.098831 0.118774
5 0.546759 0.769157 0.069075 0.189655
5 0.289054 0.609195 0.104145 0.141762
6 0.428799 0.401341 0.054198 0.224138
6 0.275770 0.845785 0.124336 0.074713
7 0.103082 0.454023 0.065887 0.187739
7 0.494687 0.206897 0.037194 0.218391
8 0.645058 0.370690 0.091392 0.074713
8 0.420298 0.529693 0.111583 0.063218
9 0.251860 0.425287 0.076514 0.118774
9 0.672157 0.471264 0.054198 0.134100
10 0.543571 0.183908 0.052072 0.191571
10 0.442083 0.338123 0.099894 0.078544
11 0.725824 0.439655 0.104145 0.070881
11 0.636557 0.625479 0.057386 0.139847
12 0.711477 0.829502 0.039320 0.157088
12 0.778959 0.818966 0.078640 0.070881
13 0.868757 0.478927 0.052072 0.145594
13 0.148247 0.357280 0.066950 0.105364
14 0.816684 0.546935 0.039320 0.132184
14 0.796493 0.732759 0.037194 0.128352
15 0.591923 0.655172 0.059511 0.103448
15 0.620085 0.545977 0.071201 0.057471
16 0.274176 0.771073 0.065887 0.082375
16 0.301807 0.881226 0.048884 0.122605
17 0.350159 0.502874 0.047821 0.090038
17 0.606270 0.483716 0.054198 0.097701
18 0.275239 0.680077 0.031881 0.099617
18 0.209352 0.549808 0.057386 0.080460
19 0.246546 0.738506 0.051010 0.074713
19 0.727418 0.581418 0.047821 0.059387
20 0.579702 0.248084 0.043571 0.082375
20 0.520723 0.389847 0.038257 0.078544
21 0.544102 0.575670 0.036132 0.097701
21 0.340595 0.774904 0.043571 0.082375
22 0.605739 0.225096 0.072264 0.193487
23 0.696599 0.618774 0.049947 0.072797