0 0.604405 0.166667 0.187602 0.189744
0 0.555465 0.641026 0.154976 0.184615
1 0.251223 0.178632 0.274062 0.176068
1 0.300163 0.235897 0.228385 0.276923
2 0.845840 0.366667 0.128874 0.217094
2 0.643556 0.599145 0.128874 0.162393
3 0.478793 0.582051 0.203915 0.200000
3 0.554649 0.456410 0.247961 0.071795
4 0.609299 0.190598 0.099511 0.234188
4 0.724307 0.656410 0.156607 0.174359
5 0.491843 0.855556 0.181077 0.104274
5 0.616639 0.377778 0.101142 0.133333
6 0.539967 0.303419 0.130506 0.128205
6 0.777325 0.747863 0.109299 0.141880
7 0.858891 0.595726 0.122349 0.138462
7 0.240620 0.655556 0.171289 0.059829
8 0.743883 0.619658 0.137031 0.141880
8 0.401305 0.346154 0.114192 0.141880
9 0.341762 0.533333 0.076672 0.174359
9 0.561175 0.758974 0.104405 0.177778
10 0.448613 0.200855 0.075041 0.121368
10 0.672104 0.483761 0.078303 0.181197
11 0.761011 0.501709 0.122349 0.100855
11 0.468189 0.548718 0.163132 0.092308
12 0.677814 0.735043 0.115824 0.092308
12 0.698206 0.582906 0.107667 0.116239
13 0.522838 0.519658 0.148450 0.047863
13 0.350734 0.706838 0.061990 0.141880
14 0.587276 0.410256 0.097879 0.119658
14 0.448613 0.192308 0.143556 0.046154
15 0.748777 0.143590 0.091354 0.112821
15 0.558728 0.797436 0.070147 0.100855
16 0.330343 0.411111 0.115824 0.076923
16 0.650082 0.805128 0.115824 0.061538
17 0.292822 0.782906 0.092985 0.102564
17 0.500000 0.348718 0.076672 0.088889
18 0.194943 0.516239 0.092985 0.064957
18 0.358891 0.548718 0.097879 0.051282
19 0.283850 0.336752 0.078303 0.085470
19 0.711256 0.390598 0.065253 0.070085
20 0.103589 0.558974 0.050571 0.082051
20 0.550571 0.662393 0.057096 0.049573
21 0.261011 0.535043 0.071778 0.088889
21 0.239804 0.394017 0.052202 0.076923
23 0.858891 0.500855 0.063622 0.047863