0 0.356695 0.334594 0.215481 0.196597
0 0.544979 0.283554 0.269874 0.117202
1 0.654812 0.279773 0.142259 0.211720
1 0.342050 0.500945 0.085774 0.279773
2 0.241632 0.566163 0.182008 0.156900
2 0.540795 0.750473 0.278243 0.109641
3 0.607741 0.835539 0.244770 0.147448
3 0.510460 0.224953 0.150628 0.219282
4 0.745816 0.319471 0.060669 0.238185
4 0.652720 0.438563 0.246862 0.075614
5 0.411088 0.636106 0.211297 0.119093
5 0.507322 0.693762 0.152720 0.109641
6 0.402720 0.127599 0.202929 0.141777
6 0.839958 0.268431 0.115063 0.162571
7 0.315900 0.229679 0.200837 0.085066
7 0.201883 0.355388 0.165272 0.158790
8 0.786611 0.770321 0.192469 0.073724
8 0.214435 0.344991 0.135983 0.088847
9 0.698745 0.521739 0.104603 0.143667
9 0.755230 0.390359 0.175732 0.092628
10 0.241632 0.515123 0.094142 0.149338
10 0.700837 0.650284 0.184100 0.098299
11 0.825314 0.363894 0.148536 0.122873
11 0.819038 0.557656 0.165272 0.117202
12 0.461297 0.384688 0.060669 0.141777
12 0.448745 0.546314 0.156904 0.049149
13 0.567992 0.671078 0.140167 0.094518
13 0.588912 0.536862 0.110879 0.098299
14 0.419456 0.440454 0.056485 0.132325
14 0.437238 0.585066 0.138075 0.062382
15 0.207113 0.646503 0.138075 0.079395
15 0.838912 0.497164 0.121339 0.098299
16 0.591004 0.257089 0.073222 0.124764
16 0.416318 0.561437 0.079498 0.128544
17 0.347280 0.474480 0.121339 0.064272
17 0.479079 0.465974 0.108787 0.066163
18 0.597280 0.449905 0.069038 0.098299
18 0.378661 0.346881 0.075314 0.069943
19 0.528243 0.499055 0.098326 0.068053
19 0.794979 0.650284 0.108787 0.064272
20 0.802301 0.283554 0.069038 0.064272
20 0.781381 0.584121 0.085774 0.068053
21 0.141213 0.503781 0.081590 0.077505
21 0.544979 0.551985 0.060669 0.071834
22 0.618201 0.611531 0.198745 0.062382
23 0.447699 0.788280 0.096234 0.068053