0 0.460848 0.298795 0.132137 0.163855
0 0.756117 0.579518 0.203915 0.156627
1 0.457586 0.531325 0.122349 0.156627
1 0.186786 0.324096 0.141925 0.310843
2 0.817292 0.391566 0.130506 0.224096
2 0.279772 0.320482 0.171289 0.144578
3 0.613377 0.665060 0.166395 0.149398
3 0.303426 0.621687 0.176183 0.110843
4 0.778956 0.263855 0.119086 0.166265
4 0.867047 0.289157 0.125612 0.226506
5 0.438825 0.640964 0.088091 0.216867
5 0.308320 0.353012 0.176183 0.074699
6 0.545677 0.808434 0.112561 0.180723
6 0.614192 0.353012 0.154976 0.079518
7 0.514682 0.754217 0.106036 0.178313
7 0.470636 0.119277 0.138662 0.079518
8 0.361338 0.831325 0.125612 0.086747
8 0.583197 0.514458 0.096248 0.175904
9 0.553834 0.253012 0.096248 0.168675
9 0.432300 0.202410 0.091354 0.159036
10 0.650082 0.455422 0.083197 0.163855
10 0.288744 0.395181 0.055465 0.192771
11 0.218597 0.566265 0.101142 0.163855
11 0.756933 0.610843 0.123980 0.132530
12 0.327080 0.140964 0.115824 0.074699
12 0.587276 0.400000 0.110930 0.086747
13 0.122349 0.709639 0.068515 0.151807
13 0.264274 0.608434 0.061990 0.146988
14 0.241436 0.725301 0.065253 0.139759
14 0.655791 0.542169 0.081566 0.120482
15 0.626427 0.214458 0.094617 0.110843
15 0.467374 0.415663 0.086460 0.103614
16 0.309135 0.887952 0.083197 0.113253
16 0.142741 0.653012 0.070147 0.125301
17 0.464927 0.916867 0.084829 0.098795
17 0.526917 0.304819 0.075041 0.098795
18 0.531811 0.675904 0.078303 0.065060
18 0.326264 0.738554 0.048940 0.108434
19 0.734910 0.719277 0.063622 0.113253
19 0.252039 0.395181 0.070147 0.067470
20 0.383361 0.545783 0.045677 0.079518
20 0.431485 0.433735 0.050571 0.062651
21 0.334421 0.457831 0.068515 0.086747
21 0.342577 0.643373 0.065253 0.062651
22 0.389886 0.679518 0.081566 0.192771
22 0.387439 0.212048 0.145188 0.081928