0 0.257877 0.273913 0.316750 0.086957
0 0.648425 0.213043 0.145937 0.130435
1 0.829187 0.606522 0.218905 0.181159
1 0.611111 0.750725 0.160862 0.182609
2 0.617745 0.422464 0.087894 0.198551
2 0.221393 0.750000 0.243781 0.079710
3 0.780265 0.273913 0.170813 0.197101
3 0.657546 0.484058 0.237148 0.089855
4 0.106136 0.665217 0.149254 0.136232
4 0.383914 0.808696 0.250415 0.060870
5 0.429519 0.492029 0.126036 0.091304
5 0.798507 0.440580 0.157546 0.153623
6 0.480100 0.373913 0.061360 0.194203
6 0.464345 0.156522 0.199005 0.066667
7 0.134328 0.564493 0.179104 0.097101
7 0.149254 0.415942 0.092869 0.144928
8 0.315920 0.684783 0.094527 0.143478
8 0.545605 0.533333 0.069652 0.153623
9 0.567993 0.391304 0.071310 0.144928
9 0.791045 0.144203 0.063018 0.163768
10 0.800166 0.327536 0.114428 0.121739
10 0.495025 0.916667 0.184080 0.059420
11 0.711443 0.812319 0.139303 0.137681
11 0.566335 0.630435 0.177446 0.066667
12 0.703980 0.664493 0.071310 0.131884
12 0.206468 0.252174 0.097844 0.124638
13 0.361526 0.608696 0.082919 0.115942
13 0.257048 0.447826 0.053068 0.124638
14 0.625207 0.745652 0.109453 0.079710
14 0.655887 0.420290 0.117745 0.066667
15 0.599502 0.700000 0.097844 0.089855
15 0.385572 0.854348 0.137645 0.062319
16 0.415423 0.684783 0.074627 0.102899
16 0.747098 0.184783 0.058043 0.105797
17 0.344942 0.434783 0.082919 0.084058
17 0.657546 0.312319 0.107794 0.062319
18 0.175788 0.508696 0.092869 0.055072
18 0.288557 0.489855 0.046434 0.089855
19 0.534826 0.814493 0.084577 0.066667
19 0.264511 0.610870 0.077944 0.079710
20 0.450249 0.655072 0.051410 0.081159
20 0.349917 0.505797 0.053068 0.072464
21 0.440299 0.346377 0.074627 0.055072
21 0.459370 0.260870 0.079602 0.052174
22 0.436153 0.730435 0.142620 0.095652
22 0.244610 0.386232 0.194030 0.068116