0 0.438671 0.496716 0.141397 0.136289
0 0.698467 0.551724 0.136286 0.249589
1 0.776831 0.531199 0.143101 0.300493
1 0.639693 0.308703 0.172061 0.144499
2 0.610733 0.776683 0.182283 0.157635
2 0.642249 0.360427 0.149915 0.228243
3 0.523850 0.893268 0.229983 0.170772
3 0.908859 0.545156 0.083475 0.236453
4 0.163543 0.243842 0.180579 0.142857
4 0.141397 0.517241 0.078365 0.220033
5 0.189097 0.334154 0.173765 0.165846
5 0.402896 0.583744 0.107325 0.182266
6 0.803237 0.526273 0.120954 0.178982
6 0.269165 0.614943 0.071550 0.188834
7 0.659284 0.784893 0.180579 0.072250
7 0.235945 0.352217 0.100511 0.155993
8 0.133731 0.176519 0.134583 0.126437
8 0.333901 0.269294 0.081772 0.144499
9 0.063884 0.535304 0.110733 0.151067
9 0.490630 0.785714 0.091993 0.165846
10 0.433560 0.669951 0.148211 0.098522
10 0.526405 0.367816 0.091993 0.174056
11 0.350937 0.486043 0.149915 0.095238
11 0.114140 0.385878 0.139693 0.118227
12 0.749574 0.367816 0.061329 0.141215
12 0.398637 0.251232 0.068143 0.131363
13 0.296422 0.458949 0.136286 0.050903
13 0.470187 0.403120 0.146508 0.050903
14 0.256388 0.146141 0.110733 0.111658
14 0.544293 0.691297 0.097104 0.088670
15 0.902896 0.770936 0.098807 0.090312
15 0.345826 0.348112 0.126065 0.052545
16 0.134583 0.229885 0.102215 0.065681
16 0.199319 0.584565 0.051107 0.124795
17 0.194208 0.504105 0.074957 0.085386
17 0.597956 0.637931 0.051107 0.110016
18 0.535775 0.500000 0.059625 0.080460
18 0.319421 0.348112 0.045997 0.088670
19 0.555366 0.597701 0.081772 0.082102
19 0.485520 0.364532 0.095400 0.045977
20 0.349233 0.261905 0.044293 0.073892
20 0.468484 0.232348 0.068143 0.067323
21 0.350085 0.399836 0.066440 0.060755
21 0.750426 0.684729 0.073254 0.068966
22 0.550256 0.275862 0.136286 0.160920
22 0.064736 0.181445 0.098807 0.100164