0 0.487751 0.625251 0.138085 0.156313
0 0.344098 0.755511 0.175947 0.132265
1 0.836303 0.635271 0.216036 0.100200
1 0.079065 0.213427 0.126949 0.282565
2 0.841871 0.366733 0.213808 0.116232
2 0.763920 0.275551 0.187082 0.138277
3 0.293987 0.713427 0.111359 0.208417
3 0.749443 0.518036 0.167038 0.166333
4 0.231626 0.342685 0.182628 0.164329
4 0.632517 0.341683 0.195991 0.150301
5 0.465479 0.334669 0.182628 0.108216
5 0.299555 0.662325 0.126949 0.170341
6 0.718263 0.693387 0.180401 0.124248
6 0.425390 0.304609 0.155902 0.096192
7 0.453229 0.475952 0.131403 0.142285
7 0.651448 0.715431 0.153675 0.120240
8 0.570156 0.473948 0.115813 0.138277
8 0.559020 0.701403 0.062361 0.136273
9 0.295100 0.909820 0.131403 0.132265
9 0.801782 0.500000 0.146993 0.126253
10 0.224944 0.761523 0.106904 0.156313
10 0.653675 0.729459 0.171492 0.076152
11 0.512249 0.758517 0.071269 0.150301
11 0.572383 0.762525 0.111359 0.138277
12 0.874165 0.432866 0.144766 0.064128
12 0.395323 0.585170 0.082405 0.128257
13 0.841871 0.468938 0.124722 0.088176
13 0.651448 0.479960 0.122494 0.074148
14 0.564588 0.194389 0.086860 0.124248
14 0.795100 0.294589 0.138085 0.060120
15 0.694878 0.574148 0.115813 0.062124
15 0.616927 0.627255 0.106904 0.080160
16 0.393096 0.908818 0.082405 0.114228
16 0.597996 0.331663 0.091314 0.094188
17 0.324053 0.837675 0.109131 0.056112
17 0.467706 0.228457 0.106904 0.072144
18 0.322940 0.502004 0.106904 0.062124
18 0.361915 0.622244 0.091314 0.086172
19 0.672606 0.407816 0.097996 0.070140
19 0.576837 0.277555 0.062361 0.074148
20 0.424276 0.412826 0.082405 0.064128
20 0.478842 0.732465 0.057906 0.062124
21 0.290646 0.360721 0.091314 0.072144
21 0.710468 0.247495 0.093541 0.066132
22 0.217149 0.867735 0.091314 0.172345
22 0.734967 0.531062 0.191537 0.060120