0 0.214433 0.178105 0.247423 0.143791
0 0.692784 0.533497 0.160825 0.334967
1 0.386598 0.831699 0.179381 0.228758
1 0.586598 0.451797 0.158763 0.289216
2 0.211340 0.712418 0.158763 0.150327
2 0.692784 0.349673 0.160825 0.169935
3 0.220619 0.574346 0.259794 0.106209
3 0.637113 0.486928 0.292784 0.094771
4 0.376289 0.199346 0.228866 0.205882
4 0.550515 0.351307 0.329897 0.052288
5 0.751546 0.709150 0.216495 0.114379
5 0.400000 0.763889 0.152577 0.168301
6 0.327835 0.645425 0.164948 0.140523
6 0.388660 0.453431 0.278351 0.066993
7 0.267010 0.377451 0.241237 0.075163
7 0.538144 0.294118 0.214433 0.091503
8 0.601031 0.164216 0.224742 0.083333
8 0.265979 0.224673 0.127835 0.171569
9 0.528866 0.685458 0.228866 0.096405
9 0.489691 0.817810 0.171134 0.106209
10 0.358763 0.306373 0.156701 0.148693
10 0.231959 0.188725 0.138144 0.187908
11 0.168041 0.499183 0.175258 0.112745
11 0.541237 0.720588 0.146392 0.163399
12 0.785567 0.389706 0.082474 0.165033
12 0.560825 0.428105 0.156701 0.075163
13 0.445361 0.622549 0.189691 0.052288
13 0.711340 0.582516 0.057732 0.138889
14 0.174227 0.540033 0.072165 0.125817
14 0.355670 0.735294 0.158763 0.120915
15 0.559794 0.599673 0.092784 0.107843
15 0.424742 0.191176 0.156701 0.094771
16 0.221649 0.329248 0.158763 0.066993
16 0.730928 0.747549 0.121649 0.106209
17 0.394845 0.857026 0.117526 0.076797
17 0.774227 0.579248 0.109278 0.099673
18 0.329897 0.419935 0.123711 0.045752
18 0.478351 0.854575 0.082474 0.068627
19 0.307216 0.510621 0.115464 0.060458
19 0.827835 0.509804 0.076289 0.094771
20 0.600000 0.412582 0.078351 0.047386
20 0.444330 0.750000 0.068041 0.062092
21 0.475258 0.580065 0.121649 0.039216
21 0.539175 0.302288 0.059794 0.084967
22 0.574227 0.227124 0.253608 0.055556
23 0.482474 0.376634 0.094845 0.057190