0 0.298404 0.440287 0.124468 0.214968
0 0.799468 0.623408 0.073404 0.297771
1 0.737234 0.555732 0.048936 0.312102
1 0.487234 0.458599 0.051064 0.292994
2 0.850532 0.472930 0.062766 0.226115
2 0.313830 0.433121 0.091489 0.111465
3 0.413830 0.416401 0.136170 0.167197
3 0.493617 0.291401 0.163830 0.060510
4 0.233511 0.682325 0.115957 0.138535
4 0.236170 0.821656 0.140426 0.076433
5 0.364894 0.247611 0.127660 0.122611
5 0.720745 0.688694 0.109574 0.148089
6 0.328723 0.146497 0.106383 0.111465
6 0.107979 0.463376 0.088298 0.191083
7 0.136702 0.263535 0.086170 0.141720
7 0.211702 0.645701 0.053191 0.132166
8 0.339894 0.376592 0.105319 0.058917
8 0.273404 0.280255 0.044681 0.165605
9 0.544681 0.562102 0.119149 0.070064
9 0.487766 0.505573 0.107447 0.100318
10 0.410106 0.362261 0.092553 0.119427
10 0.131383 0.489650 0.107447 0.081210
11 0.368085 0.289013 0.093617 0.093949
11 0.313298 0.244427 0.107447 0.065287
12 0.190957 0.523885 0.077660 0.098726
12 0.636702 0.598726 0.090426 0.047771
13 0.269681 0.584395 0.058511 0.079618
13 0.588298 0.390924 0.091489 0.071656
14 0.312234 0.635350 0.047872 0.114650
14 0.303191 0.441083 0.082979 0.060510
15 0.521277 0.367834 0.036170 0.124204
15 0.152660 0.605892 0.077660 0.046178
16 0.117553 0.642516 0.064894 0.055732
16 0.094149 0.928344 0.058511 0.079618
17 0.243085 0.761943 0.069149 0.058917
17 0.592553 0.349522 0.070213 0.058917
18 0.376596 0.136943 0.057447 0.079618
18 0.138830 0.320064 0.037234 0.092357
19 0.649468 0.499204 0.058511 0.068471
19 0.687766 0.535032 0.030851 0.105096
20 0.315426 0.546975 0.045745 0.049363
20 0.586170 0.498408 0.051064 0.057325
21 0.643617 0.421975 0.036170 0.085987
21 0.450000 0.484873 0.055319 0.049363
22 0.701064 0.454618 0.061702 0.186306
22 0.627660 0.625000 0.059574 0.119427