0 0.476341 0.680791 0.214511 0.144068
0 0.516562 0.698446 0.127760 0.185028
1 0.274448 0.544492 0.082019 0.193503
1 0.718454 0.425141 0.124606 0.163842
2 0.705836 0.583333 0.146688 0.135593
2 0.287066 0.264831 0.154574 0.117232
3 0.391956 0.576977 0.105678 0.083333
3 0.501577 0.687853 0.151420 0.127119
4 0.150631 0.514124 0.168770 0.079096
4 0.436909 0.866525 0.145110 0.114407
5 0.383281 0.932203 0.145110 0.107345
5 0.327287 0.841808 0.146688 0.064972
6 0.483438 0.901836 0.080442 0.134181
6 0.778391 0.527542 0.140379 0.060734
7 0.305205 0.413136 0.055205 0.125706
7 0.328076 0.752119 0.123028 0.103107
8 0.653785 0.299435 0.140379 0.059322
8 0.515773 0.532486 0.123028 0.081921
9 0.794164 0.430791 0.137224 0.067797
9 0.850158 0.610876 0.104101 0.105932
10 0.372240 0.354520 0.113565 0.093220
10 0.297319 0.786723 0.124606 0.062147
11 0.216088 0.641243 0.126183 0.079096
11 0.750789 0.767655 0.123028 0.097458
12 0.411672 0.382768 0.063091 0.090395
12 0.642744 0.894774 0.080442 0.094633
13 0.500789 0.262006 0.118297 0.060734
13 0.351735 0.648305 0.110410 0.053672
14 0.750789 0.875706 0.075710 0.096045
14 0.598580 0.220339 0.118297 0.045198
15 0.754732 0.692797 0.058360 0.080508
15 0.554416 0.910311 0.096215 0.055085
16 0.555205 0.812147 0.059937 0.081921
16 0.719243 0.773305 0.094637 0.063559
17 0.484227 0.355226 0.088328 0.043785
17 0.447950 0.220339 0.082019 0.062147
18 0.720820 0.927260 0.078864 0.060734
18 0.292587 0.941384 0.052050 0.074859
19 0.694006 0.683616 0.072555 0.056497
19 0.600946 0.395480 0.078864 0.042373
20 0.544953 0.398305 0.048896 0.056497
20 0.432965 0.834040 0.064669 0.038136
21 0.433754 0.804379 0.066246 0.040960
21 0.577287 0.363701 0.078864 0.046610
22 0.626972 0.592514 0.140379 0.060734
23 0.917192 0.079096 0.058360 0.073446