0 0.492792 0.744233 0.167759 0.180461
0 0.615990 0.518318 0.183486 0.135685
1 0.853211 0.546133 0.199214 0.145183
1 0.591088 0.077341 0.186107 0.113976
2 0.702490 0.749661 0.073394 0.204885
2 0.637615 0.903664 0.169069 0.113976
3 0.855832 0.487110 0.081258 0.187246
3 0.771298 0.353460 0.069463 0.199457
4 0.591088 0.514247 0.133683 0.146540
4 0.256225 0.738128 0.171691 0.067843
5 0.280472 0.689959 0.167759 0.088195
5 0.427261 0.578019 0.159895 0.056988
6 0.479030 0.800543 0.153342 0.111262
6 0.094364 0.508141 0.112713 0.142469
7 0.265400 0.504071 0.137615 0.061058
7 0.148755 0.524423 0.124509 0.104478
8 0.531455 0.652646 0.053735 0.127544
8 0.171691 0.645862 0.144168 0.056988
9 0.916121 0.373134 0.086501 0.132972
9 0.262779 0.567843 0.082569 0.115332
10 0.441678 0.862958 0.112713 0.092266
10 0.287025 0.547490 0.125819 0.047490
11 0.766710 0.324288 0.133683 0.051560
11 0.705767 0.609227 0.140236 0.048847
12 0.816514 0.263229 0.089122 0.094980
12 0.683486 0.555631 0.090433 0.085482
13 0.604849 0.815468 0.079948 0.094980
13 0.805374 0.649254 0.100917 0.080054
14 0.378768 0.653324 0.055046 0.104478
14 0.793578 0.805970 0.116645 0.062415
15 0.185452 0.653324 0.040629 0.101764
15 0.224115 0.803935 0.096986 0.055631
16 0.614679 0.212347 0.060288 0.099050
16 0.784404 0.413840 0.082569 0.070556
17 0.160550 0.589552 0.056356 0.088195
17 0.786370 0.459294 0.078637 0.044776
18 0.362385 0.813433 0.074705 0.052917
18 0.684797 0.272727 0.064220 0.070556
19 0.390564 0.751018 0.057667 0.066486
19 0.772608 0.531208 0.043250 0.066486
20 0.504587 0.649932 0.041940 0.054274
20 0.648755 0.806649 0.060288 0.042062
21 0.477064 0.703528 0.047182 0.063772
21 0.559633 0.700814 0.039318 0.069199
22 0.660550 0.386024 0.070773 0.109905
23 0.775885 0.812754 0.041940 0.081411