0 0.727523 0.636445 0.339450 0.188510
0 0.666055 0.721724 0.179817 0.362657
1 0.628440 0.477558 0.284404 0.140036
1 0.307339 0.264811 0.229358 0.192101
2 0.235780 0.556553 0.291743 0.082585
2 0.497248 0.721724 0.154128 0.236984
3 0.345872 0.377020 0.262385 0.129264
3 0.424771 0.089767 0.258716 0.082585
4 0.576147 0.886894 0.275229 0.129264
4 0.427523 0.469479 0.154128 0.220826
5 0.198165 0.380610 0.110092 0.211849
5 0.724771 0.502693 0.256881 0.093357
6 0.467890 0.219928 0.117431 0.166966
6 0.309174 0.695691 0.236697 0.091562
7 0.271560 0.450628 0.069725 0.183124
7 0.275229 0.405745 0.183486 0.132855
8 0.455963 0.783662 0.115596 0.109515
8 0.828440 0.388689 0.122936 0.177738
9 0.609174 0.394973 0.179817 0.064632
9 0.762385 0.589767 0.100917 0.141831
10 0.327523 0.183124 0.177982 0.129264
10 0.859633 0.617594 0.100917 0.125673
11 0.693578 0.548474 0.135780 0.138241
11 0.608257 0.234291 0.111927 0.113106
12 0.134862 0.654399 0.104587 0.145422
12 0.605505 0.806104 0.073394 0.150808
13 0.339450 0.290844 0.091743 0.150808
13 0.788073 0.408438 0.100917 0.166966
14 0.357798 0.590664 0.080734 0.157989
14 0.730275 0.374327 0.084404 0.152603
15 0.694495 0.716338 0.108257 0.078995
15 0.355046 0.782765 0.104587 0.129264
16 0.776147 0.785458 0.102752 0.134650
16 0.510092 0.254039 0.073394 0.141831
17 0.259633 0.758528 0.111927 0.098743
17 0.278899 0.655296 0.058716 0.122083
18 0.419266 0.656194 0.056881 0.102334
18 0.489908 0.894075 0.113761 0.057451
19 0.503670 0.238779 0.108257 0.053860
19 0.228440 0.790844 0.100917 0.087971
20 0.155963 0.488330 0.069725 0.086176
20 0.209174 0.506284 0.058716 0.093357
21 0.260550 0.123878 0.058716 0.111311
21 0.339450 0.496409 0.080734 0.055655
22 0.622018 0.312388 0.154128 0.100539
23 0.575229 0.702873 0.056881 0.098743