0 0.746457 0.526974 0.187247 0.111842
0 0.741903 0.327632 0.105263 0.210526
1 0.412955 0.107895 0.188259 0.115789
1 0.443826 0.289474 0.065789 0.218421
2 0.504049 0.164474 0.072874 0.165789
2 0.363866 0.584211 0.156883 0.047368
3 0.572874 0.742105 0.131579 0.089474
3 0.290486 0.705921 0.095142 0.156579
4 0.361336 0.196711 0.091093 0.138158
4 0.360324 0.761184 0.082996 0.143421
5 0.601721 0.258553 0.057692 0.169737
5 0.707490 0.257237 0.099190 0.140789
6 0.101215 0.377632 0.115385 0.068421
6 0.341093 0.619079 0.123482 0.067105
7 0.417510 0.648684 0.094130 0.089474
7 0.418522 0.887500 0.049595 0.140789
8 0.371964 0.747368 0.079960 0.100000
8 0.428138 0.287500 0.097166 0.085526
9 0.488866 0.884868 0.048583 0.127632
9 0.533907 0.905921 0.122470 0.048684
10 0.549595 0.326316 0.056680 0.134211
10 0.800607 0.731579 0.050607 0.139474
11 0.258603 0.732237 0.104251 0.103947
11 0.727227 0.221053 0.065789 0.123684
12 0.528846 0.426974 0.057692 0.111842
12 0.462551 0.447368 0.085020 0.076316
13 0.482794 0.624342 0.044534 0.103947
13 0.415486 0.806579 0.088057 0.044737
14 0.622976 0.415789 0.063765 0.102632
14 0.657895 0.227632 0.034413 0.128947
15 0.461538 0.355263 0.070850 0.057895
15 0.196862 0.739474 0.059717 0.089474
16 0.494939 0.818421 0.078947 0.052632
16 0.608806 0.289474 0.071862 0.076316
17 0.447368 0.147368 0.036437 0.081579
17 0.370951 0.872368 0.047571 0.081579
18 0.558198 0.670395 0.039474 0.080263
18 0.480263 0.720395 0.055668 0.059211
19 0.742915 0.707237 0.048583 0.082895
19 0.499494 0.287500 0.045547 0.067105
20 0.423583 0.714474 0.049595 0.057895
20 0.469130 0.265789 0.047571 0.052632
21 0.628036 0.356579 0.057692 0.039474
21 0.162955 0.041447 0.044534 0.051316
22 0.579453 0.164474 0.065789 0.126316
22 0.437247 0.528947 0.091093 0.071053