0 0.610546 0.311500 0.144311 0.073000
0 0.685476 0.683000 0.175763 0.062000
1 0.657262 0.751500 0.121184 0.079000
1 0.520814 0.342000 0.075856 0.064000
2 0.707216 0.277000 0.123034 0.094000
2 0.772433 0.513000 0.133210 0.060000
3 0.766883 0.726500 0.062905 0.141000
3 0.416744 0.491000 0.113784 0.058000
4 0.502775 0.418000 0.102683 0.104000
4 0.480574 0.302500 0.097132 0.095000
5 0.577706 0.384000 0.082331 0.106000
5 0.457447 0.417000 0.091582 0.094000
6 0.762257 0.383500 0.077706 0.107000
6 0.511101 0.634500 0.106383 0.047000
7 0.463922 0.581500 0.093432 0.061000
7 0.515726 0.764500 0.100833 0.049000
8 0.268270 0.663500 0.094357 0.055000
8 0.636448 0.598500 0.092507 0.037000
9 0.642461 0.362000 0.089732 0.046000
9 0.389454 0.389500 0.072155 0.091000
10 0.438483 0.294500 0.051804 0.059000
10 0.776133 0.721000 0.098057 0.050000
11 0.848289 0.462500 0.064755 0.097000
11 0.223404 0.787500 0.063830 0.105000
12 0.616559 0.548000 0.045328 0.082000
12 0.359852 0.441000 0.048104 0.080000
13 0.328400 0.643500 0.075856 0.041000
13 0.666512 0.541000 0.067530 0.058000
14 0.391304 0.555000 0.064755 0.056000
14 0.599445 0.816000 0.077706 0.038000
15 0.782146 0.474000 0.071230 0.038000
15 0.630897 0.686000 0.040703 0.074000
16 0.669288 0.457500 0.034228 0.075000
16 0.754857 0.405000 0.064755 0.058000
17 0.486586 0.065000 0.053654 0.066000
17 0.638760 0.392000 0.050879 0.056000
18 0.051341 0.955000 0.065680 0.038000
18 0.880666 0.602500 0.037003 0.065000
19 0.802035 0.557000 0.051804 0.052000
19 0.603145 0.643500 0.042553 0.057000
20 0.816374 0.381000 0.054579 0.040000
20 0.953747 0.353000 0.038853 0.060000
21 0.767808 0.443000 0.046253 0.044000
21 0.629972 0.448500 0.044403 0.051000
22 0.752081 0.527000 0.085106 0.084000
22 0.515726 0.764500 0.100833 0.049000
23 0.338113 0.412000 0.034228 0.060000