0 0.797778 0.183075 0.146667 0.051991
0 0.563889 0.564712 0.092222 0.116150
1 0.674444 0.619469 0.122222 0.075221
1 0.581111 0.771018 0.091111 0.130531
2 0.785556 0.699115 0.073333 0.101770
2 0.730000 0.714049 0.113333 0.063053
3 0.507778 0.700221 0.113333 0.061947
3 0.494444 0.149336 0.113333 0.044248
4 0.587778 0.446903 0.082222 0.086283
4 0.428889 0.321903 0.053333 0.095133
5 0.557778 0.948562 0.084444 0.074115
5 0.677778 0.278761 0.091111 0.081858
6 0.768333 0.082965 0.101111 0.059735
6 0.735556 0.710177 0.051111 0.084071
7 0.208333 0.689712 0.047778 0.094027
7 0.806111 0.665929 0.054444 0.077434
8 0.616111 0.400996 0.081111 0.054204
8 0.603889 0.059181 0.085556 0.054204
9 0.891111 0.294801 0.042222 0.087389
9 0.831111 0.257743 0.073333 0.066372
10 0.920000 0.235619 0.044444 0.088496
10 0.677778 0.774336 0.068889 0.070796
11 0.672778 0.668695 0.043333 0.080752
11 0.928889 0.491150 0.042222 0.081858
12 0.761111 0.620575 0.060000 0.053097
12 0.520000 0.201327 0.062222 0.064159
13 0.593889 0.330199 0.050000 0.071903
13 0.693333 0.061394 0.068889 0.054204
14 0.676111 0.222345 0.072222 0.046460
14 0.735000 0.219580 0.070000 0.043142
15 0.283889 0.329646 0.052222 0.066372
15 0.726111 0.663164 0.056667 0.034292
16 0.599444 0.641040 0.036667 0.063053
16 0.618333 0.191372 0.056667 0.050885
17 0.436111 0.941925 0.056667 0.049779
17 0.616667 0.231195 0.048889 0.053097
18 0.570000 0.251106 0.055556 0.042035
18 0.620000 0.540929 0.046667 0.050885
19 0.561111 0.658739 0.046667 0.051991
19 0.743889 0.139934 0.038889 0.051991
20 0.710000 0.603982 0.040000 0.042035
20 0.928889 0.542588 0.051111 0.040929
21 0.756111 0.761615 0.038889 0.045354
21 0.603889 0.768252 0.038889 0.045354
22 0.276667 0.479535 0.077778 0.080752
23 0.073889 0.597898 0.052222 0.036504