0 0.362559 0.443461 0.080569 0.180924
0 0.685624 0.696165 0.214850 0.090462
1 0.199052 0.816618 0.240126 0.077679
1 0.518167 0.576205 0.078989 0.153392
2 0.403633 0.761554 0.146919 0.103245
2 0.600316 0.275811 0.123223 0.124877
3 0.510269 0.620452 0.167457 0.084562
3 0.306477 0.563422 0.189573 0.043265
4 0.323855 0.119469 0.154818 0.095379
4 0.220379 0.398230 0.096367 0.100295
5 0.441548 0.924287 0.058452 0.108161
5 0.310427 0.768928 0.162717 0.039331
6 0.500000 0.194199 0.093207 0.103245
6 0.736967 0.323009 0.086888 0.107178
7 0.507109 0.325467 0.082148 0.096362
7 0.348341 0.884956 0.064771 0.094395
8 0.422591 0.415438 0.061611 0.099312
8 0.839652 0.574238 0.105845 0.094395
9 0.658768 0.611111 0.056872 0.093412
9 0.289100 0.397247 0.142180 0.047198
10 0.497630 0.916912 0.097946 0.089479
10 0.593207 0.496559 0.058452 0.090462
11 0.334123 0.068338 0.086888 0.095379
11 0.538705 0.339725 0.151659 0.042281
12 0.734597 0.482793 0.094787 0.068830
12 0.281201 0.394297 0.097946 0.062930
13 0.394155 0.881023 0.048973 0.076696
13 0.572670 0.676500 0.061611 0.078663
14 0.686414 0.258604 0.074250 0.072763
14 0.312796 0.697148 0.069510 0.068830
15 0.236177 0.701082 0.067930 0.062930
15 0.388626 0.510324 0.088468 0.035398
16 0.435229 0.539331 0.061611 0.061947
16 0.210111 0.648476 0.072670 0.059980
17 0.913902 0.247788 0.102686 0.039331
17 0.154818 0.436087 0.088468 0.044248
18 0.642970 0.530482 0.072670 0.048181
18 0.208531 0.507375 0.069510 0.051131
19 0.442338 0.772370 0.085308 0.036382
19 0.733017 0.868240 0.085308 0.043265
20 0.145340 0.679941 0.053712 0.044248
20 0.749605 0.187807 0.071090 0.035398
21 0.172986 0.710423 0.080569 0.034415
21 0.293049 0.590954 0.064771 0.045231
22 0.291469 0.550147 0.093207 0.091445
23 0.434439 0.305801 0.050553 0.047198