0 0.530806 0.199195 0.116114 0.144869
0 0.479265 0.067404 0.131517 0.108652
1 0.261256 0.294769 0.110190 0.175050
1 0.543839 0.110161 0.187204 0.178068
2 0.558649 0.581992 0.093602 0.093561
2 0.452014 0.595070 0.178910 0.127767
3 0.445498 0.604628 0.087678 0.152918
3 0.569313 0.066398 0.095972 0.130785
4 0.779028 0.742958 0.088863 0.119718
4 0.478081 0.572938 0.129147 0.127767
5 0.171209 0.352113 0.088863 0.136821
5 0.459716 0.311368 0.054502 0.151911
6 0.891588 0.678571 0.181280 0.085513
6 0.450237 0.349598 0.068720 0.145875
7 0.860782 0.690644 0.093602 0.133803
7 0.491706 0.162978 0.139810 0.066398
8 0.198460 0.215292 0.157583 0.056338
8 0.452607 0.533702 0.073460 0.101610
9 0.848341 0.767606 0.090047 0.120724
9 0.387441 0.071429 0.127962 0.064386
10 0.750592 0.878773 0.145735 0.075453
10 0.382701 0.327465 0.090047 0.107646
11 0.842417 0.852113 0.132701 0.064386
11 0.751777 0.962777 0.169431 0.050302
12 0.107820 0.261569 0.109005 0.058350
12 0.572867 0.539738 0.086493 0.057344
13 0.349526 0.484909 0.097156 0.046278
13 0.349526 0.283199 0.040284 0.101610
14 0.303910 0.151408 0.100711 0.073441
14 0.403436 0.415493 0.060427 0.090543
15 0.222749 0.165996 0.097156 0.060362
15 0.339455 0.404427 0.046209 0.080483
16 0.733412 0.605634 0.073460 0.072435
16 0.284360 0.421026 0.101896 0.069416
17 0.345379 0.221328 0.084123 0.058350
17 0.816351 0.924547 0.097156 0.042254
18 0.363744 0.555332 0.042654 0.072435
18 0.930095 0.726358 0.054502 0.074447
19 0.933057 0.592555 0.079384 0.048290
19 0.391588 0.330986 0.060427 0.062374
20 0.402844 0.195674 0.066351 0.057344
20 0.376185 0.432093 0.050948 0.051308
21 0.692536 0.610161 0.062796 0.047284
21 0.438981 0.410966 0.039100 0.063380
22 0.254739 0.459256 0.101896 0.113682
22 0.299171 0.424547 0.041469 0.122736