0 0.253959 0.360856 0.130329 0.235474
0 0.478076 0.477064 0.171742 0.137615
1 0.429354 0.804281 0.140073 0.226300
1 0.682095 0.576453 0.080390 0.229358
2 0.518879 0.142966 0.126675 0.215596
2 0.465895 0.284404 0.118149 0.162080
3 0.452497 0.311162 0.157125 0.133028
3 0.543240 0.754587 0.046285 0.203364
4 0.755177 0.622324 0.053593 0.198777
4 0.249695 0.504587 0.041413 0.214067
5 0.202801 0.605505 0.071864 0.174312
5 0.697320 0.320336 0.079172 0.157492
6 0.331912 0.444190 0.113276 0.139144
6 0.417783 0.811162 0.141291 0.117737
7 0.397077 0.946483 0.126675 0.073394
7 0.309379 0.480887 0.082826 0.102446
8 0.830694 0.724771 0.060901 0.165138
8 0.732643 0.426606 0.074300 0.159021
9 0.409866 0.649847 0.071864 0.159021
9 0.112058 0.687309 0.102314 0.139144
10 0.615713 0.676606 0.123021 0.071865
10 0.919001 0.418960 0.052375 0.174312
11 0.798417 0.524465 0.088916 0.125382
11 0.759440 0.507645 0.069428 0.155963
12 0.301462 0.331804 0.098660 0.107034
12 0.622412 0.543578 0.036541 0.133028
13 0.337393 0.891437 0.107186 0.070336
13 0.752132 0.745413 0.105968 0.071865
14 0.489038 0.647554 0.071864 0.120795
14 0.328258 0.430428 0.037759 0.120795
15 0.428136 0.781346 0.084044 0.085627
15 0.599269 0.457951 0.038977 0.111621
16 0.319732 0.827982 0.079172 0.071865
16 0.719854 0.130734 0.051157 0.090214
17 0.655298 0.587156 0.048721 0.091743
17 0.803289 0.629205 0.079172 0.056575
18 0.384287 0.666667 0.057247 0.076453
18 0.629720 0.298930 0.075518 0.056575
19 0.244214 0.737768 0.066991 0.068807
19 0.354446 0.210245 0.046285 0.099388
20 0.484775 0.808869 0.038977 0.076453
20 0.325822 0.769113 0.052375 0.067278
21 0.502436 0.737003 0.042631 0.082569
21 0.334348 0.660550 0.066991 0.051988
22 0.793544 0.308869 0.105968 0.094801
22 0.549330 0.811927 0.102314 0.079511