0 0.771513 0.511290 0.100890 0.235484
0 0.206231 0.374731 0.163205 0.132258
1 0.212166 0.447312 0.151335 0.156989
1 0.201780 0.511828 0.261128 0.088172
2 0.758160 0.217742 0.225519 0.140860
2 0.560831 0.869892 0.074184 0.193548
3 0.505193 0.502151 0.197329 0.146237
3 0.057864 0.443011 0.118694 0.159140
4 0.855341 0.689247 0.191395 0.150538
4 0.847181 0.569892 0.100890 0.103226
5 0.769288 0.712903 0.161721 0.137634
5 0.629822 0.431720 0.215134 0.050538
6 0.721810 0.120968 0.137982 0.138710
6 0.668398 0.689785 0.126113 0.069892
7 0.502967 0.277419 0.112760 0.113978
7 0.482938 0.746774 0.093472 0.125806
8 0.591988 0.366667 0.178042 0.058065
8 0.439911 0.595161 0.185460 0.063441
9 0.339021 0.733871 0.140950 0.069892
9 0.287092 0.163978 0.117211 0.072043
10 0.609792 0.505914 0.145401 0.112903
10 0.440653 0.867204 0.189911 0.080645
11 0.871662 0.115591 0.111276 0.069892
11 0.651335 0.504301 0.142433 0.094624
12 0.425074 0.609677 0.096439 0.109677
12 0.477745 0.747849 0.145401 0.065591
13 0.580861 0.768280 0.111276 0.091398
13 0.388724 0.666129 0.080119 0.106452
14 0.351632 0.291935 0.139466 0.069892
14 0.233680 0.665054 0.072700 0.087097
15 0.614985 0.741398 0.120178 0.041935
15 0.445104 0.356989 0.109792 0.060215
16 0.336053 0.338710 0.108309 0.047312
16 0.649110 0.193011 0.137982 0.037634
17 0.359050 0.503226 0.086053 0.075269
17 0.586795 0.619892 0.051929 0.078495
18 0.454748 0.535484 0.081602 0.066667
18 0.275964 0.564516 0.068249 0.066667
19 0.721810 0.808602 0.072700 0.066667
19 0.169139 0.498387 0.059347 0.056989
20 0.293027 0.679570 0.048961 0.055914
20 0.616469 0.637634 0.048961 0.047312
21 0.374629 0.417742 0.043027 0.078495
21 0.169139 0.624731 0.050445 0.062366
22 0.284866 0.776882 0.103858 0.145161
22 0.928783 0.565054 0.103858 0.067742