0 0.351546 0.769920 0.303093 0.233068
0 0.529897 0.188247 0.181443 0.276892
1 0.665979 0.363546 0.301031 0.217131
1 0.740206 0.479084 0.263918 0.125498
2 0.540206 0.669323 0.156701 0.155378
2 0.873196 0.598606 0.146392 0.153386
3 0.308247 0.605578 0.096907 0.243028
3 0.460825 0.580677 0.216495 0.145418
4 0.362887 0.620518 0.156701 0.153386
4 0.257732 0.788845 0.226804 0.151394
5 0.574227 0.855578 0.158763 0.125498
5 0.708247 0.538845 0.249485 0.089641
6 0.263918 0.795817 0.078351 0.197211
6 0.682474 0.404382 0.131959 0.235060
7 0.619588 0.781873 0.171134 0.113546
7 0.446392 0.764940 0.117526 0.159363
8 0.117526 0.638446 0.156701 0.093625
8 0.454639 0.406375 0.195876 0.083665
9 0.348454 0.362550 0.090722 0.167331
9 0.164948 0.480080 0.070103 0.179283
10 0.311340 0.225100 0.181443 0.067729
10 0.677320 0.545817 0.134021 0.147410
11 0.179381 0.751992 0.123711 0.149402
11 0.446392 0.764940 0.117526 0.159363
12 0.441237 0.500000 0.152577 0.083665
12 0.810309 0.270916 0.074227 0.155378
13 0.254639 0.324701 0.076289 0.139442
13 0.693814 0.168327 0.063918 0.145418
14 0.553608 0.298805 0.167010 0.055777
14 0.738144 0.475100 0.131959 0.149402
15 0.897938 0.457171 0.096907 0.125498
15 0.484536 0.718127 0.119588 0.057769
16 0.765979 0.406375 0.072165 0.127490
16 0.386598 0.393426 0.063918 0.129482
17 0.553608 0.246016 0.096907 0.077689
17 0.317526 0.659363 0.078351 0.099602
18 0.424742 0.755976 0.107216 0.061753
18 0.268041 0.438247 0.086598 0.067729
19 0.751546 0.197211 0.068041 0.091633
19 0.206186 0.599602 0.094845 0.067729
20 0.346392 0.844622 0.074227 0.083665
20 0.458763 0.574701 0.072165 0.061753
21 0.400000 0.567729 0.061856 0.079681
21 0.500000 0.432271 0.068041 0.067729
22 0.457732 0.323705 0.090722 0.193227
22 0.585567 0.815737 0.078351 0.153386