0 0.281768 0.767932 0.218232 0.132208
0 0.289365 0.539381 0.197514 0.111111
1 0.442680 0.093530 0.189227 0.133615
1 0.744475 0.252461 0.127072 0.201125
2 0.832182 0.327004 0.098066 0.198312
2 0.841851 0.489451 0.186464 0.104079
3 0.512431 0.619550 0.127072 0.158931
3 0.076657 0.309423 0.056630 0.191280
4 0.212707 0.497187 0.151934 0.097046
4 0.236188 0.256681 0.127072 0.139241
5 0.143646 0.226442 0.107735 0.140647
5 0.714088 0.729255 0.096685 0.139241
6 0.307320 0.130802 0.087017 0.137834
6 0.439917 0.561885 0.092541 0.127989
7 0.667818 0.790436 0.095304 0.126582
7 0.765193 0.399437 0.082873 0.140647
8 0.885359 0.349508 0.069061 0.156118
8 0.252762 0.145570 0.055249 0.133615
9 0.513122 0.902250 0.111878 0.111111
9 0.752072 0.139241 0.139503 0.056259
10 0.688536 0.115331 0.145028 0.073136
10 0.639503 0.364979 0.104972 0.111111
11 0.428177 0.883966 0.129834 0.063291
11 0.629144 0.810830 0.075967 0.122363
12 0.535912 0.123769 0.058011 0.115331
12 0.569751 0.416315 0.098066 0.095640
13 0.124309 0.381857 0.063536 0.108298
13 0.794199 0.281294 0.080110 0.109705
14 0.333564 0.261603 0.051105 0.115331
14 0.638812 0.080872 0.117403 0.054852
15 0.497238 0.192686 0.104972 0.053446
15 0.547652 0.239803 0.073204 0.097046
16 0.344613 0.367792 0.100829 0.052039
16 0.607044 0.881153 0.048343 0.102672
17 0.437845 0.293249 0.085635 0.074543
17 0.203039 0.127989 0.066298 0.087201
18 0.563536 0.793952 0.069061 0.074543
18 0.403315 0.089311 0.085635 0.054852
19 0.523481 0.530239 0.071823 0.073136
19 0.745856 0.483122 0.063536 0.071730
20 0.828039 0.196906 0.067680 0.059072
20 0.473757 0.434599 0.052486 0.073136
21 0.652624 0.222222 0.075967 0.064698
21 0.621547 0.616034 0.074586 0.059072
22 0.132597 0.136428 0.091160 0.112518
23 0.816298 0.554149 0.077348 0.053446