0 0.451772 0.353365 0.057087 0.274038
0 0.713091 0.294872 0.189961 0.067308
1 0.682579 0.233974 0.191929 0.086538
1 0.276083 0.320513 0.142717 0.160256
2 0.446850 0.516827 0.139764 0.072115
2 0.371063 0.691506 0.135827 0.161859
3 0.745079 0.430288 0.124016 0.078526
3 0.146654 0.460737 0.108268 0.165064
4 0.468504 0.324519 0.098425 0.126603
4 0.261319 0.467949 0.040354 0.217949
5 0.376969 0.565705 0.108268 0.125000
5 0.700787 0.315705 0.064961 0.211538
6 0.347933 0.375801 0.115157 0.075321
6 0.760827 0.709135 0.078740 0.155449
7 0.522638 0.791667 0.043307 0.173077
7 0.277559 0.101763 0.114173 0.059295
8 0.829724 0.682692 0.078740 0.125000
8 0.919783 0.597756 0.097441 0.131410
9 0.070866 0.391827 0.102362 0.110577
9 0.368602 0.645032 0.044291 0.174679
10 0.694882 0.362981 0.098425 0.078526
10 0.891732 0.722756 0.092520 0.147436
11 0.578740 0.844551 0.100394 0.099359
11 0.378937 0.801282 0.049213 0.173077
12 0.426673 0.878205 0.085630 0.076923
12 0.659449 0.709135 0.059055 0.129808
13 0.811516 0.548878 0.042323 0.126603
13 0.238189 0.737981 0.094488 0.068910
14 0.516732 0.574519 0.041339 0.139423
14 0.712106 0.672276 0.056102 0.123397
15 0.225886 0.442308 0.042323 0.118590
15 0.769193 0.520032 0.054134 0.100962
16 0.820374 0.441506 0.067913 0.097756
16 0.365650 0.835737 0.073819 0.084936
17 0.296260 0.721955 0.049213 0.100962
17 0.497539 0.407051 0.040354 0.099359
18 0.544291 0.901442 0.061024 0.052885
18 0.922244 0.468750 0.035433 0.100962
19 0.526083 0.291667 0.046260 0.080128
19 0.333169 0.727564 0.036417 0.096154
20 0.805610 0.751603 0.046260 0.073718
20 0.554134 0.480769 0.035433 0.086538
21 0.781496 0.342949 0.047244 0.080128
21 0.456201 0.682692 0.036417 0.089744
22 0.271654 0.375801 0.082677 0.149038
23 0.632874 0.437500 0.045276 0.060897