0 0.418594 0.929688 0.111933 0.119792
0 0.618409 0.091667 0.108233 0.064583
1 0.573543 0.863542 0.098057 0.089583
1 0.172063 0.332813 0.092507 0.096875
2 0.435708 0.356771 0.118409 0.076042
2 0.701203 0.332292 0.064755 0.085417
3 0.862165 0.123958 0.066605 0.150000
3 0.716929 0.757292 0.086957 0.129167
4 0.794635 0.115625 0.085106 0.137500
4 0.413043 0.335938 0.087882 0.065625
5 0.277058 0.343229 0.086031 0.134375
5 0.724329 0.727083 0.125809 0.072917
6 0.802960 0.409896 0.099907 0.088542
6 0.580944 0.607292 0.061055 0.081250
7 0.761332 0.172396 0.086957 0.092708
7 0.409343 0.114062 0.084181 0.094792
8 0.287234 0.103125 0.110083 0.041667
8 0.409806 0.516146 0.088807 0.065625
9 0.321924 0.506250 0.088807 0.070833
9 0.224792 0.191146 0.064755 0.111458
10 0.070768 0.309375 0.093432 0.083333
10 0.461610 0.790625 0.079556 0.060417
11 0.742831 0.272396 0.033302 0.115625
11 0.530990 0.625521 0.062905 0.094792
12 0.173451 0.550000 0.087882 0.033333
12 0.653562 0.726042 0.080481 0.037500
13 0.800185 0.461979 0.085106 0.042708
13 0.740518 0.779687 0.076781 0.042708
14 0.303423 0.852083 0.081406 0.052083
14 0.664200 0.322917 0.064755 0.068750
15 0.695190 0.114062 0.049029 0.073958
15 0.753932 0.104167 0.035153 0.075000
16 0.598982 0.211458 0.028677 0.087500
16 0.755319 0.159375 0.061980 0.068750
17 0.313599 0.359896 0.062905 0.038542
17 0.549954 0.791146 0.028677 0.071875
18 0.554579 0.684375 0.037928 0.062500
18 0.836725 0.473958 0.058279 0.035417
19 0.694265 0.417187 0.049029 0.053125
19 0.612396 0.702083 0.057354 0.047917
20 0.493062 0.635417 0.033302 0.058333
20 0.899630 0.246875 0.041628 0.045833
21 0.911656 0.331771 0.052729 0.038542
21 0.412118 0.498958 0.050879 0.031250
22 0.911193 0.391146 0.103608 0.059375
23 0.500463 0.814583 0.037003 0.047917