0 0.510892 0.143865 0.131743 0.107492
0 0.464730 0.684039 0.062241 0.152009
1 0.687759 0.364278 0.105809 0.120521
1 0.506224 0.591205 0.041494 0.140065
2 0.727178 0.262215 0.091286 0.105320
2 0.574689 0.270901 0.107884 0.059718
3 0.397822 0.665038 0.100622 0.077090
3 0.718361 0.165038 0.106846 0.047774
4 0.800311 0.501086 0.048755 0.114007
4 0.514523 0.217155 0.068465 0.099891
5 0.921680 0.374050 0.079876 0.100977
5 0.581950 0.239957 0.066390 0.099891
6 0.574170 0.511401 0.079876 0.082519
6 0.429461 0.249729 0.074689 0.089034
7 0.558610 0.657438 0.081950 0.057546
7 0.802905 0.439197 0.087137 0.042345
8 0.558091 0.705755 0.089212 0.047774
8 0.707988 0.504343 0.079876 0.059718
9 0.532676 0.578719 0.048755 0.082519
9 0.620851 0.589577 0.040456 0.095548
10 0.501037 0.293160 0.080913 0.047774
10 0.615145 0.385451 0.045643 0.080347
11 0.766079 0.553746 0.081950 0.058632
11 0.593880 0.331705 0.081950 0.038002
12 0.912344 0.482628 0.079876 0.053203
12 0.657158 0.205755 0.067427 0.051031
13 0.386411 0.316504 0.036307 0.072747
13 0.773859 0.603149 0.068465 0.057546
14 0.739108 0.465798 0.067427 0.034745
14 0.452282 0.100977 0.037344 0.073833
15 0.599585 0.780673 0.045643 0.073833
15 0.659751 0.261129 0.064315 0.046688
16 0.582988 0.728013 0.064315 0.042345
16 0.465768 0.203040 0.060166 0.034745
17 0.461618 0.504886 0.039419 0.062975
17 0.556535 0.864821 0.044606 0.061889
18 0.713693 0.535288 0.035270 0.052117
18 0.103734 0.928339 0.060166 0.052117
19 0.521784 0.438111 0.051867 0.042345
19 0.477178 0.051574 0.056017 0.040174
20 0.643154 0.527687 0.045643 0.041260
20 0.621888 0.442997 0.034232 0.039088
21 0.636929 0.466884 0.039419 0.045603
21 0.509855 0.470141 0.046680 0.043431
22 0.341805 0.350706 0.090249 0.060803
22 0.075207 0.709012 0.044606 0.097720