0 0.784049 0.882256 0.125153 0.182913
0 0.526380 0.491785 0.157055 0.081051
1 0.690798 0.451807 0.169325 0.145674
1 0.809202 0.327492 0.087117 0.208105
2 0.114110 0.778751 0.125153 0.168675
2 0.704294 0.826396 0.058896 0.174151
3 0.588957 0.825849 0.063804 0.159912
3 0.529448 0.499452 0.173006 0.063527
4 0.617178 0.438116 0.117791 0.118291
4 0.758282 0.121030 0.142331 0.117196
5 0.782209 0.338992 0.160736 0.077766
5 0.448466 0.231106 0.133742 0.083242
6 0.109202 0.703724 0.103067 0.134721
6 0.218405 0.826396 0.105521 0.123768
7 0.509202 0.164294 0.132515 0.063527
7 0.418405 0.273275 0.132515 0.077766
8 0.695092 0.457831 0.077301 0.105148
8 0.515337 0.483023 0.098160 0.107338
9 0.282822 0.329682 0.114110 0.098576
9 0.661963 0.095290 0.133742 0.089814
10 0.438650 0.288609 0.047853 0.125958
10 0.268098 0.415663 0.101840 0.071194
11 0.252147 0.472070 0.114110 0.094195
11 0.557055 0.393757 0.127607 0.047097
12 0.622086 0.558050 0.090798 0.069003
12 0.345399 0.900876 0.111656 0.044907
13 0.393865 0.337349 0.073620 0.076670
13 0.595706 0.804491 0.082209 0.071194
14 0.445399 0.523549 0.090798 0.061336
14 0.317178 0.656627 0.101840 0.060241
15 0.573620 0.612267 0.065031 0.070099
15 0.180982 0.561884 0.094479 0.043812
16 0.173006 0.484118 0.061350 0.089814
16 0.891411 0.892114 0.099387 0.071194
17 0.630061 0.880613 0.045399 0.078861
17 0.341718 0.899781 0.047853 0.082147
18 0.437423 0.445783 0.072393 0.046002
18 0.349693 0.294633 0.041718 0.070099
19 0.449080 0.635816 0.080982 0.051479
19 0.644785 0.732202 0.079755 0.047097
20 0.773620 0.872946 0.057669 0.052574
20 0.228221 0.534502 0.066258 0.052574
21 0.341104 0.357065 0.046626 0.059146
21 0.680368 0.077218 0.047853 0.062432
22 0.832515 0.195509 0.123926 0.086528
22 0.796319 0.092552 0.071166 0.139102