0 0.470990 0.863363 0.242321 0.189189
0 0.637372 0.147898 0.179181 0.124625
1 0.473549 0.382132 0.257679 0.145646
1 0.487201 0.156156 0.141638 0.147147
2 0.408703 0.342342 0.117747 0.189189
2 0.242321 0.640390 0.208191 0.148649
3 0.413823 0.554805 0.141638 0.172673
3 0.315700 0.595345 0.187713 0.133634
4 0.310580 0.792042 0.150171 0.154655
4 0.119454 0.665916 0.085324 0.190691
5 0.487201 0.502252 0.138225 0.091592
5 0.153584 0.658408 0.177474 0.154655
6 0.811433 0.644895 0.093857 0.139640
6 0.569966 0.524024 0.071672 0.156156
7 0.363481 0.153904 0.184300 0.061562
7 0.322526 0.716967 0.139932 0.130631
8 0.696246 0.692943 0.139932 0.103604
8 0.360068 0.907658 0.129693 0.082583
9 0.617747 0.231982 0.170648 0.070571
9 0.500000 0.563063 0.112628 0.069069
10 0.702218 0.512763 0.114334 0.109610
10 0.843857 0.437688 0.145051 0.112613
11 0.242321 0.535285 0.150171 0.082583
11 0.743174 0.264264 0.069966 0.123123
12 0.370307 0.722973 0.112628 0.091592
12 0.514505 0.746997 0.127986 0.052553
13 0.755119 0.600601 0.134812 0.066066
13 0.598123 0.690691 0.100683 0.084084
14 0.456485 0.299550 0.124573 0.061562
14 0.470137 0.809309 0.117747 0.063063
15 0.241468 0.277778 0.080205 0.090090
15 0.488055 0.352102 0.102389 0.055556
16 0.362628 0.088589 0.066553 0.108108
16 0.308874 0.345345 0.068259 0.066066
17 0.739761 0.731231 0.069966 0.093093
17 0.671502 0.429429 0.097270 0.069069
18 0.576792 0.385135 0.095563 0.052553
18 0.451365 0.245495 0.069966 0.061562
19 0.284130 0.662913 0.083618 0.064565
19 0.342150 0.379880 0.090444 0.054054
20 0.627133 0.508258 0.080205 0.043544
20 0.628840 0.804805 0.073379 0.054054
21 0.455631 0.653904 0.088737 0.049550
21 0.409556 0.448198 0.075085 0.049550
22 0.830205 0.250751 0.087031 0.114114
22 0.425768 0.722973 0.121160 0.103604