0 0.847619 0.406991 0.089796 0.259675
0 0.243537 0.614232 0.136054 0.212235
1 0.240136 0.229089 0.161905 0.188514
1 0.799320 0.387640 0.066667 0.235955
2 0.425850 0.360175 0.073469 0.186017
2 0.658503 0.396380 0.084354 0.191011
3 0.348299 0.285268 0.111565 0.123596
3 0.857823 0.254057 0.175510 0.153558
4 0.453741 0.162297 0.085714 0.192260
4 0.578912 0.509363 0.186395 0.054931
5 0.470748 0.544320 0.108844 0.139825
5 0.119048 0.244694 0.131973 0.132335
6 0.571429 0.102372 0.176871 0.084894
6 0.642857 0.618602 0.134694 0.123596
7 0.165306 0.215980 0.112925 0.107366
7 0.261905 0.602372 0.102041 0.111111
8 0.576871 0.518727 0.114286 0.098627
8 0.278912 0.699126 0.076190 0.117353
9 0.304762 0.564295 0.097959 0.094881
9 0.346259 0.901998 0.123810 0.078652
10 0.301361 0.784644 0.131973 0.081149
10 0.288435 0.351436 0.111565 0.103620
11 0.659184 0.883895 0.159184 0.079900
11 0.672109 0.616105 0.057143 0.141074
12 0.288435 0.444444 0.092517 0.087391
12 0.590476 0.584894 0.095238 0.071161
13 0.342177 0.565543 0.099320 0.064919
13 0.434014 0.557428 0.097959 0.073658
14 0.576871 0.410737 0.100680 0.067416
14 0.352381 0.465668 0.087075 0.082397
15 0.253741 0.558052 0.063946 0.087391
15 0.389796 0.568040 0.072109 0.079900
16 0.704762 0.377653 0.057143 0.098627
16 0.344218 0.620474 0.097959 0.044944
17 0.381633 0.508115 0.088435 0.044944
17 0.533333 0.578027 0.046259 0.079900
18 0.487755 0.433208 0.074830 0.069913
18 0.485714 0.375156 0.081633 0.046192
19 0.373469 0.835830 0.072109 0.066167
19 0.719728 0.471910 0.062585 0.077403
20 0.512925 0.645443 0.076190 0.042447
20 0.400680 0.409488 0.066667 0.044944
21 0.472789 0.314607 0.069388 0.057428
21 0.435374 0.642946 0.070748 0.049938
22 0.757143 0.131086 0.159184 0.122347
22 0.389796 0.686017 0.110204 0.073658