0 0.325804 0.265306 0.159861 0.116004
0 0.176368 0.469925 0.152911 0.089151
1 0.463944 0.286251 0.039965 0.224490
1 0.647698 0.262621 0.172893 0.114930
2 0.362728 0.567132 0.148566 0.075188
2 0.152911 0.498389 0.043440 0.176155
3 0.254127 0.162728 0.099913 0.121375
3 0.199826 0.162191 0.038228 0.161117
4 0.180712 0.367884 0.118158 0.065521
4 0.108601 0.312567 0.072980 0.118153
5 0.134231 0.440924 0.117289 0.071966
5 0.090356 0.479055 0.092094 0.137487
6 0.744570 0.294307 0.100782 0.143931
6 0.335361 0.367347 0.060817 0.126745
7 0.248045 0.097744 0.046047 0.120301
7 0.453084 0.264232 0.106864 0.045113
8 0.391399 0.107948 0.094700 0.091300
8 0.079496 0.279270 0.089487 0.085929
9 0.645960 0.852846 0.113814 0.062299
9 0.334057 0.389366 0.089487 0.084855
10 0.260209 0.562299 0.072111 0.099893
10 0.240226 0.262084 0.033884 0.116004
11 0.149435 0.108485 0.074718 0.128894
11 0.234579 0.548872 0.067767 0.103115
12 0.432667 0.204619 0.036490 0.097744
12 0.076890 0.206767 0.087750 0.067669
13 0.472632 0.861439 0.071242 0.094522
13 0.126846 0.210526 0.062554 0.088077
14 0.162902 0.255102 0.079062 0.044039
14 0.574283 0.287325 0.097307 0.054780
15 0.585143 0.342642 0.052997 0.088077
15 0.323632 0.800752 0.082537 0.048335
16 0.943527 0.949517 0.078193 0.070892
16 0.257168 0.489796 0.059079 0.066595
17 0.181581 0.540816 0.033015 0.076262
17 0.364900 0.120838 0.060817 0.063373
18 0.280626 0.605800 0.062554 0.038668
18 0.489140 0.879699 0.055604 0.064447
19 0.596003 0.685285 0.043440 0.070892
19 0.299305 0.069280 0.063423 0.039742
20 0.619896 0.338346 0.047785 0.055854
20 0.615986 0.670247 0.033015 0.062299
21 0.078193 0.397422 0.052129 0.040816
21 0.080799 0.309882 0.048653 0.056928
22 0.736751 0.180988 0.088619 0.104189
22 0.362728 0.290011 0.040834 0.133190