0 0.350267 0.439841 0.109626 0.103292
0 0.802807 0.181044 0.161765 0.121453
1 0.446524 0.724745 0.141711 0.094211
1 0.356283 0.817821 0.097594 0.166856
2 0.790107 0.098751 0.149733 0.115778
2 0.300134 0.660613 0.127005 0.097616
3 0.701872 0.782633 0.093583 0.123723
3 0.711230 0.295119 0.168449 0.059024
4 0.327540 0.514756 0.133690 0.069240
4 0.674465 0.661180 0.145722 0.087401
5 0.470588 0.821793 0.069519 0.115778
5 0.657086 0.746879 0.102941 0.088536
6 0.522059 0.588536 0.105615 0.101022
6 0.336898 0.724177 0.112299 0.074915
7 0.696524 0.664018 0.101604 0.086266
7 0.567513 0.748581 0.113636 0.055619
8 0.254011 0.774120 0.053476 0.111237
8 0.590909 0.622588 0.072193 0.101022
9 0.552807 0.896141 0.127005 0.044268
9 0.776070 0.095346 0.124332 0.052213
10 0.777406 0.224745 0.121658 0.054484
10 0.375000 0.629398 0.041444 0.091941
11 0.306150 0.594779 0.117647 0.036322
11 0.138369 0.632804 0.124332 0.069240
12 0.615642 0.698070 0.057487 0.068104
12 0.768717 0.158910 0.082888 0.083995
13 0.346925 0.553348 0.089572 0.062429
13 0.670455 0.348468 0.092246 0.043133
14 0.291444 0.501135 0.098930 0.037457
14 0.676471 0.849603 0.106952 0.035187
15 0.240642 0.564699 0.056150 0.071510
15 0.600267 0.799092 0.072193 0.054484
16 0.570856 0.704313 0.048128 0.066969
16 0.399064 0.560159 0.049465 0.062429
17 0.407086 0.773553 0.070856 0.055619
17 0.530749 0.932463 0.072193 0.057889
18 0.546791 0.625426 0.069519 0.038593
18 0.409091 0.457435 0.042781 0.061294
19 0.508021 0.520999 0.069519 0.043133
19 0.128342 0.546538 0.045455 0.064699
20 0.233289 0.681044 0.057487 0.045403
20 0.667112 0.059024 0.074866 0.043133
21 0.503342 0.564132 0.057487 0.036322
21 0.741310 0.200908 0.060160 0.049943
22 0.360963 0.859251 0.136364 0.068104
23 0.824198 0.237230 0.076203 0.036322