0 0.571923 0.358929 0.208852 0.128571
0 0.755187 0.312500 0.168741 0.185714
1 0.340941 0.770536 0.098202 0.233929
1 0.580913 0.254464 0.105118 0.169643
2 0.637621 0.657143 0.118949 0.178571
2 0.385892 0.437500 0.107884 0.189286
3 0.109959 0.428571 0.109267 0.207143
3 0.308437 0.327679 0.168741 0.101786
4 0.874136 0.586607 0.135546 0.141071
4 0.820194 0.551786 0.074689 0.264286
5 0.470263 0.191071 0.066390 0.250000
5 0.307054 0.216964 0.160443 0.130357
6 0.261411 0.726786 0.118949 0.114286
6 0.772476 0.279464 0.078838 0.205357
7 0.499308 0.598214 0.110650 0.128571
7 0.789073 0.300893 0.139696 0.130357
8 0.749654 0.693750 0.132780 0.062500
8 0.608575 0.737500 0.091286 0.139286
9 0.856155 0.687500 0.066390 0.178571
9 0.674965 0.493750 0.152144 0.069643
10 0.514523 0.693750 0.102351 0.133929
10 0.383817 0.668750 0.109267 0.183929
11 0.494467 0.837500 0.117566 0.117857
11 0.653527 0.610714 0.076072 0.153571
12 0.643845 0.815179 0.056708 0.133929
12 0.178423 0.498214 0.118949 0.096429
13 0.430152 0.510714 0.074689 0.114286
13 0.715076 0.691071 0.047026 0.146429
14 0.504149 0.541964 0.103734 0.105357
14 0.255878 0.577679 0.096819 0.098214
15 0.703320 0.830357 0.112033 0.064286
15 0.238589 0.468750 0.056708 0.133929
16 0.327801 0.239286 0.088520 0.096429
16 0.498617 0.546429 0.045643 0.128571
17 0.733057 0.770536 0.055325 0.116071
17 0.688105 0.393750 0.084371 0.080357
18 0.535961 0.335714 0.053942 0.096429
18 0.692254 0.599107 0.042877 0.105357
19 0.497925 0.450000 0.058091 0.085714
19 0.322268 0.309821 0.080221 0.066071
20 0.135546 0.600000 0.069156 0.064286
20 0.751729 0.626786 0.062241 0.060714
21 0.592669 0.532143 0.062241 0.082143
21 0.871369 0.498214 0.069156 0.082143
22 0.534578 0.868750 0.136929 0.119643
22 0.244813 0.631250 0.149378 0.094643