0 0.386266 0.102700 0.211731 0.134977
0 0.574392 0.425469 0.195994 0.186620
1 0.206724 0.255869 0.135908 0.140845
1 0.221745 0.417840 0.111588 0.157277
2 0.444921 0.656690 0.137339 0.165493
2 0.831187 0.213615 0.194564 0.157277
3 0.184549 0.607394 0.123033 0.163146
3 0.562232 0.390258 0.177396 0.118545
4 0.561516 0.230634 0.218884 0.045775
4 0.593705 0.376174 0.180258 0.120892
5 0.352647 0.531103 0.087268 0.153756
5 0.642346 0.229460 0.123033 0.125587
6 0.728898 0.239437 0.190272 0.093897
6 0.776109 0.367371 0.104435 0.110329
7 0.228183 0.559272 0.118741 0.071596
7 0.115880 0.531690 0.105866 0.110329
8 0.306867 0.569249 0.115880 0.107981
8 0.574392 0.343897 0.104435 0.089202
9 0.898426 0.257042 0.128755 0.091549
9 0.637339 0.846831 0.121602 0.064554
10 0.495708 0.350352 0.070100 0.123239
10 0.333333 0.245305 0.140200 0.091549
11 0.400572 0.394953 0.105866 0.125587
11 0.385551 0.883216 0.107296 0.139671
12 0.632332 0.295188 0.082976 0.090376
12 0.452074 0.129695 0.108727 0.080986
13 0.400572 0.281690 0.128755 0.044601
13 0.108727 0.395540 0.131617 0.051643
14 0.437768 0.478873 0.128755 0.061033
14 0.399142 0.459507 0.054363 0.088028
15 0.555794 0.478286 0.095851 0.073944
15 0.575823 0.661385 0.050072 0.102113
16 0.480687 0.453638 0.082976 0.073944
16 0.301860 0.381455 0.103004 0.077465
17 0.097997 0.338028 0.092990 0.065728
17 0.678112 0.178991 0.068670 0.071596
18 0.286838 0.335094 0.090129 0.038732
18 0.296137 0.387911 0.065808 0.062207
19 0.132332 0.440141 0.058655 0.075117
19 0.334049 0.214789 0.070100 0.063380
20 0.477825 0.274648 0.045780 0.063380
20 0.453505 0.321009 0.045780 0.059859
21 0.537196 0.632629 0.061516 0.061033
21 0.561516 0.556338 0.081545 0.037559
22 0.339771 0.659624 0.147353 0.077465
22 0.342632 0.426056 0.055794 0.122066