0 0.625650 0.576389 0.155979 0.152778
0 0.466205 0.334877 0.183709 0.132716
1 0.432409 0.195216 0.123050 0.254630
1 0.702773 0.536265 0.199307 0.202160
2 0.851820 0.429012 0.154246 0.101852
2 0.642114 0.464506 0.095321 0.123457
3 0.275563 0.448302 0.107452 0.128086
3 0.764298 0.361883 0.176776 0.162037
4 0.149913 0.176698 0.157712 0.146605
4 0.724437 0.655864 0.169844 0.101852
5 0.396014 0.136574 0.227036 0.050926
5 0.637782 0.228395 0.090121 0.169753
6 0.609185 0.614969 0.185442 0.075617
6 0.182842 0.196759 0.154246 0.118827
7 0.521664 0.685185 0.121317 0.114198
7 0.707106 0.650463 0.117851 0.143519
8 0.350953 0.389660 0.077990 0.128086
8 0.524263 0.506944 0.088388 0.072531
9 0.736568 0.450617 0.093588 0.101852
9 0.697574 0.314043 0.178510 0.060185
10 0.490468 0.193673 0.103986 0.143519
10 0.524263 0.506944 0.088388 0.072531
11 0.120451 0.278549 0.136915 0.091049
11 0.367418 0.239969 0.072790 0.137346
12 0.227903 0.275463 0.109185 0.069444
12 0.500000 0.306327 0.057192 0.128086
13 0.225303 0.500000 0.117851 0.064815
13 0.407279 0.741512 0.103986 0.091049
14 0.472270 0.687500 0.129983 0.066358
14 0.551993 0.459105 0.091854 0.112654
15 0.486135 0.601080 0.074523 0.081790
15 0.212305 0.196759 0.112652 0.075617
16 0.443674 0.483796 0.090121 0.078704
16 0.734835 0.706019 0.114385 0.054012
17 0.142981 0.518519 0.091854 0.080247
17 0.892548 0.916667 0.083189 0.098765
18 0.841421 0.518519 0.084922 0.070988
18 0.895147 0.548611 0.071057 0.087963
19 0.463605 0.731481 0.077990 0.074074
19 0.168111 0.219136 0.086655 0.070988
20 0.311958 0.285494 0.076256 0.046296
20 0.199307 0.457562 0.069324 0.057099
21 0.682842 0.412809 0.048527 0.072531
21 0.474003 0.222222 0.081456 0.046296
22 0.726170 0.250000 0.103986 0.086420
22 0.529463 0.300154 0.168111 0.084877