0 0.342836 0.154424 0.141813 0.135225
0 0.684942 0.193656 0.147661 0.146912
1 0.870614 0.583472 0.141813 0.175292
1 0.392544 0.134391 0.147661 0.268781
2 0.161550 0.660267 0.092105 0.141903
2 0.437865 0.675292 0.130117 0.138564
3 0.570175 0.366444 0.131579 0.168614
3 0.592105 0.460768 0.099415 0.223706
4 0.412281 0.345576 0.137427 0.146912
4 0.062865 0.601002 0.114035 0.143573
5 0.256579 0.429048 0.092105 0.150250
5 0.111842 0.593489 0.077485 0.205342
6 0.762427 0.482471 0.176901 0.073456
6 0.448099 0.800501 0.138889 0.115192
7 0.575292 0.629382 0.083333 0.156928
7 0.351608 0.283806 0.106725 0.176962
8 0.551170 0.253756 0.108187 0.110184
8 0.910819 0.592654 0.160819 0.076795
9 0.496345 0.399833 0.097953 0.168614
9 0.441520 0.655259 0.105263 0.161937
10 0.355263 0.789649 0.099415 0.146912
10 0.769006 0.565943 0.149123 0.106845
11 0.817251 0.407346 0.099415 0.153589
11 0.614035 0.619366 0.099415 0.116861
12 0.666667 0.378130 0.105263 0.121870
12 0.779240 0.392321 0.064327 0.130217
13 0.557018 0.520033 0.058480 0.148581
13 0.357456 0.656928 0.057018 0.148581
14 0.336257 0.679466 0.040936 0.146912
14 0.376462 0.438230 0.112573 0.068447
15 0.520468 0.242905 0.096491 0.075125
15 0.706871 0.443239 0.103801 0.055092
16 0.592105 0.111018 0.116959 0.091820
16 0.297515 0.610184 0.083333 0.105175
17 0.361111 0.571786 0.073099 0.095159
17 0.671784 0.307179 0.051170 0.106845
18 0.396199 0.256260 0.058480 0.085142
18 0.296053 0.608514 0.068713 0.078464
19 0.730263 0.288815 0.080409 0.070117
19 0.707602 0.393155 0.073099 0.065109
20 0.391082 0.500000 0.051170 0.078464
20 0.532895 0.464107 0.042398 0.063439
21 0.305556 0.457429 0.067251 0.080134
21 0.286550 0.535058 0.055556 0.065109
22 0.272661 0.757095 0.068713 0.188648
23 0.619152 0.951586 0.065789 0.070117