0 0.318027 0.312854 0.136054 0.285444
0 0.661565 0.298677 0.200680 0.200378
1 0.722789 0.444234 0.200680 0.272212
1 0.170918 0.533081 0.083333 0.196597
2 0.660714 0.191871 0.086735 0.183365
2 0.573129 0.837429 0.078231 0.226843
3 0.506803 0.662571 0.071429 0.232514
3 0.692177 0.734405 0.244898 0.164461
4 0.463435 0.126654 0.195578 0.102079
4 0.579082 0.396030 0.113946 0.224953
5 0.765306 0.541588 0.122449 0.141777
5 0.232993 0.291115 0.187075 0.113422
6 0.213435 0.356333 0.164966 0.088847
6 0.596088 0.639887 0.110544 0.183365
7 0.198129 0.561437 0.164966 0.079395
7 0.812075 0.344045 0.124150 0.162571
8 0.812925 0.318526 0.108844 0.160681
8 0.778061 0.733459 0.073129 0.162571
9 0.521259 0.261815 0.079932 0.164461
9 0.448129 0.871456 0.100340 0.132325
10 0.674320 0.750473 0.090136 0.173913
10 0.645408 0.594518 0.083333 0.119093
11 0.267007 0.713611 0.091837 0.160681
11 0.336735 0.552930 0.146259 0.111531
12 0.392857 0.233459 0.105442 0.141777
12 0.446429 0.455577 0.124150 0.102079
13 0.284864 0.646503 0.059524 0.128544
13 0.406463 0.668242 0.071429 0.122873
14 0.388605 0.552930 0.107143 0.092628
14 0.406463 0.668242 0.071429 0.122873
15 0.376701 0.748582 0.076531 0.117202
15 0.443878 0.318526 0.108844 0.062382
16 0.443027 0.706994 0.103741 0.086957
16 0.258503 0.477316 0.061224 0.122873
17 0.119048 0.559546 0.081633 0.094518
17 0.347789 0.474480 0.090136 0.079395
18 0.546769 0.092628 0.103741 0.068053
18 0.755952 0.241966 0.049320 0.105860
19 0.473639 0.484877 0.069728 0.081285
19 0.444728 0.767486 0.052721 0.090737
20 0.452381 0.667297 0.074830 0.056711
20 0.595238 0.569943 0.051020 0.081285
21 0.643707 0.461248 0.049320 0.090737
21 0.723639 0.304348 0.052721 0.098299
22 0.498299 0.579395 0.125850 0.130435
22 0.466837 0.374291 0.130952 0.086957