0 0.626140 0.447496 0.100304 0.142165
0 0.327508 0.536349 0.290274 0.113086
1 0.818389 0.254443 0.117021 0.237480
1 0.748480 0.476575 0.171733 0.090468
2 0.689970 0.229402 0.088146 0.255250
2 0.424012 0.602585 0.091185 0.281099
3 0.642857 0.718901 0.200608 0.100162
3 0.827508 0.262520 0.062310 0.179321
4 0.514438 0.302100 0.214286 0.061389
4 0.639818 0.142165 0.176292 0.126010
5 0.755319 0.184976 0.097264 0.172859
5 0.900456 0.371567 0.089666 0.151858
6 0.305471 0.432956 0.121581 0.155089
6 0.350304 0.888530 0.083587 0.164782
7 0.279635 0.678514 0.151976 0.093700
7 0.587386 0.750404 0.168693 0.072698
8 0.125380 0.714055 0.092705 0.164782
8 0.601064 0.274637 0.117021 0.058158
9 0.810790 0.393376 0.159574 0.098546
9 0.696809 0.259289 0.068389 0.172859
10 0.255319 0.794023 0.139818 0.137318
10 0.431611 0.325525 0.133739 0.147011
11 0.447568 0.605816 0.171733 0.080775
11 0.304711 0.579160 0.150456 0.098546
12 0.485562 0.553312 0.092705 0.101777
12 0.449848 0.366721 0.115502 0.071082
13 0.609422 0.651050 0.139818 0.071082
13 0.335106 0.504039 0.062310 0.135703
14 0.667933 0.610662 0.086626 0.096931
14 0.332827 0.644588 0.148936 0.042003
15 0.696809 0.599354 0.089666 0.080775
15 0.601824 0.620355 0.063830 0.116317
16 0.840426 0.219709 0.094225 0.077544
16 0.424772 0.541195 0.071429 0.096931
17 0.293313 0.810985 0.082067 0.096931
17 0.721125 0.550889 0.089666 0.048465
18 0.797872 0.087237 0.088146 0.058158
18 0.806231 0.281099 0.037994 0.084006
19 0.651216 0.078352 0.086626 0.059774
19 0.882219 0.318255 0.080547 0.048465
20 0.727204 0.525848 0.062310 0.046850
20 0.370061 0.490307 0.037994 0.082391
21 0.583587 0.323910 0.072948 0.056543
21 0.793313 0.370759 0.045593 0.069467
22 0.519757 0.365913 0.082067 0.169628
22 0.827508 0.262520 0.062310 0.179321