0 0.764664 0.664845 0.184549 0.218579
0 0.576538 0.734062 0.174535 0.222222
1 0.558655 0.133880 0.190272 0.194900
1 0.617310 0.398907 0.178827 0.229508
2 0.174535 0.243169 0.188841 0.260474
2 0.733190 0.385246 0.144492 0.125683
3 0.398426 0.377960 0.150215 0.198543
3 0.224607 0.475410 0.171674 0.142077
4 0.869099 0.564663 0.058655 0.225865
4 0.612303 0.363388 0.154506 0.224044
5 0.324034 0.722222 0.175966 0.154827
5 0.753934 0.853370 0.148784 0.122040
6 0.510014 0.163934 0.155937 0.149362
6 0.105150 0.774135 0.121602 0.193078
7 0.617310 0.869763 0.155937 0.147541
7 0.319027 0.358834 0.165951 0.091075
8 0.538627 0.498179 0.144492 0.114754
8 0.345494 0.382514 0.087268 0.207650
9 0.515021 0.722222 0.137339 0.132969
9 0.380544 0.097450 0.120172 0.107468
10 0.161660 0.644809 0.103004 0.225865
10 0.858369 0.530055 0.105866 0.167577
11 0.314735 0.263206 0.123033 0.089253
11 0.241059 0.460838 0.047210 0.218579
12 0.616595 0.669399 0.060086 0.154827
12 0.476395 0.433515 0.088698 0.116576
13 0.660944 0.635701 0.048641 0.153005
13 0.776109 0.535519 0.138770 0.061931
14 0.434907 0.252277 0.123033 0.060109
14 0.525751 0.511840 0.078684 0.091075
15 0.530043 0.263206 0.095851 0.081967
15 0.814735 0.689435 0.090129 0.125683
16 0.214592 0.330601 0.054363 0.147541
16 0.374106 0.177596 0.101574 0.092896
17 0.913448 0.685792 0.067239 0.118397
17 0.612303 0.296903 0.085837 0.094718
18 0.215308 0.803279 0.064378 0.120219
18 0.310443 0.506375 0.091559 0.061931
19 0.450644 0.755920 0.045780 0.116576
19 0.128040 0.408015 0.070100 0.102004
20 0.776109 0.582878 0.072961 0.069217
20 0.638770 0.403461 0.064378 0.092896
21 0.524320 0.394353 0.050072 0.100182
21 0.638770 0.403461 0.064378 0.092896
22 0.499285 0.627505 0.088698 0.165756
22 0.319027 0.358834 0.165951 0.091075