0 0.488710 0.343123 0.136559 0.190544
0 0.212366 0.815903 0.125806 0.196275
1 0.147849 0.490688 0.153763 0.098854
1 0.575806 0.452722 0.093548 0.169054
2 0.290860 0.694126 0.052688 0.179083
2 0.527419 0.318052 0.072043 0.177650
3 0.586559 0.404728 0.072043 0.176218
3 0.691935 0.506447 0.127957 0.136103
4 0.409677 0.201289 0.122581 0.067335
4 0.133333 0.690544 0.045161 0.174785
5 0.198925 0.659026 0.079570 0.148997
5 0.405376 0.265759 0.116129 0.090258
6 0.216129 0.582378 0.079570 0.138968
6 0.901075 0.693410 0.133333 0.068768
7 0.180108 0.901146 0.115054 0.071633
7 0.462903 0.324499 0.110753 0.053009
8 0.141398 0.585960 0.056989 0.128940
8 0.405914 0.628940 0.080645 0.114613
9 0.367742 0.881805 0.109677 0.064470
9 0.277419 0.453438 0.040860 0.133238
10 0.234409 0.459885 0.070968 0.120344
10 0.491935 0.093123 0.039785 0.146132
11 0.705914 0.436963 0.106452 0.065903
11 0.160215 0.391117 0.105376 0.071633
12 0.358602 0.404728 0.078495 0.075931
12 0.477957 0.401862 0.035484 0.104585
13 0.481720 0.118195 0.083871 0.058739
13 0.448925 0.340974 0.039785 0.100287
14 0.410753 0.543696 0.045161 0.107450
14 0.389247 0.517908 0.058065 0.095989
15 0.319355 0.714900 0.053763 0.085960
15 0.470968 0.196991 0.053763 0.081662
16 0.237097 0.522923 0.050538 0.085960
16 0.177419 0.576648 0.068817 0.050143
17 0.408602 0.684097 0.032258 0.075931
17 0.365054 0.809456 0.065591 0.065903
18 0.446774 0.156160 0.046237 0.068768
18 0.528495 0.487822 0.054839 0.070201
19 0.395161 0.123209 0.056989 0.071633
19 0.310753 0.556590 0.051613 0.064470
20 0.525269 0.793696 0.039785 0.074499
20 0.502151 0.445559 0.040860 0.060172
21 0.568817 0.341691 0.034409 0.078797
21 0.365591 0.735673 0.055914 0.053009
22 0.059140 0.657593 0.055914 0.154728