0 0.588889 0.791262 0.252778 0.168932
0 0.661111 0.693204 0.100000 0.221359
1 0.845833 0.316505 0.102778 0.275728
1 0.481250 0.251456 0.120833 0.145631
2 0.390278 0.597087 0.186111 0.122330
2 0.717361 0.321359 0.206944 0.083495
3 0.731944 0.667961 0.186111 0.116505
3 0.292361 0.566019 0.051389 0.285437
4 0.823611 0.389320 0.163889 0.196117
4 0.531250 0.301942 0.101389 0.172816
5 0.675694 0.307767 0.090278 0.231068
5 0.572222 0.169903 0.163889 0.118447
6 0.422917 0.810680 0.095833 0.137864
6 0.799306 0.528155 0.059722 0.201942
7 0.652778 0.442718 0.152778 0.066019
7 0.111806 0.448544 0.148611 0.104854
8 0.586111 0.660194 0.083333 0.132039
8 0.437500 0.357282 0.100000 0.116505
9 0.369444 0.755340 0.144444 0.104854
9 0.668750 0.742718 0.115278 0.141748
10 0.342361 0.757282 0.059722 0.221359
10 0.693056 0.707767 0.111111 0.114563
11 0.525000 0.713592 0.130556 0.091262
11 0.785417 0.304854 0.079167 0.198058
12 0.849306 0.169903 0.054167 0.172816
12 0.611111 0.808738 0.063889 0.157282
13 0.348611 0.435922 0.055556 0.145631
13 0.749306 0.215534 0.048611 0.159223
14 0.664583 0.132039 0.093056 0.108738
14 0.481250 0.817476 0.056944 0.159223
15 0.913194 0.666019 0.076389 0.147573
15 0.635417 0.923301 0.093056 0.099029
16 0.745139 0.566990 0.051389 0.135922
16 0.853472 0.509709 0.084722 0.118447
17 0.376389 0.506796 0.069444 0.104854
17 0.415278 0.531068 0.083333 0.091262
18 0.447222 0.316505 0.077778 0.054369
18 0.722917 0.533981 0.056944 0.089320
19 0.603472 0.589320 0.081944 0.064078
19 0.777083 0.186408 0.093056 0.054369
20 0.409028 0.691262 0.062500 0.085437
20 0.886806 0.202913 0.043056 0.114563
21 0.704861 0.188350 0.068056 0.054369
21 0.720833 0.523301 0.052778 0.067961
22 0.606944 0.233010 0.152778 0.085437
22 0.815972 0.629126 0.123611 0.089320