0 0.166045 0.786250 0.149254 0.175000
0 0.743470 0.291250 0.173507 0.152500
1 0.475746 0.381875 0.149254 0.091250
1 0.799440 0.464375 0.147388 0.116250
2 0.511194 0.498125 0.212687 0.123750
2 0.720149 0.111250 0.190299 0.140000
3 0.504664 0.650000 0.210821 0.075000
3 0.317164 0.668125 0.145522 0.121250
4 0.823694 0.296250 0.072761 0.152500
4 0.528918 0.540000 0.087687 0.162500
5 0.386194 0.195000 0.063433 0.160000
5 0.657649 0.244375 0.214552 0.096250
6 0.460821 0.809375 0.097015 0.133750
6 0.764925 0.763125 0.197761 0.091250
7 0.388993 0.607500 0.151119 0.077500
7 0.793843 0.475625 0.192164 0.048750
8 0.348881 0.888125 0.108209 0.116250
8 0.724813 0.261250 0.125000 0.097500
9 0.842351 0.616875 0.128731 0.106250
9 0.873134 0.646875 0.134328 0.111250
10 0.427239 0.325000 0.175373 0.052500
10 0.763993 0.848750 0.083955 0.132500
11 0.565299 0.105000 0.070896 0.120000
11 0.341418 0.790625 0.126866 0.108750
12 0.627799 0.166250 0.125000 0.087500
12 0.685634 0.680625 0.061567 0.098750
13 0.415112 0.726250 0.117537 0.070000
13 0.194030 0.925625 0.145522 0.053750
14 0.310634 0.536875 0.061567 0.091250
14 0.750000 0.560625 0.070896 0.078750
15 0.217351 0.553750 0.113806 0.057500
15 0.428172 0.268125 0.072761 0.076250
16 0.394590 0.540000 0.057836 0.080000
16 0.152052 0.619375 0.054104 0.088750
17 0.088619 0.631875 0.069030 0.071250
17 0.613806 0.267500 0.055970 0.072500
18 0.541978 0.691875 0.087687 0.053750
18 0.307836 0.329375 0.067164 0.068750
19 0.685634 0.194375 0.095149 0.038750
19 0.648321 0.396250 0.098881 0.047500
20 0.486940 0.283750 0.067164 0.047500
20 0.318097 0.598125 0.072761 0.043750
21 0.554104 0.225000 0.063433 0.060000
21 0.482276 0.581250 0.061567 0.065000
22 0.788246 0.621875 0.121269 0.113750
22 0.240672 0.627500 0.067164 0.112500