0 0.648026 0.512302 0.118421 0.289982
0 0.145559 0.791740 0.113487 0.205624
1 0.273849 0.387522 0.222039 0.173989
1 0.726974 0.190685 0.194079 0.135325
2 0.418586 0.772408 0.139803 0.124780
2 0.119243 0.538664 0.136513 0.233743
3 0.398026 0.623902 0.088816 0.172232
3 0.874178 0.382250 0.097039 0.216169
4 0.828125 0.493849 0.113487 0.186292
4 0.516447 0.579086 0.095395 0.149385
5 0.303454 0.227592 0.143092 0.131810
5 0.350329 0.497364 0.118421 0.108963
6 0.464638 0.351494 0.116776 0.130053
6 0.793586 0.683656 0.175987 0.105448
7 0.491776 0.255712 0.148026 0.117750
7 0.296875 0.282074 0.106908 0.152900
8 0.603618 0.478032 0.088816 0.137083
8 0.542763 0.775923 0.115132 0.121265
9 0.195724 0.690685 0.151316 0.105448
9 0.643092 0.784710 0.118421 0.138840
10 0.444079 0.612478 0.088816 0.100176
10 0.728618 0.478032 0.092105 0.105448
11 0.435033 0.495606 0.126645 0.137083
11 0.484375 0.315466 0.080592 0.128295
12 0.726974 0.381371 0.075658 0.115993
12 0.232730 0.454306 0.116776 0.100176
13 0.752467 0.516696 0.093750 0.094903
13 0.222862 0.758348 0.120066 0.065026
14 0.205592 0.493849 0.111842 0.070299
14 0.628289 0.695958 0.111842 0.059754
15 0.638158 0.143234 0.082237 0.107206
15 0.286184 0.592267 0.108553 0.059754
16 0.356086 0.726714 0.083882 0.089631
16 0.670230 0.589631 0.113487 0.065026
17 0.810855 0.389279 0.095395 0.072056
17 0.528783 0.109842 0.103618 0.061511
18 0.452303 0.141476 0.092105 0.061511
18 0.263158 0.313708 0.085526 0.072056
19 0.598684 0.225835 0.062500 0.089631
19 0.643914 0.689807 0.050987 0.096661
20 0.658717 0.395431 0.077303 0.056239
20 0.431743 0.177504 0.070724 0.063269
21 0.305921 0.438489 0.059211 0.075571
21 0.553454 0.238137 0.060855 0.082601
22 0.824013 0.744288 0.161184 0.107206
23 0.352796 0.913005 0.083882 0.075571