0 0.421222 0.653358 0.131833 0.101633
0 0.610129 0.725953 0.152733 0.087114
1 0.341640 0.384755 0.056270 0.163339
1 0.401125 0.436479 0.085209 0.088929
2 0.277331 0.343920 0.065916 0.139746
2 0.550643 0.820327 0.120579 0.098004
3 0.303055 0.718693 0.107717 0.105263
3 0.650322 0.332123 0.117363 0.068966
4 0.565916 0.892922 0.115756 0.087114
4 0.220257 0.303085 0.077170 0.134301
5 0.473473 0.156987 0.098071 0.092559
5 0.130225 0.356624 0.070740 0.132486
6 0.611736 0.274955 0.085209 0.088929
6 0.606913 0.281307 0.101286 0.072595
7 0.388264 0.186025 0.085209 0.096189
7 0.134244 0.478221 0.098071 0.081670
8 0.520900 0.321234 0.077170 0.090744
8 0.725884 0.428312 0.094855 0.079855
9 0.475884 0.461887 0.048232 0.096189
9 0.795820 0.239564 0.083601 0.079855
10 0.661576 0.575318 0.081994 0.076225
10 0.782958 0.705082 0.080386 0.085299
11 0.538585 0.099819 0.093248 0.076225
11 0.528939 0.628857 0.080386 0.070780
12 0.598071 0.540835 0.064309 0.101633
12 0.759646 0.833938 0.069132 0.070780
13 0.322347 0.355717 0.049839 0.098004
13 0.472669 0.568966 0.064309 0.070780
14 0.217042 0.462795 0.057878 0.090744
14 0.858521 0.393829 0.057878 0.094374
15 0.225884 0.595281 0.065916 0.072595
15 0.531350 0.634301 0.056270 0.099819
16 0.531350 0.484574 0.069132 0.061706
16 0.674437 0.871143 0.069132 0.061706
17 0.281350 0.443739 0.067524 0.063521
17 0.426045 0.388385 0.064309 0.061706
18 0.704984 0.277677 0.069132 0.065336
18 0.805466 0.338475 0.070740 0.059891
19 0.696945 0.664247 0.062701 0.065336
19 0.380225 0.709619 0.059486 0.061706
20 0.452572 0.274955 0.062701 0.059891
20 0.715434 0.531760 0.057878 0.054446
21 0.709003 0.490926 0.048232 0.056261
21 0.380225 0.709619 0.059486 0.061706
22 0.703376 0.215064 0.117363 0.063521
23 0.680064 0.468240 0.041801 0.047187