0 0.354733 0.707857 0.167573 0.187143
0 0.208379 0.470714 0.099021 0.164286
1 0.177367 0.643571 0.156692 0.230000
1 0.703482 0.374286 0.207835 0.251429
2 0.576170 0.636429 0.166485 0.207143
2 0.548966 0.876429 0.181719 0.195714
3 0.390642 0.473571 0.158868 0.164286
3 0.732862 0.259286 0.153428 0.198571
4 0.456474 0.247857 0.109902 0.121429
4 0.521763 0.869286 0.179543 0.075714
5 0.418390 0.840000 0.075082 0.225714
5 0.849837 0.521429 0.087051 0.217143
6 0.298150 0.491429 0.080522 0.217143
6 0.338955 0.612857 0.129489 0.194286
7 0.478237 0.144286 0.136017 0.131429
7 0.591404 0.304286 0.099021 0.185714
8 0.628400 0.745714 0.133841 0.108571
8 0.637650 0.331429 0.113166 0.140000
9 0.742655 0.402143 0.116431 0.138571
9 0.555495 0.178571 0.096844 0.094286
10 0.358542 0.591429 0.127312 0.111429
10 0.897715 0.211429 0.158868 0.074286
11 0.704570 0.637143 0.122960 0.125714
11 0.636561 0.603571 0.130577 0.095714
12 0.566921 0.588571 0.076170 0.137143
12 0.249184 0.376429 0.056583 0.121429
13 0.551143 0.326429 0.077258 0.150000
13 0.107726 0.672143 0.134929 0.078571
14 0.461371 0.631429 0.078346 0.137143
14 0.381393 0.237143 0.057671 0.154286
15 0.317737 0.723571 0.084875 0.087143
15 0.183351 0.540000 0.077258 0.097143
16 0.622960 0.079286 0.107726 0.078571
16 0.275843 0.417857 0.057671 0.121429
17 0.317193 0.830714 0.064200 0.101429
17 0.681175 0.711429 0.080522 0.065714
18 0.473885 0.490714 0.077258 0.055714
18 0.540261 0.247857 0.079434 0.072857
19 0.683896 0.222143 0.072905 0.081429
19 0.399347 0.867857 0.076170 0.064286
20 0.587595 0.144286 0.060936 0.065714
20 0.531556 0.452857 0.048966 0.071429
21 0.483134 0.332143 0.058760 0.078571
21 0.266050 0.517143 0.038085 0.094286
22 0.705114 0.136429 0.161045 0.072857
22 0.535909 0.401429 0.118607 0.085714