0 0.253021 0.531995 0.134441 0.195734
0 0.431269 0.218946 0.107251 0.249686
1 0.445619 0.905897 0.250755 0.097867
1 0.317221 0.151819 0.132931 0.150565
2 0.293051 0.324341 0.102719 0.119197
2 0.703927 0.861982 0.129909 0.110414
3 0.179758 0.498118 0.223565 0.077792
3 0.484894 0.188206 0.160121 0.130489
4 0.350453 0.698243 0.226586 0.051443
4 0.507553 0.305521 0.078550 0.106650
5 0.170695 0.501882 0.105740 0.158093
5 0.629909 0.641154 0.169184 0.097867
6 0.188066 0.232120 0.149547 0.082811
6 0.410121 0.127980 0.070997 0.110414
7 0.414653 0.635508 0.164653 0.101631
7 0.248489 0.132371 0.137462 0.124216
8 0.445619 0.602258 0.099698 0.140527
8 0.534743 0.547051 0.096677 0.143036
9 0.451662 0.413425 0.102719 0.116688
9 0.263595 0.251568 0.176737 0.046424
10 0.114804 0.376412 0.123867 0.075282
10 0.398036 0.457340 0.122356 0.141782
11 0.603474 0.340025 0.049849 0.150565
11 0.123112 0.340652 0.170695 0.051443
12 0.467523 0.235257 0.083082 0.124216
12 0.333082 0.596612 0.146526 0.046424
13 0.216012 0.350690 0.066465 0.111669
13 0.419184 0.316813 0.086103 0.076537
14 0.277946 0.648683 0.129909 0.057716
14 0.364804 0.217064 0.046828 0.112923
15 0.587613 0.446048 0.096677 0.074028
15 0.311178 0.149937 0.123867 0.048934
16 0.410876 0.359473 0.129909 0.051443
16 0.549094 0.292346 0.055891 0.107905
17 0.605740 0.691970 0.090634 0.071518
17 0.068731 0.274780 0.064955 0.070263
18 0.534743 0.390841 0.060423 0.079046
18 0.599698 0.497491 0.099698 0.056462
19 0.175227 0.294228 0.084592 0.061481
19 0.480363 0.826223 0.093656 0.058971
20 0.352719 0.281054 0.074018 0.042660
20 0.280967 0.282936 0.054381 0.058971
21 0.379154 0.541405 0.078550 0.061481
21 0.496979 0.430364 0.045317 0.072773
22 0.833837 0.890841 0.193353 0.045169
22 0.485650 0.116060 0.070997 0.139272