0 0.758752 0.265924 0.193303 0.171975
0 0.372146 0.191083 0.135464 0.197452
1 0.404871 0.378185 0.106545 0.243631
1 0.366058 0.477707 0.214612 0.152866
2 0.791476 0.570860 0.200913 0.122611
2 0.675799 0.703025 0.158295 0.160828
3 0.765601 0.434713 0.149163 0.130573
3 0.858447 0.601115 0.203957 0.068471
4 0.101218 0.574045 0.074581 0.179936
4 0.189498 0.620223 0.147641 0.148089
5 0.671233 0.569268 0.082192 0.183121
5 0.477169 0.667197 0.138508 0.085987
6 0.541857 0.773089 0.133942 0.093949
6 0.480213 0.226911 0.171994 0.078025
7 0.385084 0.835987 0.118721 0.095541
7 0.265601 0.860669 0.117199 0.113057
8 0.600457 0.871815 0.144597 0.084395
8 0.658295 0.414809 0.077626 0.128981
9 0.535008 0.315287 0.111111 0.156051
9 0.219178 0.500796 0.152207 0.081210
10 0.566971 0.575637 0.123288 0.128981
10 0.201674 0.689490 0.083714 0.101911
11 0.299087 0.416401 0.123288 0.100318
11 0.352359 0.898089 0.135464 0.095541
12 0.617960 0.531847 0.051750 0.124204
12 0.475647 0.401274 0.126332 0.079618
13 0.493912 0.481688 0.095890 0.113057
13 0.405632 0.489650 0.062405 0.109873
14 0.489346 0.710987 0.092846 0.097134
14 0.258752 0.740446 0.109589 0.082803
15 0.311263 0.291401 0.092846 0.105096
15 0.163623 0.339172 0.074581 0.114650
16 0.234399 0.431529 0.060883 0.108280
16 0.173516 0.426752 0.109589 0.070064
17 0.397260 0.644108 0.085236 0.074841
17 0.580670 0.535032 0.059361 0.085987
18 0.137747 0.617834 0.068493 0.070064
18 0.461948 0.209395 0.074581 0.090764
19 0.653729 0.282643 0.083714 0.071656
19 0.646119 0.617038 0.062405 0.071656
20 0.330289 0.565287 0.079148 0.054140
20 0.256469 0.332006 0.071537 0.055732
21 0.824962 0.726911 0.051750 0.097134
21 0.560122 0.087580 0.060883 0.082803
22 0.408676 0.882962 0.114155 0.125796
23 0.439117 0.557325 0.071537 0.057325