0 0.356406 0.830623 0.129602 0.214092
0 0.783505 0.642276 0.256259 0.086721
1 0.445508 0.233740 0.272459 0.104336
1 0.770987 0.610434 0.054492 0.253388
2 0.666421 0.465447 0.213549 0.063686
2 0.172312 0.418699 0.223859 0.054201
3 0.673785 0.355014 0.163476 0.116531
3 0.145066 0.476965 0.195876 0.108401
4 0.546392 0.502033 0.144330 0.131436
4 0.920471 0.499322 0.117820 0.174797
5 0.604566 0.333333 0.136966 0.162602
5 0.286451 0.513550 0.101620 0.178862
6 0.554492 0.820461 0.069219 0.158537
6 0.487482 0.722900 0.170839 0.063686
7 0.616348 0.107046 0.142857 0.089431
7 0.497791 0.573171 0.073638 0.146341
8 0.483063 0.170054 0.123711 0.115176
8 0.424890 0.804201 0.078056 0.134146
9 0.106775 0.763550 0.104566 0.123306
9 0.708395 0.384824 0.111929 0.119241
10 0.089102 0.600271 0.101620 0.108401
10 0.189985 0.518293 0.141384 0.077236
11 0.131811 0.876694 0.139912 0.089431
11 0.419735 0.452575 0.079529 0.132791
12 0.086156 0.795393 0.086892 0.108401
12 0.519146 0.857046 0.060383 0.123306
13 0.284978 0.802168 0.107511 0.084011
13 0.626657 0.754065 0.134021 0.047425
14 0.412371 0.683604 0.111929 0.060976
14 0.145803 0.664634 0.108984 0.050136
15 0.314433 0.733740 0.083947 0.066396
15 0.279823 0.670054 0.067747 0.096206
16 0.603829 0.411924 0.108984 0.056911
16 0.432990 0.634824 0.111929 0.047425
17 0.393225 0.813008 0.079529 0.067751
17 0.576583 0.628726 0.072165 0.078591
18 0.213549 0.598916 0.070692 0.070461
18 0.220913 0.785230 0.055965 0.077236
19 0.134757 0.589431 0.048601 0.075881
19 0.147275 0.744580 0.076583 0.058266
20 0.353461 0.840108 0.064801 0.051491
20 0.171576 0.701220 0.072165 0.039295
21 0.203240 0.750678 0.047128 0.067751
21 0.271723 0.769648 0.054492 0.062331
22 0.164948 0.337398 0.111929 0.140921
22 0.647275 0.836043 0.125184 0.130081