0 0.767004 0.336412 0.231548 0.147757
0 0.342258 0.812665 0.120116 0.211082
1 0.790159 0.212401 0.240232 0.058047
1 0.441389 0.288918 0.208394 0.147757
2 0.703329 0.122032 0.121563 0.156992
2 0.305355 0.327177 0.185239 0.092348
3 0.086107 0.556728 0.094067 0.163588
3 0.460926 0.456464 0.180897 0.079156
4 0.546310 0.228232 0.120116 0.150396
4 0.643271 0.181398 0.065123 0.162269
5 0.206223 0.168865 0.180897 0.076517
5 0.301013 0.693272 0.147612 0.104222
6 0.361071 0.552111 0.059334 0.138522
6 0.764834 0.345646 0.111433 0.126649
7 0.653401 0.678100 0.149059 0.073879
7 0.345152 0.645119 0.082489 0.118734
8 0.486252 0.885884 0.130246 0.056728
8 0.510130 0.692612 0.053546 0.116095
9 0.420405 0.182718 0.108538 0.112137
9 0.554269 0.768470 0.141823 0.046174
10 0.451520 0.546174 0.112880 0.097625
10 0.579595 0.773087 0.053546 0.126649
11 0.765557 0.098285 0.138929 0.083113
11 0.096237 0.346966 0.062229 0.137203
12 0.183068 0.639842 0.085384 0.094987
12 0.295948 0.494063 0.085384 0.093668
13 0.585384 0.568602 0.105644 0.071240
13 0.365412 0.427441 0.102750 0.063325
14 0.954414 0.615435 0.062229 0.106860
14 0.185962 0.476913 0.094067 0.075198
15 0.670767 0.532982 0.091172 0.065963
15 0.441389 0.079815 0.069465 0.088391
16 0.413169 0.658971 0.050651 0.085752
16 0.361071 0.091029 0.094067 0.084433
17 0.649059 0.587071 0.059334 0.081794
17 0.278582 0.115435 0.096961 0.054090
18 0.447178 0.430739 0.072359 0.062005
18 0.278582 0.414248 0.070912 0.068602
19 0.284370 0.625989 0.073806 0.064644
19 0.443560 0.938654 0.085384 0.051451
20 0.460203 0.672164 0.066570 0.046174
20 0.729378 0.520449 0.060781 0.059367
21 0.173661 0.711741 0.052098 0.067282
21 0.407381 0.380607 0.047757 0.072559
22 0.463821 0.846966 0.146165 0.050132
23 0.421852 0.581794 0.059334 0.071240