0 0.660024 0.745714 0.194444 0.225714
0 0.405193 0.790714 0.182367 0.172857
1 0.875604 0.547857 0.161836 0.247143
1 0.478261 0.890000 0.166667 0.148571
2 0.143116 0.427857 0.109903 0.210000
2 0.420290 0.633571 0.135266 0.130000
3 0.394324 0.362143 0.170290 0.172857
3 0.103261 0.432143 0.107488 0.181429
4 0.783213 0.535000 0.064010 0.207143
4 0.678140 0.882143 0.129227 0.132857
5 0.707126 0.514286 0.051932 0.197143
5 0.489734 0.401429 0.141304 0.140000
6 0.464372 0.585000 0.138889 0.130000
6 0.826087 0.392857 0.065217 0.165714
7 0.310386 0.370000 0.106280 0.131429
7 0.342391 0.560000 0.049517 0.177143
8 0.183575 0.604286 0.074879 0.148571
8 0.657609 0.068571 0.105072 0.108571
9 0.289855 0.547143 0.111111 0.145714
9 0.745773 0.483571 0.059179 0.161429
10 0.922705 0.387143 0.135266 0.085714
10 0.434179 0.374286 0.119565 0.082857
11 0.119565 0.643571 0.062802 0.167143
11 0.413647 0.720714 0.047101 0.164286
12 0.379831 0.512857 0.042271 0.122857
12 0.724034 0.749286 0.073671 0.112857
13 0.535024 0.675000 0.108696 0.084286
13 0.452899 0.382143 0.065217 0.112857
14 0.053744 0.630714 0.076087 0.124286
14 0.667271 0.582143 0.071256 0.118571
15 0.544686 0.182143 0.094203 0.084286
15 0.748792 0.209286 0.084541 0.098571
16 0.579106 0.592857 0.088164 0.080000
16 0.672705 0.202857 0.070048 0.102857
17 0.596014 0.310000 0.083333 0.088571
17 0.407005 0.455000 0.043478 0.095714
18 0.186594 0.377143 0.061594 0.085714
18 0.497585 0.477143 0.043478 0.088571
19 0.644324 0.410714 0.076087 0.081429
19 0.227657 0.650000 0.068841 0.077143
20 0.553744 0.751429 0.073671 0.054286
20 0.678140 0.360714 0.073671 0.055714
21 0.577295 0.395714 0.065217 0.054286
21 0.528986 0.307143 0.067633 0.068571
22 0.252415 0.533571 0.079710 0.138571
22 0.752415 0.260714 0.101449 0.098571