0 0.395614 0.095661 0.324561 0.128205
0 0.649123 0.857002 0.242105 0.195266
1 0.204386 0.329389 0.338596 0.244576
1 0.361404 0.623274 0.207018 0.138067
2 0.460526 0.778107 0.194737 0.246548
2 0.589474 0.851085 0.270175 0.199211
3 0.697368 0.216963 0.184211 0.240631
3 0.274561 0.666667 0.191228 0.153846
4 0.858772 0.564103 0.124561 0.268245
4 0.730702 0.148915 0.124561 0.179487
5 0.871930 0.443787 0.168421 0.177515
5 0.674561 0.719921 0.257895 0.114398
6 0.194737 0.301775 0.164912 0.213018
6 0.782456 0.349112 0.242105 0.082840
7 0.455263 0.525641 0.212281 0.100592
7 0.733333 0.582840 0.077193 0.234714
8 0.483333 0.603550 0.180702 0.067061
8 0.306140 0.761341 0.180702 0.118343
9 0.381579 0.321499 0.135088 0.134122
9 0.571930 0.817554 0.157895 0.159763
10 0.485965 0.392505 0.140351 0.181460
10 0.312281 0.772189 0.094737 0.226824
11 0.277193 0.270217 0.066667 0.201183
11 0.135965 0.461538 0.114035 0.209073
12 0.574561 0.221893 0.117544 0.163708
12 0.250000 0.444773 0.142105 0.088757
13 0.172807 0.541420 0.057895 0.171598
13 0.450000 0.699211 0.057895 0.167653
14 0.618421 0.451677 0.068421 0.165680
14 0.092982 0.457594 0.115789 0.157791
15 0.304386 0.557199 0.057895 0.143984
15 0.495614 0.466469 0.121053 0.096647
16 0.378070 0.483235 0.128070 0.067061
17 0.573684 0.325444 0.056140 0.134122
17 0.447368 0.363905 0.084211 0.080868
18 0.517544 0.256410 0.108772 0.063116
18 0.658772 0.460552 0.061404 0.120316
19 0.872807 0.541420 0.082456 0.104536
19 0.453509 0.198225 0.103509 0.084813
20 0.585088 0.405325 0.078947 0.084813
20 0.682456 0.320513 0.087719 0.057199
21 0.367544 0.205128 0.068421 0.098619
21 0.390351 0.357002 0.078947 0.059172
22 0.269298 0.487179 0.177193 0.165680
22 0.454386 0.669625 0.175439 0.108481