0 0.440077 0.540222 0.076031 0.356449
0 0.507732 0.537448 0.105670 0.190014
1 0.679124 0.863384 0.201031 0.223301
1 0.218428 0.496533 0.122423 0.233010
2 0.253222 0.328017 0.225515 0.142857
2 0.128866 0.189320 0.139175 0.142857
3 0.364046 0.800277 0.119845 0.155340
3 0.464562 0.640777 0.119845 0.188627
4 0.528995 0.816921 0.228093 0.072122
4 0.539304 0.595700 0.109536 0.217753
5 0.503866 0.298197 0.090206 0.208044
5 0.447165 0.285714 0.180412 0.094313
6 0.393041 0.179612 0.131443 0.156727
6 0.321521 0.242025 0.088918 0.198336
7 0.692010 0.595007 0.126289 0.141470
7 0.519974 0.434119 0.119845 0.130374
8 0.358247 0.615811 0.131443 0.135922
8 0.704897 0.703883 0.069588 0.170596
9 0.594716 0.384189 0.112113 0.160888
9 0.719716 0.573509 0.132732 0.117892
10 0.132732 0.307212 0.100515 0.178918
10 0.291881 0.219834 0.135309 0.128988
11 0.739691 0.546463 0.105670 0.130374
11 0.404639 0.632455 0.139175 0.141470
12 0.836340 0.796810 0.087629 0.145631
12 0.381443 0.245492 0.100515 0.135922
13 0.653995 0.734397 0.125000 0.056865
13 0.600515 0.597781 0.113402 0.099861
14 0.533505 0.701803 0.090206 0.116505
14 0.398840 0.596394 0.122423 0.061026
15 0.615979 0.667822 0.110825 0.065187
15 0.846649 0.777393 0.074742 0.115118
16 0.423325 0.293343 0.094072 0.095700
16 0.426546 0.348128 0.108247 0.074896
17 0.757088 0.883495 0.068299 0.108183
17 0.398840 0.108183 0.088918 0.099861
18 0.533505 0.861304 0.064433 0.094313
18 0.613402 0.778779 0.092784 0.054092
19 0.606959 0.484050 0.041237 0.097087
19 0.551546 0.448682 0.082474 0.079057
20 0.801546 0.704577 0.041237 0.074896
20 0.791881 0.598474 0.045103 0.079057
21 0.572809 0.719834 0.083763 0.058252
21 0.552191 0.512483 0.055412 0.081831
22 0.834407 0.592926 0.083763 0.153953
22 0.921392 0.719834 0.103093 0.158114