0 0.800314 0.471154 0.166667 0.096154
0 0.406447 0.677602 0.177673 0.160633
1 0.311321 0.568439 0.245283 0.066742
1 0.295597 0.425339 0.220126 0.065611
2 0.097484 0.294683 0.182390 0.105204
2 0.625000 0.644796 0.215409 0.058824
3 0.753145 0.399321 0.157233 0.063348
3 0.578616 0.493213 0.103774 0.128959
4 0.812107 0.584842 0.077044 0.140271
4 0.213836 0.486991 0.201258 0.059955
5 0.909591 0.595023 0.139937 0.088235
5 0.517296 0.721719 0.138365 0.076923
6 0.321541 0.196833 0.095912 0.076923
6 0.200472 0.486991 0.095912 0.118778
7 0.203616 0.552602 0.152516 0.050905
7 0.818396 0.238122 0.121069 0.064480
8 0.334906 0.945136 0.119497 0.098416
8 0.703616 0.180430 0.108491 0.107466
9 0.385220 0.354072 0.122642 0.090498
9 0.518868 0.392534 0.075472 0.108597
10 0.497642 0.184389 0.127358 0.065611
10 0.636792 0.396493 0.091195 0.093891
11 0.345126 0.628959 0.080189 0.083710
11 0.325472 0.699095 0.110063 0.074661
12 0.272013 0.950226 0.084906 0.085973
12 0.158805 0.040724 0.128931 0.054299
13 0.790094 0.304864 0.117925 0.059955
13 0.768082 0.179299 0.133648 0.055430
14 0.564465 0.596154 0.078616 0.076923
14 0.447327 0.634615 0.083333 0.056561
15 0.491352 0.456448 0.099057 0.066742
15 0.219340 0.164593 0.061321 0.071267
16 0.574686 0.414027 0.061321 0.065611
16 0.757862 0.272624 0.110063 0.049774
17 0.453616 0.471154 0.077044 0.062217
17 0.242925 0.252262 0.055031 0.072398
18 0.380503 0.399321 0.084906 0.049774
18 0.319182 0.458145 0.078616 0.042986
19 0.605346 0.126131 0.081761 0.055430
19 0.616352 0.596719 0.056604 0.055430
20 0.403302 0.483597 0.077044 0.039593
20 0.293239 0.255656 0.070755 0.042986
21 0.304245 0.545814 0.070755 0.050905
21 0.562107 0.311652 0.061321 0.053167
22 0.265723 0.136312 0.078616 0.107466
23 0.431604 0.335407 0.055031 0.053167