0 0.081414 0.548359 0.152961 0.398964
0 0.839638 0.448187 0.179276 0.112263
1 0.311678 0.271157 0.202303 0.179620
1 0.405428 0.356649 0.235197 0.233161
2 0.870888 0.732297 0.182566 0.127807
2 0.437500 0.807427 0.282895 0.253886
3 0.802632 0.306563 0.194079 0.202073
3 0.203125 0.376511 0.248355 0.107081
4 0.412829 0.188256 0.187500 0.193437
4 0.366776 0.632988 0.187500 0.257340
5 0.824836 0.788428 0.199013 0.122625
5 0.349507 0.448187 0.172697 0.208981
6 0.462993 0.791883 0.205592 0.181347
6 0.383224 0.884283 0.223684 0.169257
7 0.535362 0.466321 0.106908 0.203800
7 0.843750 0.659758 0.213816 0.086356
8 0.736842 0.351468 0.161184 0.108808
8 0.722039 0.481002 0.062500 0.191710
9 0.709704 0.773748 0.192434 0.096718
9 0.465461 0.563903 0.059211 0.208981
10 0.352796 0.591537 0.192434 0.101900
10 0.315789 0.125216 0.200658 0.084629
11 0.592105 0.309154 0.144737 0.151986
11 0.330592 0.744387 0.164474 0.172712
12 0.699836 0.612263 0.070724 0.153713
12 0.833059 0.521589 0.156250 0.055268
13 0.601151 0.761658 0.074013 0.158895
13 0.093750 0.558722 0.125000 0.146805
14 0.629112 0.529361 0.110197 0.129534
14 0.856086 0.578584 0.139803 0.100173
15 0.669408 0.853195 0.125000 0.110535
15 0.717928 0.362694 0.126645 0.058722
16 0.837993 0.589810 0.054276 0.129534
16 0.553454 0.740933 0.054276 0.141623
17 0.518092 0.443005 0.062500 0.112263
17 0.268092 0.284111 0.111842 0.094991
18 0.339638 0.151123 0.047697 0.108808
18 0.429276 0.479275 0.095395 0.060449
19 0.414474 0.714162 0.085526 0.081174
19 0.527138 0.221934 0.100329 0.056995
20 0.471217 0.328152 0.057566 0.086356
20 0.422697 0.464594 0.075658 0.093264
21 0.553454 0.599309 0.097039 0.055268
21 0.380757 0.548359 0.077303 0.081174
22 0.197368 0.127807 0.184211 0.103627
23 0.502467 0.721934 0.054276 0.082902