0 0.678826 0.676251 0.076130 0.166134
0 0.478985 0.499468 0.144330 0.108626
1 0.228787 0.343983 0.054718 0.204473
1 0.576923 0.473908 0.099128 0.108626
2 0.237510 0.177316 0.068993 0.143770
2 0.848929 0.304579 0.070579 0.100106
3 0.316812 0.865282 0.061063 0.173589
3 0.252974 0.696486 0.085646 0.089457
4 0.409199 0.857827 0.114195 0.084132
4 0.645916 0.821619 0.073751 0.113951
5 0.664552 0.590522 0.058684 0.150160
5 0.444885 0.631523 0.049167 0.178914
6 0.727597 0.425985 0.118160 0.051118
6 0.806899 0.514377 0.118160 0.100106
7 0.210151 0.090522 0.066614 0.104366
7 0.929818 0.367945 0.078509 0.071353
8 0.078509 0.428647 0.082474 0.079872
8 0.281126 0.919063 0.092784 0.089457
9 0.570182 0.530884 0.055511 0.062833
9 0.764473 0.695421 0.057098 0.125666
10 0.514274 0.403088 0.099128 0.043663
10 0.816416 0.457934 0.102300 0.042599
11 0.861618 0.152822 0.103886 0.041534
11 0.836241 0.440362 0.105472 0.043663
12 0.255749 0.657614 0.075337 0.060703
12 0.724822 0.675186 0.036479 0.106496
13 0.456780 0.492013 0.060270 0.087327
13 0.243854 0.822151 0.083267 0.038339
14 0.956780 0.272098 0.062649 0.073482
14 0.040841 0.259318 0.043616 0.090522
15 0.663362 0.462726 0.048374 0.086262
15 0.378668 0.933972 0.064235 0.057508
16 0.939730 0.247604 0.066614 0.067093
16 0.219667 0.949947 0.038065 0.095847
17 0.765266 0.593717 0.057098 0.047923
17 0.036479 0.349308 0.050753 0.051118
18 0.489691 0.775825 0.037272 0.069223
18 0.789453 0.275825 0.046788 0.059638
19 0.785884 0.308839 0.047581 0.051118
19 0.821570 0.414271 0.049167 0.046858
20 0.884219 0.240149 0.047581 0.045793
20 0.769231 0.339191 0.047581 0.043663
21 0.283505 0.123003 0.035686 0.062833
21 0.285091 0.034079 0.037272 0.063898
22 0.593180 0.479233 0.047581 0.123536
23 0.494845 0.149627 0.044409 0.037274