0 0.145051 0.465583 0.119454 0.185468
0 0.854949 0.333652 0.170648 0.143403
1 0.668942 0.288719 0.143345 0.309751
1 0.404437 0.249522 0.180887 0.170172
2 0.875427 0.461759 0.122867 0.177820
2 0.453925 0.185468 0.177474 0.172084
3 0.862628 0.773423 0.087031 0.277247
3 0.255119 0.193117 0.196246 0.152964
4 0.703925 0.895793 0.189420 0.116635
4 0.736348 0.708413 0.216724 0.154876
5 0.148464 0.565010 0.211604 0.078394
5 0.692833 0.801147 0.228669 0.114723
6 0.593003 0.750478 0.100683 0.128107
6 0.499147 0.423518 0.196246 0.078394
7 0.379693 0.640535 0.087031 0.195029
7 0.751706 0.680688 0.179181 0.084130
8 0.590444 0.105163 0.191126 0.110899
8 0.676621 0.220841 0.127986 0.170172
9 0.647611 0.608031 0.179181 0.099426
9 0.482082 0.757170 0.138225 0.160612
10 0.430034 0.807839 0.177474 0.116635
10 0.223549 0.339388 0.180887 0.093690
11 0.494027 0.586998 0.168942 0.114723
11 0.785836 0.659656 0.097270 0.198853
12 0.547782 0.232314 0.081911 0.147228
12 0.472696 0.235182 0.133106 0.068834
13 0.733788 0.393881 0.122867 0.080306
13 0.511945 0.348948 0.058020 0.143403
14 0.735495 0.829828 0.143345 0.084130
14 0.639932 0.317400 0.139932 0.068834
15 0.680887 0.479924 0.122867 0.065010
15 0.319113 0.622371 0.061433 0.143403
16 0.704778 0.636711 0.116041 0.072658
16 0.570819 0.473231 0.087031 0.089866
17 0.442833 0.532505 0.059727 0.078394
17 0.488055 0.553537 0.051195 0.097514
18 0.648464 0.544933 0.061433 0.103250
18 0.350683 0.294455 0.083618 0.080306
19 0.666382 0.423518 0.083618 0.093690
19 0.756826 0.524857 0.059727 0.108987
20 0.664676 0.908222 0.087031 0.072658
20 0.439420 0.585086 0.069966 0.053537
21 0.486348 0.474187 0.071672 0.084130
21 0.586177 0.527725 0.080205 0.061185
22 0.232082 0.450287 0.105802 0.116635
23 0.749147 0.217973 0.064846 0.095602