0 0.610518 0.737781 0.245427 0.154557
0 0.731707 0.297886 0.182927 0.183620
1 0.718750 0.702114 0.150915 0.199472
1 0.263720 0.360634 0.268293 0.089828
2 0.209604 0.523118 0.190549 0.142668
2 0.711890 0.630119 0.140244 0.155878
3 0.222561 0.901585 0.204268 0.101717
3 0.741616 0.157860 0.074695 0.178336
4 0.713415 0.505945 0.170732 0.089828
4 0.420732 0.513871 0.067073 0.161162
5 0.891006 0.627477 0.071646 0.155878
5 0.398628 0.717966 0.163110 0.109643
6 0.143293 0.325627 0.115854 0.143989
6 0.376524 0.366579 0.158537 0.120211
7 0.733994 0.454425 0.147866 0.066050
7 0.629573 0.398943 0.134146 0.095112
8 0.530488 0.330911 0.106707 0.120211
8 0.515244 0.113606 0.064024 0.134742
9 0.185976 0.706077 0.146341 0.067371
9 0.535061 0.735799 0.121951 0.103038
10 0.237043 0.615588 0.132622 0.113606
10 0.422256 0.922721 0.155488 0.062087
11 0.231707 0.182299 0.121951 0.118890
11 0.461890 0.589168 0.125000 0.103038
12 0.576982 0.088507 0.065549 0.103038
12 0.907774 0.506605 0.056402 0.107001
13 0.682165 0.151255 0.083841 0.099075
13 0.570122 0.411493 0.085366 0.091149
14 0.185213 0.780053 0.123476 0.048877
14 0.250000 0.412153 0.064024 0.100396
15 0.836128 0.333554 0.062500 0.093791
15 0.098323 0.552840 0.102134 0.075297
16 0.133384 0.443197 0.099085 0.075297
16 0.750762 0.611625 0.099085 0.044914
17 0.479421 0.523118 0.089939 0.050198
17 0.569360 0.900925 0.074695 0.076618
18 0.615854 0.322985 0.079268 0.067371
18 0.221037 0.745707 0.091463 0.043593
19 0.473323 0.852048 0.068598 0.079260
19 0.179878 0.644650 0.091463 0.047556
20 0.755335 0.375826 0.077744 0.064729
20 0.358232 0.577939 0.067073 0.064729
21 0.826982 0.498018 0.077744 0.058124
21 0.369665 0.684280 0.080793 0.042272
22 0.339939 0.272127 0.155488 0.060766
22 0.258384 0.601057 0.089939 0.129458