0 0.512230 0.852518 0.233094 0.201439
0 0.663309 0.296163 0.235971 0.100719
1 0.628058 0.776978 0.205755 0.107914
1 0.289209 0.808153 0.094964 0.201439
2 0.553237 0.273381 0.179856 0.105516
2 0.705036 0.274580 0.077698 0.187050
3 0.391367 0.308153 0.164029 0.131894
3 0.303597 0.523981 0.189928 0.074341
4 0.412950 0.895683 0.201439 0.067146
4 0.838129 0.774580 0.142446 0.129496
5 0.534532 0.127098 0.093525 0.134293
5 0.842446 0.549161 0.073381 0.148681
6 0.617266 0.552158 0.152518 0.080336
6 0.634532 0.715228 0.126619 0.116307
7 0.643165 0.385492 0.112230 0.097122
7 0.454676 0.725420 0.152518 0.045564
8 0.714388 0.846523 0.122302 0.095923
8 0.610072 0.449640 0.123741 0.091127
9 0.632374 0.657074 0.130935 0.081535
9 0.776259 0.495204 0.079137 0.115108
10 0.483453 0.772182 0.138129 0.059952
10 0.424460 0.061151 0.158273 0.055156
11 0.444604 0.817746 0.143885 0.045564
11 0.615827 0.191847 0.141007 0.074341
12 0.520863 0.533573 0.094964 0.088729
12 0.379856 0.190048 0.115108 0.063549
13 0.382734 0.139089 0.103597 0.074341
13 0.439568 0.586930 0.105036 0.075540
14 0.590647 0.100719 0.099281 0.095923
14 0.607194 0.454436 0.066187 0.093525
15 0.164029 0.721223 0.106475 0.061151
15 0.312950 0.580935 0.102158 0.058753
16 0.584892 0.887890 0.084892 0.080336
16 0.058993 0.244005 0.103597 0.073141
17 0.317266 0.128297 0.058993 0.081535
17 0.528777 0.604916 0.087770 0.061151
18 0.667626 0.626499 0.080576 0.044365
18 0.747482 0.864508 0.084892 0.052758
19 0.534532 0.913669 0.076259 0.067146
19 0.228058 0.675060 0.058993 0.076739
20 0.098561 0.643285 0.073381 0.058753
20 0.328058 0.373501 0.077698 0.056355
21 0.135252 0.688249 0.066187 0.055156
21 0.280576 0.323141 0.054676 0.070743
22 0.583453 0.501199 0.148201 0.069544
22 0.710791 0.463429 0.071942 0.128297