0 0.506003 0.824766 0.243568 0.156542
0 0.866209 0.474883 0.133791 0.185748
1 0.563465 0.306659 0.255575 0.129673
1 0.305317 0.774533 0.130360 0.147196
2 0.219554 0.142523 0.192110 0.105140
2 0.319039 0.808411 0.137221 0.161215
3 0.643225 0.577687 0.106346 0.141355
3 0.158662 0.699766 0.186964 0.077103
4 0.765866 0.906542 0.210978 0.081776
4 0.532590 0.561332 0.080617 0.129673
5 0.575472 0.925234 0.142367 0.126168
5 0.114923 0.082360 0.130360 0.125000
6 0.382504 0.658879 0.174957 0.065421
6 0.760720 0.796729 0.162950 0.095794
7 0.255575 0.167056 0.147513 0.107477
7 0.279588 0.733645 0.116638 0.109813
8 0.870497 0.761098 0.156089 0.080607
8 0.100343 0.137850 0.128645 0.091121
9 0.768439 0.672897 0.157804 0.060748
9 0.537736 0.726051 0.142367 0.078271
10 0.584048 0.807827 0.145798 0.078271
10 0.559177 0.765771 0.154374 0.082944
11 0.552316 0.650117 0.113208 0.054907
11 0.688679 0.885514 0.121784 0.102804
12 0.726415 0.647196 0.132075 0.053738
12 0.518010 0.081192 0.140652 0.040888
13 0.448542 0.028621 0.162950 0.045561
13 0.451115 0.612734 0.089194 0.087617
14 0.445111 0.682827 0.087479 0.075935
14 0.607204 0.608645 0.058319 0.093458
15 0.753002 0.316589 0.078902 0.081776
15 0.835334 0.812500 0.085763 0.073598
16 0.833619 0.289136 0.113208 0.073598
16 0.666381 0.517523 0.053173 0.084112
17 0.323328 0.411215 0.063465 0.072430
17 0.450257 0.150117 0.084048 0.075935
18 0.492281 0.126168 0.092624 0.056075
18 0.851630 0.702687 0.063465 0.066589
19 0.572041 0.558995 0.077187 0.059579
19 0.591767 0.695093 0.078902 0.060748
20 0.502573 0.670561 0.061750 0.049065
20 0.748714 0.580607 0.073756 0.049065
21 0.722127 0.612734 0.085763 0.038551
21 0.696398 0.573014 0.054889 0.057243
22 0.743568 0.515771 0.111492 0.078271
22 0.771870 0.898949 0.061750 0.125000