0 0.633708 0.276213 0.204494 0.111111
0 0.458989 0.457746 0.106742 0.236307
1 0.529775 0.485133 0.055056 0.241002
1 0.357865 0.399844 0.153933 0.129890
2 0.767978 0.409233 0.147191 0.104851
2 0.803933 0.829421 0.153933 0.087637
3 0.653933 0.212050 0.139326 0.101721
3 0.375843 0.576682 0.135955 0.067293
4 0.378090 0.672926 0.066292 0.178404
4 0.275843 0.598592 0.061798 0.173709
5 0.641573 0.135368 0.137079 0.061033
5 0.875281 0.323161 0.114607 0.086072
6 0.765730 0.530516 0.088764 0.147105
6 0.700000 0.342723 0.119101 0.065728
7 0.563483 0.906103 0.102247 0.087637
7 0.580337 0.437402 0.050562 0.151800
8 0.698876 0.461659 0.053933 0.140845
8 0.707865 0.083725 0.119101 0.079812
9 0.596629 0.615023 0.051685 0.147105
9 0.340449 0.414710 0.105618 0.065728
10 0.447753 0.682316 0.043820 0.153365
10 0.885955 0.340376 0.064045 0.129890
11 0.511798 0.721440 0.095506 0.125196
11 0.385955 0.679969 0.093258 0.111111
12 0.408427 0.501565 0.075281 0.101721
12 0.946629 0.552426 0.061798 0.093897
13 0.621348 0.539124 0.053933 0.111111
13 0.738202 0.738654 0.078652 0.093897
14 0.290449 0.751174 0.095506 0.078247
14 0.623034 0.457746 0.048315 0.114241
15 0.801124 0.549296 0.060674 0.100156
15 0.094382 0.848200 0.083146 0.087637
16 0.957303 0.405321 0.069663 0.103286
16 0.816854 0.362285 0.040449 0.111111
17 0.765169 0.158059 0.071910 0.075117
17 0.700562 0.901408 0.079775 0.062598
18 0.502809 0.403756 0.055056 0.075117
18 0.611798 0.838811 0.068539 0.059468
19 0.354494 0.487480 0.064045 0.057903
19 0.658989 0.431142 0.039326 0.082942
20 0.078652 0.804382 0.047191 0.071987
20 0.667978 0.748826 0.048315 0.082942
21 0.673596 0.598592 0.050562 0.073552
21 0.559551 0.716745 0.042697 0.078247
22 0.838202 0.590767 0.071910 0.142410
23 0.704494 0.851330 0.053933 0.065728