0 0.310093 0.533133 0.158035 0.183735
0 0.771580 0.634789 0.151394 0.121988
1 0.199867 0.470633 0.168659 0.185241
1 0.626826 0.433735 0.188579 0.165663
2 0.356574 0.103163 0.181939 0.143072
2 0.476760 0.326807 0.103586 0.147590
3 0.365206 0.813253 0.172643 0.099398
3 0.393758 0.902108 0.166003 0.141566
4 0.683931 0.861446 0.156707 0.141566
4 0.280212 0.317018 0.116866 0.170181
5 0.631474 0.326807 0.120850 0.153614
5 0.675299 0.457831 0.110226 0.156627
6 0.430279 0.803464 0.135458 0.109940
6 0.901726 0.636295 0.092961 0.164157
7 0.469456 0.729669 0.067729 0.149096
7 0.614874 0.775602 0.098274 0.138554
8 0.840637 0.594127 0.127490 0.055723
8 0.705843 0.876506 0.110226 0.120482
9 0.524568 0.544428 0.116866 0.076807
9 0.451527 0.898343 0.124834 0.091867
10 0.236388 0.628765 0.095618 0.140060
10 0.352590 0.643072 0.067729 0.156627
11 0.202523 0.378765 0.062417 0.155120
11 0.361222 0.652108 0.116866 0.132530
12 0.737052 0.765813 0.114210 0.070783
12 0.083001 0.481175 0.104914 0.064759
13 0.222444 0.232681 0.091633 0.106928
13 0.437583 0.540663 0.086321 0.117470
14 0.571713 0.660392 0.107570 0.052711
14 0.308101 0.604669 0.063745 0.112952
15 0.371182 0.584337 0.043825 0.114458
15 0.776892 0.858434 0.087649 0.066265
16 0.654714 0.802711 0.084993 0.093373
16 0.686587 0.543675 0.082337 0.081325
17 0.486720 0.435241 0.078353 0.069277
17 0.420319 0.650602 0.057105 0.090361
18 0.508632 0.582078 0.061089 0.073795
18 0.638114 0.689759 0.075697 0.057229
19 0.356574 0.355422 0.083665 0.054217
19 0.612218 0.383283 0.053121 0.079819
20 0.946879 0.525602 0.047809 0.084337
20 0.564409 0.709337 0.061089 0.060241
21 0.540505 0.792922 0.066401 0.061747
21 0.577689 0.451807 0.061089 0.054217
22 0.502656 0.492470 0.134130 0.078313
23 0.509960 0.719127 0.042497 0.070783