0 0.459809 0.789696 0.104905 0.207770
0 0.357629 0.461993 0.314714 0.140203
1 0.593324 0.272804 0.094005 0.305743
1 0.400545 0.432432 0.231608 0.179054
2 0.912125 0.302365 0.113079 0.202703
2 0.648501 0.644426 0.193460 0.177365
3 0.696866 0.135135 0.083106 0.236486
3 0.463215 0.454392 0.092643 0.256757
4 0.834469 0.509291 0.132153 0.167230
4 0.756131 0.173986 0.084469 0.239865
5 0.752725 0.649493 0.181199 0.096284
5 0.125341 0.471284 0.196185 0.101351
6 0.720708 0.463682 0.122616 0.167230
6 0.356948 0.559122 0.073569 0.222973
7 0.151226 0.254223 0.100817 0.187500
7 0.369891 0.174831 0.110354 0.180743
8 0.280654 0.591216 0.117166 0.094595
8 0.805858 0.723818 0.132153 0.150338
9 0.472752 0.934966 0.160763 0.079392
9 0.079019 0.260980 0.106267 0.184122
10 0.311308 0.290541 0.055858 0.195946
10 0.834469 0.318412 0.061308 0.211149
11 0.584469 0.494088 0.133515 0.136824
11 0.245913 0.440878 0.091281 0.179054
12 0.685967 0.322635 0.047684 0.152027
12 0.363079 0.587838 0.113079 0.128378
13 0.643733 0.285473 0.053134 0.165541
13 0.619891 0.780405 0.062670 0.145270
14 0.521798 0.244088 0.070845 0.133446
14 0.739782 0.502534 0.081744 0.140203
15 0.537466 0.723818 0.066757 0.116554
15 0.603542 0.059122 0.111717 0.067568
16 0.593324 0.668074 0.104905 0.099662
16 0.527248 0.619088 0.059946 0.130068
17 0.741826 0.741554 0.077657 0.111486
17 0.265668 0.277872 0.046322 0.133446
18 0.484332 0.195101 0.074932 0.086149
18 0.743869 0.340372 0.087193 0.065878
19 0.435286 0.100507 0.053134 0.116554
19 0.216621 0.257601 0.049046 0.119932
20 0.447548 0.273649 0.055858 0.118243
20 0.604905 0.590372 0.065395 0.082770
21 0.420300 0.472128 0.053134 0.076014
21 0.493869 0.118243 0.047684 0.101351
22 0.664850 0.468750 0.149864 0.086149
23 0.514986 0.826014 0.059946 0.077703