0 0.313620 0.741811 0.218638 0.262042
0 0.218638 0.676301 0.275986 0.315992
1 0.381720 0.270713 0.275986 0.198459
1 0.450717 0.836224 0.155914 0.200385
2 0.103047 0.531792 0.152330 0.281310
2 0.565412 0.631985 0.145161 0.331407
3 0.133513 0.620424 0.198925 0.235067
3 0.846774 0.201349 0.234767 0.190751
4 0.798387 0.410405 0.148746 0.281310
4 0.413082 0.938343 0.281362 0.069364
5 0.518817 0.366089 0.137993 0.188825
5 0.761649 0.289017 0.168459 0.196532
6 0.917563 0.358382 0.114695 0.269750
6 0.683692 0.461464 0.084229 0.279383
7 0.785842 0.682081 0.209677 0.115607
7 0.544803 0.577071 0.222222 0.117534
8 0.474910 0.468208 0.114695 0.131021
8 0.715950 0.245665 0.080645 0.213873
9 0.821685 0.603083 0.198925 0.111753
9 0.381720 0.594412 0.204301 0.078998
10 0.784946 0.083815 0.193548 0.140655
10 0.392473 0.574181 0.168459 0.188825
11 0.635305 0.447013 0.077061 0.238921
11 0.551075 0.216763 0.109319 0.225434
12 0.563620 0.113680 0.087814 0.177264
12 0.694444 0.516378 0.170251 0.100193
13 0.851254 0.175337 0.150538 0.080925
13 0.780466 0.451830 0.181004 0.067437
14 0.216846 0.707129 0.125448 0.119461
14 0.733871 0.451830 0.145161 0.098266
15 0.358423 0.662813 0.107527 0.119461
15 0.449821 0.119461 0.132616 0.134875
16 0.587814 0.523121 0.121864 0.132948
16 0.231183 0.461464 0.078853 0.175337
17 0.387097 0.400771 0.082437 0.131021
17 0.533154 0.626204 0.080645 0.100193
18 0.538530 0.373796 0.109319 0.088632
18 0.617384 0.257225 0.059140 0.129094
19 0.470430 0.159923 0.069892 0.096339
19 0.812724 0.243738 0.094982 0.082852
20 0.466846 0.710019 0.084229 0.078998
20 0.566308 0.781310 0.093190 0.075145
21 0.266129 0.479769 0.080645 0.115607
21 0.802867 0.304432 0.107527 0.077071
22 0.527778 0.871869 0.213262 0.105973
22 0.711470 0.762042 0.218638 0.082852