0 0.606175 0.639062 0.176205 0.121875
0 0.497741 0.539844 0.137048 0.135937
1 0.820783 0.492188 0.114458 0.175000
1 0.329819 0.389062 0.105422 0.218750
2 0.262801 0.128906 0.143072 0.179688
2 0.713102 0.448437 0.161145 0.193750
3 0.686747 0.736719 0.141566 0.160938
3 0.468373 0.352344 0.102410 0.201563
4 0.711596 0.547656 0.085843 0.217188
4 0.518825 0.703906 0.109940 0.179688
5 0.636295 0.260937 0.112952 0.143750
5 0.597139 0.660937 0.082831 0.203125
6 0.624247 0.503125 0.115964 0.153125
6 0.501506 0.500781 0.144578 0.129688
7 0.638554 0.336719 0.162651 0.067187
7 0.539157 0.346094 0.078313 0.167187
8 0.892319 0.609375 0.143072 0.128125
8 0.344880 0.349219 0.129518 0.098437
9 0.673946 0.882812 0.149096 0.121875
9 0.631777 0.707031 0.073795 0.139063
10 0.619729 0.401562 0.140060 0.090625
10 0.755271 0.576562 0.061747 0.162500
11 0.279367 0.464062 0.112952 0.146875
11 0.362952 0.228906 0.126506 0.082812
12 0.760542 0.727344 0.075301 0.135937
12 0.548193 0.383594 0.117470 0.067187
13 0.443524 0.425000 0.082831 0.109375
13 0.905120 0.689063 0.138554 0.084375
14 0.482681 0.222656 0.115964 0.120313
14 0.393825 0.490625 0.125000 0.065625
15 0.183735 0.583594 0.069277 0.082812
15 0.306476 0.087500 0.070783 0.106250
16 0.329819 0.266406 0.114458 0.054688
16 0.783133 0.585938 0.108434 0.059375
17 0.606928 0.455469 0.081325 0.085938
17 0.280873 0.362500 0.055723 0.112500
18 0.571536 0.885938 0.055723 0.084375
18 0.723645 0.585938 0.049699 0.087500
19 0.846386 0.447656 0.081325 0.070312
19 0.067771 0.646094 0.054217 0.089063
20 0.443524 0.133594 0.064759 0.082812
20 0.420934 0.569531 0.061747 0.060937
21 0.899849 0.517188 0.052711 0.090625
21 0.787651 0.650781 0.060241 0.073438
22 0.402108 0.399219 0.063253 0.148438
22 0.460090 0.325000 0.112952 0.143750