0 0.894526 0.146667 0.157543 0.182564
0 0.534713 0.871282 0.252336 0.130256
1 0.253672 0.907692 0.194927 0.118974
1 0.734980 0.629231 0.132176 0.122051
2 0.722964 0.349231 0.214953 0.056410
2 0.562750 0.860513 0.108144 0.170256
3 0.490654 0.808205 0.174900 0.121026
3 0.178905 0.570256 0.074766 0.153846
4 0.668892 0.404103 0.173565 0.098462
4 0.546729 0.320000 0.094793 0.112821
5 0.154873 0.352821 0.085447 0.127179
5 0.309079 0.844615 0.156208 0.107692
6 0.468625 0.590769 0.130841 0.090256
6 0.537383 0.405128 0.094793 0.067692
7 0.273031 0.617949 0.113485 0.093333
7 0.375167 0.520000 0.149533 0.059487
8 0.196929 0.669744 0.153538 0.051282
8 0.257677 0.435385 0.104139 0.097436
9 0.653538 0.518974 0.137517 0.069744
9 0.118825 0.526667 0.069426 0.115897
10 0.261015 0.485641 0.142857 0.060513
10 0.473965 0.905641 0.093458 0.110769
11 0.078104 0.574359 0.073431 0.123077
11 0.307076 0.751282 0.077437 0.117949
12 0.407877 0.748205 0.094793 0.074872
12 0.232310 0.870769 0.066756 0.096410
13 0.803738 0.664103 0.090788 0.085128
13 0.399199 0.888205 0.050734 0.104615
14 0.667557 0.303590 0.093458 0.082051
14 0.395861 0.690769 0.116155 0.064615
15 0.344459 0.663590 0.104139 0.041026
15 0.668892 0.415897 0.088117 0.074872
16 0.381842 0.789231 0.117490 0.042051
16 0.236983 0.121538 0.102804 0.064615
17 0.246328 0.604615 0.060080 0.068718
17 0.481308 0.545128 0.052069 0.070769
18 0.361816 0.471795 0.082777 0.049231
18 0.629506 0.477436 0.084112 0.037949
19 0.242323 0.513846 0.086782 0.049231
19 0.514686 0.498974 0.073431 0.062564
20 0.873164 0.511795 0.077437 0.043077
20 0.468625 0.744615 0.077437 0.038974
21 0.477303 0.804103 0.076101 0.049231
21 0.497330 0.639487 0.078772 0.037949
22 0.592790 0.869744 0.090788 0.129231
23 0.466622 0.040513 0.062750 0.064615