0 0.412950 0.793395 0.204317 0.176651
0 0.346763 0.559140 0.221583 0.187404
1 0.531655 0.335637 0.067626 0.244240
1 0.183453 0.625192 0.099281 0.261137
2 0.478417 0.836406 0.191367 0.066052
2 0.215827 0.521505 0.212950 0.115207
3 0.873381 0.546083 0.161151 0.136713
3 0.581295 0.569892 0.184173 0.101382
4 0.387770 0.599846 0.064748 0.170507
4 0.294964 0.801843 0.149640 0.138249
5 0.551079 0.895545 0.135252 0.110599
5 0.641727 0.095238 0.103597 0.175115
6 0.393525 0.384025 0.076259 0.181260
6 0.731655 0.435484 0.107914 0.158218
7 0.558273 0.441628 0.126619 0.109063
7 0.585612 0.533026 0.117986 0.104455
8 0.551079 0.754992 0.120863 0.109063
8 0.246763 0.590630 0.122302 0.081413
9 0.870504 0.466206 0.115108 0.124424
9 0.687770 0.321045 0.126619 0.107527
10 0.122302 0.691244 0.158273 0.098310
10 0.692086 0.737327 0.112230 0.135177
11 0.487050 0.472350 0.105036 0.127496
11 0.449640 0.556068 0.087770 0.138249
12 0.415108 0.194316 0.110791 0.084485
12 0.888489 0.615207 0.119424 0.059908
13 0.263309 0.420891 0.115108 0.089094
13 0.639568 0.499232 0.079137 0.098310
14 0.725899 0.445469 0.122302 0.064516
14 0.813669 0.368664 0.110791 0.082949
15 0.324460 0.884025 0.099281 0.075269
15 0.328777 0.701997 0.102158 0.055300
16 0.207914 0.486175 0.090647 0.090630
16 0.575540 0.368664 0.097842 0.061444
17 0.444604 0.254224 0.089209 0.084485
17 0.655396 0.657450 0.058993 0.098310
18 0.348201 0.845622 0.080576 0.053763
18 0.810791 0.450077 0.056115 0.086022
19 0.498561 0.577573 0.067626 0.073733
19 0.560432 0.093702 0.076259 0.082949
20 0.606475 0.170507 0.050360 0.067588
20 0.560432 0.727343 0.056115 0.069124
21 0.641007 0.211214 0.070504 0.072197
21 0.146043 0.752688 0.061871 0.073733
22 0.580576 0.272657 0.056115 0.167435
23 0.317986 0.811060 0.063309 0.073733