0 0.507018 0.836957 0.110526 0.148221
0 0.675877 0.910079 0.067544 0.092885
1 0.646930 0.303360 0.134211 0.090909
1 0.943421 0.841403 0.083333 0.145257
2 0.695175 0.345850 0.057018 0.128458
2 0.477193 0.678360 0.084211 0.072134
3 0.613158 0.683794 0.056140 0.122530
3 0.485526 0.431324 0.041228 0.129447
4 0.144737 0.850791 0.119298 0.041502
4 0.400877 0.597826 0.068421 0.102767
5 0.382456 0.557806 0.096491 0.068182
5 0.460526 0.734684 0.052632 0.119565
6 0.094737 0.245059 0.098246 0.057312
6 0.652193 0.434783 0.039474 0.110672
7 0.095175 0.182806 0.093860 0.061265
7 0.379825 0.970850 0.091228 0.050395
8 0.529386 0.616107 0.072807 0.078063
8 0.227632 0.810277 0.065789 0.092885
9 0.522807 0.313241 0.091228 0.039526
9 0.890351 0.839427 0.033333 0.103755
10 0.180702 0.662055 0.092982 0.069170
10 0.434211 0.594368 0.070175 0.080040
11 0.707456 0.426877 0.041228 0.098814
11 0.293860 0.057312 0.084211 0.075099
12 0.420614 0.769763 0.035965 0.088933
12 0.871053 0.429348 0.035088 0.083992
13 0.733772 0.765810 0.083333 0.043478
13 0.557456 0.271739 0.078070 0.035573
14 0.773246 0.304348 0.042982 0.077075
14 0.356140 0.827569 0.038596 0.082016
15 0.839035 0.678360 0.037719 0.076087
15 0.826754 0.317688 0.067544 0.042490
16 0.616667 0.463439 0.031579 0.071146
16 0.567544 0.793478 0.052632 0.061265
17 0.783333 0.887352 0.036842 0.067194
17 0.383772 0.762846 0.062281 0.037549
18 0.525000 0.735672 0.044737 0.060277
18 0.594298 0.726779 0.044737 0.052372
19 0.153947 0.460474 0.058772 0.039526
19 0.026316 0.285573 0.035088 0.065217
20 0.928947 0.566206 0.035088 0.055336
20 0.417105 0.723814 0.030702 0.048419
21 0.564912 0.828557 0.047368 0.034585
21 0.383333 0.579051 0.029825 0.047431
22 0.668860 0.038043 0.086842 0.078063
23 0.576754 0.699111 0.037719 0.046443