0 0.621806 0.462853 0.144804 0.200594
0 0.287905 0.674591 0.083475 0.121842
1 0.702726 0.448737 0.078365 0.133730
1 0.586031 0.672363 0.071550 0.194651
2 0.086882 0.743685 0.119250 0.075780
2 0.404600 0.754829 0.139693 0.086181
3 0.652044 0.642645 0.101363 0.123328
3 0.684838 0.835810 0.045997 0.227340
4 0.069847 0.852897 0.049404 0.118871
4 0.441652 0.460624 0.079216 0.169391
5 0.459540 0.369242 0.099659 0.099554
5 0.930153 0.297177 0.071550 0.154532
6 0.518739 0.386330 0.091993 0.133730
6 0.623083 0.722883 0.068995 0.161961
7 0.817717 0.213224 0.100511 0.108470
7 0.384583 0.596582 0.082624 0.123328
8 0.569847 0.447994 0.081772 0.114413
8 0.162692 0.786776 0.071550 0.072808
9 0.811329 0.357355 0.063884 0.135215
9 0.627768 0.421248 0.074957 0.132244
10 0.793867 0.405646 0.057922 0.139673
10 0.443356 0.450966 0.077513 0.090639
11 0.667376 0.692422 0.072402 0.118871
11 0.538756 0.087667 0.031516 0.154532
12 0.622658 0.381872 0.030664 0.133730
12 0.119676 0.843239 0.033220 0.111441
13 0.523424 0.493314 0.079216 0.068351
13 0.157581 0.794205 0.057922 0.052006
14 0.603066 0.528975 0.056218 0.106984
14 0.822402 0.129272 0.080920 0.062407
15 0.649489 0.601040 0.048552 0.093611
15 0.099233 0.817236 0.031516 0.098068
16 0.037053 0.881872 0.024702 0.114413
16 0.328790 0.784547 0.057922 0.071322
17 0.306218 0.744428 0.051959 0.068351
17 0.936968 0.540119 0.059625 0.054978
18 0.930579 0.264487 0.029813 0.092125
18 0.564310 0.539376 0.051959 0.041605
19 0.045997 0.936107 0.044293 0.065379
19 0.962947 0.247400 0.043441 0.057949
20 0.686116 0.606241 0.026405 0.077266
20 0.624787 0.523774 0.043441 0.049034
21 0.833901 0.320951 0.039182 0.065379
21 0.317291 0.624071 0.033220 0.071322
22 0.788756 0.562407 0.064736 0.111441
23 0.932709 0.208767 0.051107 0.052006