0 0.369421 0.833604 0.259504 0.274351
0 0.285950 0.754058 0.122314 0.189935
1 0.322314 0.469156 0.115702 0.246753
1 0.329752 0.504870 0.391736 0.094156
2 0.208264 0.754058 0.132231 0.225649
2 0.722314 0.432630 0.181818 0.290584
3 0.321488 0.566558 0.130579 0.301948
3 0.209917 0.263799 0.105785 0.157468
4 0.662810 0.668831 0.224793 0.178571
4 0.836364 0.547078 0.125620 0.162338
5 0.193388 0.497565 0.109091 0.280844
5 0.751240 0.357143 0.226446 0.165584
6 0.488430 0.172078 0.114050 0.227273
6 0.528926 0.355519 0.158678 0.123377
7 0.603306 0.136364 0.241322 0.100649
7 0.572727 0.116883 0.186777 0.168831
8 0.746281 0.213474 0.071074 0.212662
8 0.795041 0.485390 0.112397 0.217532
9 0.735537 0.365260 0.125620 0.204545
9 0.330579 0.348214 0.231405 0.066558
10 0.384298 0.270292 0.190083 0.105519
10 0.207438 0.413961 0.163636 0.103896
11 0.101653 0.538961 0.110744 0.198052
11 0.621488 0.411526 0.056198 0.219156
12 0.413223 0.551948 0.082645 0.129870
12 0.404959 0.625000 0.161983 0.142857
13 0.271901 0.584416 0.100826 0.133117
13 0.743802 0.469968 0.145455 0.076299
14 0.452066 0.718344 0.153719 0.076299
14 0.904132 0.557630 0.082645 0.167208
15 0.397521 0.186688 0.061157 0.142857
15 0.508264 0.328734 0.061157 0.115260
16 0.444628 0.826299 0.152066 0.068182
16 0.382645 0.139610 0.183471 0.081169
17 0.830579 0.647727 0.061157 0.136364
17 0.452893 0.208604 0.112397 0.076299
18 0.792562 0.249188 0.071074 0.102273
18 0.545455 0.607955 0.066116 0.115260
19 0.724793 0.504058 0.100826 0.069805
19 0.334711 0.152597 0.097521 0.120130
20 0.623140 0.581169 0.089256 0.061688
20 0.358678 0.269481 0.079339 0.068182
21 0.412397 0.444805 0.087603 0.084416
21 0.656198 0.343344 0.076033 0.092532
22 0.472727 0.588474 0.109091 0.222403
23 0.409917 0.374188 0.076033 0.069805