0 0.711560 0.337924 0.202020 0.069915
0 0.891134 0.450212 0.105499 0.182203
1 0.144781 0.551907 0.197531 0.125000
1 0.303591 0.553496 0.185185 0.121822
2 0.787879 0.278602 0.123457 0.125000
2 0.817621 0.501589 0.079686 0.147246
3 0.382155 0.786547 0.151515 0.083686
3 0.304714 0.601695 0.086420 0.146186
4 0.533670 0.674258 0.072952 0.134534
4 0.707071 0.362288 0.060606 0.135593
5 0.506173 0.542373 0.132435 0.057203
5 0.534792 0.702331 0.144781 0.050847
6 0.413580 0.729343 0.133558 0.047669
6 0.668911 0.606992 0.062851 0.114407
7 0.881594 0.656250 0.099888 0.092161
7 0.478676 0.444386 0.102132 0.075212
8 0.507295 0.313559 0.071829 0.095339
8 0.398429 0.685911 0.118967 0.043432
9 0.729517 0.642479 0.065095 0.098517
9 0.618406 0.451801 0.118967 0.041314
10 0.297419 0.619703 0.114478 0.063559
10 0.595398 0.635593 0.050505 0.095339
11 0.433221 0.335805 0.105499 0.046610
11 0.550505 0.849047 0.108866 0.060381
12 0.757576 0.597458 0.053872 0.088983
12 0.530864 0.278602 0.060606 0.078390
13 0.557800 0.769597 0.071829 0.073093
13 0.661055 0.741525 0.089787 0.057203
14 0.556678 0.923729 0.047138 0.093220
14 0.459035 0.395657 0.089787 0.054025
15 0.922559 0.533898 0.071829 0.072034
15 0.738496 0.828919 0.080808 0.058263
16 0.917508 0.484640 0.070707 0.066737
16 0.581930 0.063559 0.061728 0.082627
17 0.418070 0.561970 0.057239 0.062500
17 0.299663 0.484110 0.071829 0.057203
18 0.392817 0.844280 0.049383 0.067797
18 0.737935 0.758475 0.068462 0.044492
19 0.842312 0.334746 0.066218 0.055085
19 0.598204 0.563559 0.040404 0.063559
20 0.691919 0.476695 0.059484 0.048729
20 0.461841 0.619703 0.059484 0.042373
21 0.650393 0.412076 0.043771 0.052966
21 0.819865 0.715572 0.059484 0.037076
22 0.685185 0.833686 0.072952 0.084746
22 0.469697 0.891949 0.142536 0.042373