0 0.948774 0.887079 0.102452 0.143322
0 0.506567 0.736156 0.121716 0.084691
1 0.438704 0.294788 0.119089 0.079262
1 0.454028 0.565689 0.093695 0.119435
2 0.849387 0.749729 0.075306 0.077090
2 0.367776 0.941368 0.064799 0.084691
3 0.411121 0.829533 0.055166 0.154180
3 0.373030 0.810532 0.038529 0.144408
4 0.460595 0.691640 0.082312 0.158523
4 0.455342 0.612378 0.057793 0.152009
5 0.931261 0.801303 0.130473 0.054289
5 0.393608 0.871336 0.088441 0.150923
6 0.042907 0.506515 0.075306 0.090119
6 0.827058 0.339305 0.079685 0.100977
7 0.450525 0.204126 0.093695 0.086862
7 0.278021 0.598806 0.035902 0.146580
8 0.498249 0.434853 0.092820 0.083605
8 0.221979 0.610206 0.069177 0.121607
9 0.563923 0.089577 0.054291 0.142237
9 0.744746 0.192182 0.086690 0.076004
10 0.126095 0.683496 0.091068 0.085776
10 0.450525 0.871878 0.041156 0.132465
11 0.531961 0.493485 0.058669 0.109663
11 0.581436 0.721498 0.040280 0.120521
12 0.904991 0.753529 0.065674 0.086862
12 0.505692 0.761672 0.104203 0.092291
13 0.860771 0.862649 0.056042 0.103149
13 0.417688 0.251357 0.087566 0.042345
14 0.516637 0.085776 0.077058 0.069490
14 0.338441 0.861021 0.058669 0.060803
15 0.327496 0.800217 0.050788 0.073833
15 0.384413 0.538545 0.038529 0.093377
16 0.424256 0.673181 0.055166 0.080347
16 0.340193 0.713898 0.055166 0.066232
17 0.651926 0.336591 0.032399 0.080347
17 0.335814 0.745928 0.055166 0.043431
18 0.331436 0.676439 0.055166 0.039088
18 0.217163 0.385451 0.042032 0.065147
19 0.872592 0.820304 0.046410 0.064061
19 0.324431 0.879479 0.030648 0.073833
20 0.408932 0.701412 0.026270 0.060803
20 0.387040 0.687296 0.035026 0.056460
21 0.890543 0.502172 0.045534 0.057546
21 0.282399 0.706840 0.058669 0.041260
22 0.195271 0.371336 0.063047 0.102063