0 0.195175 0.212682 0.179825 0.174373
0 0.171053 0.611625 0.116959 0.153236
1 0.415936 0.228534 0.250000 0.118890
1 0.873538 0.595773 0.156433 0.161162
2 0.562135 0.067371 0.130117 0.134742
2 0.113304 0.105680 0.130117 0.145310
3 0.566520 0.527081 0.074561 0.174373
3 0.633772 0.904227 0.165205 0.122853
4 0.505848 0.352708 0.052632 0.187583
4 0.263889 0.556143 0.071637 0.142668
5 0.381579 0.479524 0.204678 0.068692
5 0.715643 0.352048 0.121345 0.157199
6 0.060673 0.584544 0.109649 0.112285
6 0.425439 0.248349 0.116959 0.158520
7 0.883041 0.653236 0.105263 0.125495
7 0.883772 0.718626 0.159357 0.073976
8 0.674708 0.774769 0.083333 0.120211
8 0.236842 0.814399 0.070175 0.149273
9 0.372076 0.521136 0.065789 0.159841
9 0.250731 0.449802 0.135965 0.091149
10 0.714181 0.093791 0.118421 0.132100
10 0.388158 0.562748 0.162281 0.068692
11 0.468567 0.881770 0.118421 0.130779
11 0.310673 0.143989 0.086257 0.150594
12 0.672515 0.527081 0.061404 0.105680
12 0.389620 0.770806 0.109649 0.062087
13 0.461988 0.619551 0.125731 0.089828
13 0.659357 0.334875 0.093567 0.101717
14 0.724415 0.634082 0.112573 0.089828
14 0.871345 0.466314 0.087719 0.092470
15 0.822368 0.525099 0.109649 0.077939
15 0.410088 0.122853 0.115497 0.066050
16 0.195175 0.231176 0.080409 0.118890
16 0.557749 0.694848 0.059942 0.100396
17 0.607456 0.761559 0.051170 0.085865
17 0.805556 0.568032 0.078947 0.063408
18 0.173246 0.439234 0.097953 0.048877
18 0.338450 0.675033 0.054094 0.084544
19 0.742690 0.359974 0.081871 0.067371
19 0.358187 0.839498 0.055556 0.088507
20 0.377924 0.709379 0.048246 0.073976
20 0.291667 0.712021 0.051170 0.081902
21 0.566520 0.792602 0.054094 0.073976
21 0.186404 0.786658 0.059942 0.067371
22 0.123538 0.752972 0.124269 0.121532
23 0.456140 0.328930 0.049708 0.071334