0 0.570122 0.535792 0.191057 0.114967
0 0.665650 0.678959 0.060976 0.223427
1 0.596545 0.732104 0.075203 0.110629
1 0.672764 0.908351 0.101626 0.157267
2 0.745427 0.563449 0.114837 0.131236
2 0.187500 0.390456 0.133130 0.132321
3 0.613313 0.573753 0.051829 0.158351
3 0.778963 0.720716 0.070122 0.159436
4 0.248984 0.604121 0.150407 0.075922
4 0.367886 0.569414 0.044715 0.167028
5 0.403963 0.763015 0.112805 0.090022
5 0.680894 0.689805 0.140244 0.052061
6 0.313008 0.509761 0.097561 0.134490
6 0.730691 0.794469 0.065041 0.137744
7 0.414634 0.417570 0.126016 0.056399
7 0.170224 0.429501 0.037602 0.132321
8 0.742886 0.377440 0.077236 0.114967
8 0.878049 0.310738 0.103659 0.103037
9 0.089431 0.374729 0.109756 0.068330
9 0.095528 0.151844 0.069106 0.138829
10 0.217988 0.164859 0.061992 0.127983
10 0.769309 0.878525 0.048780 0.127983
11 0.677337 0.332430 0.104675 0.079176
11 0.950711 0.185466 0.053862 0.134490
12 0.546748 0.699024 0.067073 0.103037
12 0.694106 0.298807 0.083333 0.085683
13 0.387703 0.055315 0.072154 0.086768
13 0.519817 0.547180 0.084350 0.077007
14 0.488821 0.417570 0.060976 0.093275
14 0.336382 0.297722 0.083333 0.077007
15 0.594512 0.433839 0.060976 0.078091
15 0.088923 0.408351 0.086382 0.042299
16 0.617886 0.481020 0.052846 0.083514
16 0.242378 0.370933 0.051829 0.071584
17 0.594004 0.655640 0.049797 0.068330
17 0.361789 0.047722 0.071138 0.049892
18 0.466463 0.377440 0.044715 0.058568
18 0.392785 0.348698 0.045732 0.070499
19 0.710366 0.834056 0.048780 0.060738
19 0.543191 0.613341 0.070122 0.040130
20 0.733740 0.641540 0.048780 0.037961
20 0.286585 0.679501 0.044715 0.055315
21 0.146341 0.415944 0.034553 0.059653
21 0.535061 0.219089 0.057927 0.056399
22 0.763720 0.601410 0.088415 0.120390
23 0.119411 0.311280 0.051829 0.062907