0 0.862626 0.415254 0.157576 0.294299
0 0.730303 0.410632 0.252525 0.137134
1 0.734343 0.529276 0.131313 0.260401
1 0.317172 0.406009 0.351515 0.100154
2 0.146465 0.496918 0.159596 0.226502
2 0.610101 0.418336 0.145455 0.183359
3 0.607071 0.540062 0.179798 0.164869
3 0.506061 0.362096 0.131313 0.200308
4 0.291919 0.300462 0.260606 0.077042
4 0.655556 0.214946 0.276768 0.078582
5 0.825253 0.530046 0.115152 0.194145
5 0.498990 0.597072 0.177778 0.143297
6 0.283838 0.440678 0.123232 0.151002
6 0.774747 0.295069 0.256566 0.057011
7 0.537374 0.432974 0.206061 0.064715
7 0.375758 0.073190 0.214141 0.060092
8 0.161616 0.154083 0.133333 0.147920
8 0.717172 0.472265 0.101010 0.140216
9 0.323232 0.591680 0.165657 0.067797
9 0.583838 0.183359 0.084848 0.144838
10 0.410101 0.374422 0.141414 0.120185
10 0.737374 0.173344 0.177778 0.075501
11 0.285859 0.680277 0.187879 0.106317
11 0.336364 0.536980 0.204040 0.063174
12 0.500000 0.481510 0.183838 0.060092
12 0.740404 0.289676 0.111111 0.110940
13 0.262626 0.246533 0.105051 0.110940
13 0.334343 0.128659 0.167677 0.060092
14 0.438384 0.246533 0.153535 0.052388
14 0.348485 0.341294 0.111111 0.075501
15 0.661616 0.220339 0.094949 0.098613
15 0.196970 0.210324 0.070707 0.109399
16 0.143434 0.612481 0.076768 0.090909
16 0.581818 0.091680 0.141414 0.069337
17 0.265657 0.191063 0.115152 0.070878
17 0.131313 0.432974 0.121212 0.067797
18 0.152525 0.292758 0.098990 0.064715
18 0.777778 0.416795 0.064646 0.075501
19 0.490909 0.528505 0.068687 0.080123
19 0.558586 0.376733 0.090909 0.066256
20 0.184848 0.482280 0.074747 0.052388
20 0.379798 0.365948 0.072727 0.050847
21 0.241414 0.637904 0.062626 0.083205
21 0.843434 0.540062 0.074747 0.050847
22 0.469697 0.160247 0.195960 0.110940
23 0.095960 0.643297 0.078788 0.066256