0 0.701220 0.735067 0.130662 0.267823
0 0.250000 0.170520 0.193380 0.213873
1 0.780488 0.434489 0.212544 0.198459
1 0.297909 0.287091 0.167247 0.223507
2 0.443380 0.815992 0.137631 0.125241
2 0.684669 0.280347 0.202091 0.167630
3 0.592334 0.870906 0.139373 0.123314
3 0.560105 0.497110 0.228223 0.138728
4 0.362369 0.552023 0.243902 0.121387
4 0.673345 0.749518 0.217770 0.134875
5 0.364983 0.889210 0.148084 0.121387
5 0.165505 0.440270 0.181185 0.163776
6 0.561847 0.179191 0.130662 0.123314
6 0.194251 0.669557 0.182927 0.136802
7 0.354530 0.451830 0.078397 0.183044
7 0.888502 0.526975 0.188153 0.098266
8 0.763066 0.525048 0.101045 0.105973
8 0.299652 0.733141 0.226481 0.086705
9 0.464286 0.749518 0.158537 0.088632
9 0.649826 0.319846 0.118467 0.169557
10 0.763937 0.256262 0.144599 0.119461
10 0.474739 0.218690 0.113240 0.125241
11 0.155052 0.679191 0.132404 0.198459
11 0.341463 0.198459 0.132404 0.192678
12 0.575784 0.603083 0.067944 0.146435
12 0.668990 0.555877 0.059233 0.171484
13 0.425958 0.690751 0.144599 0.078998
13 0.553136 0.451830 0.102787 0.086705
14 0.596690 0.348748 0.102787 0.146435
14 0.321429 0.728324 0.088850 0.154143
15 0.407666 0.427746 0.108014 0.096339
15 0.540941 0.399807 0.127178 0.063584
16 0.420732 0.281310 0.081882 0.142582
16 0.479094 0.638728 0.111498 0.090559
17 0.271777 0.358382 0.073171 0.119461
17 0.286585 0.458574 0.095819 0.107900
18 0.521777 0.835260 0.067944 0.117534
18 0.527003 0.319846 0.060976 0.119461
19 0.506969 0.571291 0.090592 0.071291
19 0.181185 0.552987 0.080139 0.115607
20 0.670732 0.896917 0.083624 0.055877
20 0.548780 0.657033 0.066202 0.069364
21 0.385889 0.627168 0.085366 0.094412
21 0.621951 0.592486 0.080139 0.063584
22 0.236063 0.562620 0.203833 0.080925
23 0.773519 0.592486 0.094077 0.067437