0 0.113430 0.409982 0.099819 0.342246
0 0.247731 0.370766 0.226860 0.217469
1 0.725953 0.508021 0.156080 0.285205
1 0.350272 0.416221 0.279492 0.269162
2 0.333938 0.849376 0.228675 0.147950
2 0.414701 0.295900 0.190563 0.178253
3 0.732305 0.180036 0.245009 0.213904
3 0.674229 0.202317 0.252269 0.215686
4 0.770417 0.273619 0.172414 0.240642
4 0.335753 0.494652 0.116152 0.219251
5 0.590744 0.890374 0.150635 0.158645
5 0.695100 0.460784 0.228675 0.147950
6 0.413793 0.677362 0.250454 0.121212
6 0.397459 0.438503 0.170599 0.121212
7 0.635209 0.345811 0.214156 0.089127
7 0.159710 0.584670 0.116152 0.188948
8 0.182396 0.683601 0.168784 0.151515
8 0.804900 0.826203 0.096189 0.222816
9 0.204174 0.537433 0.099819 0.197861
9 0.780399 0.672906 0.137931 0.190731
10 0.478221 0.840463 0.110708 0.172906
10 0.448276 0.467023 0.145191 0.103387
11 0.182396 0.835116 0.088929 0.226381
11 0.438294 0.222816 0.168784 0.124777
12 0.590744 0.196078 0.165154 0.135472
12 0.354809 0.294118 0.183303 0.096257
13 0.526316 0.498217 0.087114 0.158645
13 0.634301 0.481283 0.074410 0.174688
14 0.534483 0.672906 0.078040 0.155080
14 0.229583 0.382353 0.092559 0.094474
15 0.315789 0.745098 0.145191 0.064171
15 0.568966 0.301248 0.132486 0.081996
16 0.399274 0.715686 0.079855 0.144385
16 0.695100 0.350267 0.145191 0.105169
17 0.354809 0.611408 0.074410 0.121212
17 0.573503 0.470588 0.098004 0.110517
18 0.274047 0.585561 0.061706 0.119430
18 0.429220 0.624777 0.074410 0.105169
19 0.543557 0.397504 0.078040 0.103387
19 0.505445 0.155080 0.125227 0.060606
20 0.293103 0.790553 0.092559 0.062389
20 0.489111 0.606952 0.092559 0.058824
21 0.288566 0.696970 0.090744 0.096257
21 0.629764 0.265597 0.090744 0.071301
22 0.315789 0.890374 0.148820 0.115865
22 0.682396 0.639929 0.090744 0.235294