0 0.721491 0.642180 0.349415 0.137441
0 0.870614 0.548973 0.203216 0.248025
1 0.492690 0.548973 0.181287 0.219589
1 0.890351 0.530016 0.076023 0.263823
2 0.098684 0.381517 0.150585 0.213270
2 0.304094 0.495261 0.219298 0.102686
3 0.448830 0.778831 0.181287 0.148499
3 0.861111 0.578989 0.184211 0.169036
4 0.488304 0.160348 0.201754 0.112164
4 0.843567 0.540284 0.073099 0.233807
5 0.548977 0.687204 0.100877 0.214850
5 0.891082 0.238547 0.173977 0.116904
6 0.648392 0.423381 0.103801 0.161137
6 0.513158 0.434439 0.178363 0.053712
7 0.451754 0.228278 0.134503 0.124803
7 0.884503 0.793049 0.073099 0.202212
8 0.448099 0.793839 0.106725 0.131122
8 0.767544 0.879937 0.143275 0.116904
9 0.734649 0.554502 0.080409 0.161137
9 0.540936 0.729858 0.116959 0.126382
10 0.930556 0.631912 0.095029 0.157978
10 0.755848 0.809637 0.111111 0.156398
11 0.332602 0.306477 0.051170 0.173776
11 0.353801 0.418641 0.157895 0.060032
12 0.683480 0.534755 0.080409 0.131122
12 0.697368 0.946288 0.131579 0.056872
13 0.375000 0.694313 0.059942 0.146919
13 0.573830 0.318325 0.083333 0.127962
14 0.655702 0.812796 0.086257 0.143760
14 0.832602 0.823065 0.062865 0.132701
15 0.625731 0.538705 0.070175 0.097946
15 0.630848 0.387836 0.083333 0.102686
16 0.611842 0.681675 0.106725 0.074250
16 0.756579 0.100316 0.089181 0.115324
17 0.449561 0.694313 0.077485 0.093207
17 0.519737 0.220379 0.089181 0.077409
18 0.367690 0.341232 0.057018 0.088468
18 0.792398 0.586098 0.081871 0.082148
19 0.560673 0.850711 0.074561 0.086888
19 0.663743 0.793839 0.087719 0.061611
20 0.505848 0.582938 0.058480 0.056872
20 0.777047 0.853870 0.054094 0.080569
21 0.679825 0.857820 0.070175 0.072670
21 0.478070 0.549763 0.073099 0.053712
22 0.833333 0.443918 0.143275 0.104265
23 0.880117 0.360979 0.058480 0.064771