0 0.783883 0.238506 0.219780 0.221264
0 0.280220 0.877874 0.223443 0.155172
1 0.374542 0.163075 0.137363 0.191092
1 0.177656 0.278736 0.205128 0.089080
2 0.510989 0.317529 0.135531 0.146552
2 0.320513 0.734914 0.201465 0.104885
3 0.224359 0.346983 0.184982 0.150862
3 0.848901 0.371408 0.199634 0.081897
4 0.647436 0.237069 0.217949 0.068966
4 0.706960 0.261494 0.190476 0.163793
5 0.343407 0.522270 0.184982 0.139368
5 0.514652 0.829741 0.139194 0.076149
6 0.231685 0.429598 0.071429 0.158046
6 0.466117 0.399425 0.203297 0.112069
7 0.867216 0.277299 0.152015 0.132184
7 0.159341 0.573994 0.161172 0.099138
8 0.426740 0.757902 0.069597 0.136494
8 0.347070 0.410201 0.144689 0.107759
9 0.210623 0.852730 0.172161 0.079023
9 0.385531 0.818247 0.122711 0.116379
10 0.453297 0.153017 0.111722 0.130747
10 0.177656 0.575431 0.076923 0.136494
11 0.844322 0.204023 0.131868 0.126437
11 0.241758 0.652299 0.058608 0.140805
12 0.311355 0.671695 0.128205 0.061782
12 0.301282 0.750718 0.148352 0.079023
13 0.396520 0.472701 0.104396 0.103448
13 0.706960 0.346264 0.131868 0.054598
14 0.785714 0.292385 0.109890 0.093391
14 0.767399 0.292385 0.157509 0.099138
15 0.342491 0.609195 0.109890 0.077586
15 0.447802 0.664511 0.078755 0.119253
16 0.370879 0.380747 0.075092 0.091954
16 0.579670 0.790230 0.100733 0.066092
17 0.455128 0.279454 0.100733 0.079023
17 0.535714 0.073994 0.075092 0.096264
18 0.344322 0.459770 0.102564 0.040230
18 0.206960 0.709770 0.054945 0.080460
19 0.183150 0.765086 0.062271 0.081897
19 0.478938 0.780172 0.075092 0.063218
20 0.641026 0.295259 0.069597 0.056034
20 0.328755 0.493534 0.078755 0.047414
21 0.402930 0.640086 0.062271 0.070402
21 0.432234 0.375000 0.065934 0.066092
22 0.449634 0.880029 0.192308 0.053161
23 0.504579 0.762213 0.082418 0.067529