0 0.191667 0.717833 0.092222 0.182844
0 0.389444 0.902935 0.136667 0.133183
1 0.542222 0.772573 0.053333 0.181716
1 0.323333 0.838600 0.142222 0.124153
2 0.071111 0.727427 0.057778 0.161400
2 0.548889 0.632054 0.062222 0.135440
3 0.937222 0.093115 0.085556 0.143341
3 0.302778 0.625847 0.134444 0.046275
4 0.546667 0.520316 0.095556 0.106095
4 0.135000 0.664221 0.047778 0.147856
5 0.463333 0.815463 0.097778 0.089165
5 0.582222 0.825056 0.062222 0.119639
6 0.424444 0.805869 0.106667 0.090293
6 0.255000 0.756208 0.056667 0.121896
7 0.178889 0.745485 0.117778 0.053047
7 0.355000 0.553047 0.116667 0.047404
8 0.560556 0.621896 0.107778 0.065463
8 0.462778 0.487585 0.065556 0.088036
9 0.132778 0.662528 0.112222 0.063205
9 0.382778 0.747178 0.101111 0.058691
10 0.465000 0.864560 0.096667 0.067720
10 0.350556 0.805869 0.081111 0.090293
11 0.347222 0.711625 0.078889 0.095937
11 0.606111 0.702032 0.041111 0.099323
12 0.377778 0.898984 0.084444 0.039503
12 0.503889 0.699210 0.072222 0.062077
13 0.318889 0.695260 0.051111 0.088036
13 0.758333 0.909707 0.103333 0.049661
14 0.446667 0.665350 0.044444 0.082393
14 0.416111 0.687359 0.047778 0.085779
15 0.577778 0.723476 0.040000 0.074492
15 0.441667 0.519752 0.058889 0.071106
16 0.508889 0.770316 0.057778 0.062077
16 0.482222 0.572799 0.068889 0.039503
17 0.463333 0.722348 0.057778 0.058691
17 0.105000 0.725169 0.036667 0.073363
18 0.411667 0.617946 0.038889 0.059819
18 0.412222 0.399549 0.055556 0.058691
19 0.377778 0.586343 0.048889 0.057562
19 0.491667 0.629797 0.036667 0.065463
20 0.492778 0.546275 0.056667 0.033860
20 0.501667 0.733634 0.043333 0.042889
21 0.203333 0.795147 0.060000 0.034989
21 0.293889 0.778781 0.045556 0.054176
22 0.338889 0.938488 0.113333 0.055305
22 0.276111 0.685102 0.061111 0.110609