0 0.357252 0.548478 0.085188 0.107103
0 0.762471 0.255919 0.062164 0.173619
1 0.943975 0.535513 0.110514 0.105975
1 0.472371 0.306652 0.074444 0.078918
2 0.408672 0.214769 0.094398 0.120631
2 0.557943 0.109357 0.085955 0.121759
3 0.625863 0.169109 0.089793 0.076663
3 0.958557 0.653326 0.082886 0.122886
4 0.909440 0.304397 0.101305 0.056370
4 0.702226 0.198985 0.070606 0.068771
5 0.088258 0.253664 0.104375 0.078918
5 0.339601 0.262683 0.075979 0.096956
6 0.849578 0.484216 0.059862 0.118377
6 0.643131 0.198422 0.082886 0.083427
7 0.764390 0.120631 0.056792 0.096956
7 0.887183 0.250282 0.044513 0.124014
8 0.517268 0.271139 0.072141 0.050733
8 0.547966 0.225479 0.056792 0.063134
9 0.834612 0.760992 0.051420 0.083427
9 0.613584 0.198422 0.063699 0.067644
10 0.886800 0.373168 0.051420 0.083427
10 0.704912 0.244645 0.066769 0.076663
11 0.800077 0.339346 0.039140 0.110485
11 0.694167 0.286922 0.040675 0.098083
12 0.780507 0.254791 0.059862 0.054115
12 0.348810 0.256483 0.039140 0.086809
13 0.488104 0.249154 0.062932 0.049605
13 0.653876 0.194476 0.036838 0.089064
14 0.901381 0.088501 0.062164 0.057497
14 0.893323 0.250282 0.064467 0.045096
15 0.856101 0.335964 0.029931 0.083427
15 0.836915 0.339346 0.034536 0.078918
16 0.426708 0.575536 0.029163 0.086809
16 0.410591 0.626832 0.056792 0.036077
17 0.783960 0.514092 0.046815 0.051860
17 0.808135 0.478016 0.039908 0.063134
18 0.507675 0.204059 0.043745 0.042841
18 0.407137 0.589064 0.036071 0.059752
19 0.821949 0.223788 0.047583 0.034949
19 0.079816 0.480834 0.027629 0.071026
20 0.845357 0.246336 0.036071 0.039459
20 0.899847 0.687148 0.033001 0.046223
21 0.826170 0.403608 0.040675 0.042841
21 0.855334 0.272830 0.040675 0.036077
22 0.366078 0.376550 0.082886 0.047351
23 0.843054 0.111612 0.042210 0.051860