0 0.170561 0.576230 0.147975 0.195082
0 0.578660 0.563115 0.157321 0.162295
1 0.513240 0.214754 0.169782 0.226230
1 0.663551 0.136066 0.171340 0.219672
2 0.215732 0.558197 0.222741 0.106557
2 0.887850 0.554918 0.115265 0.254098
3 0.671340 0.635246 0.174455 0.129508
3 0.281153 0.798361 0.210280 0.108197
4 0.615265 0.847541 0.224299 0.088525
4 0.455607 0.519672 0.119938 0.200000
5 0.404984 0.568033 0.102804 0.181967
5 0.721184 0.518852 0.071651 0.188525
6 0.672118 0.553279 0.079439 0.195082
6 0.241433 0.374590 0.193146 0.086885
7 0.274922 0.630328 0.101246 0.175410
7 0.092679 0.707377 0.129283 0.149180
8 0.696262 0.295082 0.158879 0.091803
8 0.154984 0.915574 0.188474 0.067213
9 0.802960 0.487705 0.126168 0.126230
9 0.457165 0.698361 0.141745 0.085246
10 0.401090 0.276230 0.169782 0.116393
10 0.728972 0.301639 0.074766 0.163934
11 0.313084 0.505738 0.115265 0.139344
11 0.746106 0.785246 0.158879 0.085246
12 0.518692 0.456557 0.115265 0.080328
12 0.426012 0.571311 0.104361 0.113115
13 0.487539 0.513934 0.084112 0.113115
13 0.882399 0.727869 0.123053 0.104918
14 0.612928 0.427869 0.063863 0.137705
14 0.556854 0.427869 0.110592 0.095082
15 0.792835 0.642623 0.105919 0.111475
15 0.855919 0.517213 0.091900 0.113115
16 0.845794 0.709836 0.105919 0.098361
16 0.188474 0.718852 0.080997 0.126230
17 0.750779 0.412295 0.090343 0.086885
17 0.696262 0.500820 0.052960 0.096721
18 0.458723 0.800000 0.091900 0.088525
18 0.076324 0.513934 0.080997 0.100000
19 0.428349 0.396721 0.099688 0.075410
19 0.403427 0.228689 0.096573 0.090164
20 0.774143 0.590984 0.062305 0.057377
20 0.489097 0.755738 0.062305 0.062295
21 0.810748 0.672131 0.057632 0.078689
21 0.546729 0.732787 0.056075 0.088525
22 0.343458 0.715574 0.154206 0.136066
23 0.640966 0.756557 0.095016 0.090164