0 0.539746 0.821082 0.255962 0.230236
0 0.600954 0.679612 0.346582 0.119279
1 0.719396 0.256588 0.135135 0.238558
1 0.432432 0.839112 0.146264 0.133148
2 0.356916 0.479196 0.179650 0.106796
2 0.515103 0.661581 0.114467 0.166436
3 0.369634 0.163662 0.170111 0.113731
3 0.395866 0.662275 0.165342 0.176144
4 0.149444 0.346047 0.165342 0.126214
4 0.242448 0.477809 0.154213 0.151179
5 0.644674 0.787795 0.157393 0.144244
5 0.153418 0.856449 0.151033 0.109570
6 0.255962 0.794036 0.130366 0.153953
6 0.302067 0.223994 0.206677 0.076283
7 0.608108 0.113731 0.106518 0.135922
7 0.639905 0.323162 0.100159 0.158114
8 0.876789 0.285021 0.182830 0.070735
8 0.794913 0.545076 0.092210 0.108183
9 0.161367 0.760749 0.189189 0.062413
9 0.857711 0.340499 0.154213 0.081831
10 0.732909 0.475035 0.095390 0.142857
10 0.705087 0.284327 0.179650 0.116505
11 0.666932 0.507628 0.173291 0.049931
11 0.637520 0.378641 0.139905 0.108183
12 0.635930 0.206657 0.143084 0.063800
12 0.407790 0.134535 0.090620 0.108183
13 0.711447 0.282247 0.100159 0.098474
13 0.639905 0.438280 0.138315 0.097087
14 0.550079 0.373093 0.057234 0.127601
14 0.827504 0.328710 0.106518 0.110957
15 0.323529 0.630374 0.131955 0.065187
15 0.828299 0.429265 0.066773 0.112344
16 0.236089 0.307906 0.058824 0.108183
16 0.533386 0.665742 0.096979 0.094313
17 0.627186 0.891817 0.077901 0.102635
17 0.546900 0.569348 0.111288 0.045770
18 0.152623 0.619279 0.104928 0.062413
18 0.330684 0.687240 0.104928 0.042996
19 0.141494 0.301664 0.092210 0.073509
19 0.290938 0.851595 0.079491 0.069348
20 0.311606 0.251040 0.076312 0.058252
20 0.217806 0.730236 0.073132 0.059639
21 0.240064 0.671983 0.098569 0.048544
21 0.641494 0.247573 0.055644 0.065187
22 0.301272 0.362691 0.100159 0.142857
23 0.733704 0.718447 0.090620 0.052705