0 0.527500 0.752874 0.241667 0.097701
0 0.404167 0.673132 0.135000 0.211207
1 0.713333 0.539511 0.203333 0.147989
1 0.420000 0.912356 0.226667 0.094828
2 0.164167 0.390086 0.125000 0.133621
2 0.357500 0.689655 0.215000 0.077586
3 0.582500 0.295259 0.158333 0.130747
3 0.471667 0.823276 0.190000 0.066092
4 0.631667 0.846983 0.136667 0.142241
4 0.724167 0.275144 0.085000 0.156609
5 0.337500 0.251437 0.055000 0.146552
5 0.637500 0.408764 0.191667 0.050287
6 0.675000 0.647989 0.160000 0.097701
6 0.327500 0.340517 0.171667 0.057471
7 0.725000 0.497845 0.100000 0.116379
7 0.185833 0.230603 0.061667 0.136494
8 0.813333 0.141523 0.146667 0.076149
8 0.403333 0.204741 0.113333 0.102011
9 0.690833 0.867816 0.111667 0.109195
9 0.930833 0.179598 0.068333 0.114943
10 0.363333 0.150144 0.090000 0.110632
10 0.465833 0.153736 0.135000 0.051724
11 0.493333 0.329023 0.113333 0.103448
11 0.414167 0.497845 0.145000 0.050287
12 0.384167 0.561782 0.098333 0.094828
12 0.230000 0.292385 0.056667 0.099138
13 0.111667 0.301724 0.063333 0.103448
13 0.469167 0.275144 0.111667 0.050287
14 0.517500 0.099856 0.095000 0.093391
14 0.851667 0.265805 0.073333 0.094828
15 0.684167 0.353448 0.088333 0.080460
15 0.454167 0.619253 0.105000 0.057471
16 0.345000 0.813218 0.106667 0.068966
16 0.263333 0.193247 0.103333 0.073276
17 0.424167 0.310345 0.075000 0.071839
17 0.368333 0.611351 0.073333 0.067529
18 0.482500 0.855603 0.068333 0.067529
18 0.347500 0.366379 0.081667 0.045977
19 0.466667 0.073276 0.090000 0.057471
19 0.827500 0.379310 0.065000 0.074713
20 0.544167 0.584770 0.068333 0.057471
20 0.752500 0.240661 0.055000 0.061782
21 0.542500 0.459052 0.078333 0.056034
21 0.431667 0.232759 0.076667 0.043103
22 0.529167 0.397270 0.138333 0.093391
23 0.335833 0.729885 0.071667 0.048851