0 0.739598 0.380233 0.179340 0.125581
0 0.413199 0.176163 0.134864 0.131395
1 0.733859 0.588372 0.222382 0.172093
1 0.238881 0.212791 0.282640 0.079070
2 0.368006 0.558140 0.185079 0.100000
2 0.502869 0.578488 0.216643 0.133721
3 0.570301 0.084884 0.225251 0.120930
3 0.857963 0.302907 0.117647 0.091860
4 0.757532 0.148837 0.197991 0.153488
4 0.618364 0.568605 0.120516 0.079070
5 0.213773 0.552907 0.169297 0.131395
5 0.265423 0.333140 0.094692 0.138372
6 0.358680 0.294767 0.131994 0.138372
6 0.487805 0.200581 0.126255 0.075581
7 0.839311 0.219186 0.134864 0.087209
7 0.461263 0.288372 0.179340 0.116279
8 0.551650 0.350000 0.073171 0.151163
8 0.680775 0.201744 0.076040 0.163953
9 0.934003 0.390116 0.088953 0.122093
9 0.398852 0.415698 0.123386 0.129070
10 0.650646 0.601163 0.179340 0.102326
10 0.682927 0.547093 0.163558 0.075581
11 0.510760 0.451163 0.071736 0.132558
11 0.347202 0.672674 0.206600 0.052326
12 0.317791 0.438953 0.081779 0.084884
12 0.573171 0.517442 0.078910 0.055814
13 0.685079 0.485465 0.107604 0.089535
13 0.438307 0.086047 0.104735 0.083721
14 0.632712 0.362209 0.094692 0.094186
14 0.664993 0.211628 0.104735 0.083721
15 0.794835 0.113953 0.129125 0.074419
15 0.573888 0.265116 0.083214 0.095349
16 0.545194 0.126163 0.117647 0.056977
16 0.230273 0.226744 0.096126 0.076744
17 0.741750 0.263953 0.074605 0.088372
17 0.414634 0.331395 0.106169 0.058140
18 0.625538 0.249419 0.054519 0.075581
18 0.512195 0.609884 0.083214 0.068605
19 0.749641 0.490698 0.098996 0.046512
19 0.597561 0.429070 0.101865 0.055814
20 0.389527 0.422093 0.076040 0.034884
20 0.551650 0.536628 0.067432 0.036047
21 0.631994 0.158140 0.093257 0.034884
21 0.512195 0.609884 0.083214 0.068605
22 0.547346 0.234884 0.133429 0.102326
22 0.875897 0.394186 0.078910 0.125581