0 0.197358 0.611554 0.130536 0.137450
0 0.390054 0.087649 0.085470 0.147410
1 0.395105 0.748008 0.044289 0.171315
1 0.297980 0.482072 0.089355 0.151394
2 0.354312 0.774900 0.082362 0.071713
2 0.415307 0.121016 0.039627 0.140438
3 0.260295 0.467629 0.085470 0.116534
3 0.273504 0.723108 0.055944 0.053785
4 0.244367 0.584163 0.098679 0.086653
4 0.271562 0.378486 0.098679 0.065737
5 0.101010 0.670319 0.045066 0.145418
5 0.306527 0.656873 0.047397 0.128486
6 0.182207 0.822211 0.031857 0.130478
6 0.336441 0.850100 0.057498 0.076693
7 0.081585 0.953187 0.057498 0.083665
7 0.061772 0.760956 0.044289 0.121514
8 0.450660 0.198207 0.045066 0.095618
8 0.177933 0.662849 0.057498 0.108566
9 0.294872 0.796813 0.028749 0.111554
9 0.289044 0.329681 0.074592 0.067729
10 0.282828 0.413845 0.059052 0.106574
10 0.131702 0.901892 0.038073 0.106574
11 0.058664 0.910857 0.081585 0.074701
11 0.321290 0.703187 0.075369 0.083665
12 0.349650 0.167829 0.038850 0.080677
12 0.188811 0.834661 0.074592 0.035857
13 0.372960 0.209163 0.063714 0.045817
13 0.124320 0.777888 0.034188 0.097610
14 0.097125 0.836653 0.043512 0.085657
14 0.321678 0.176295 0.029526 0.089641
15 0.484848 0.251494 0.049728 0.066733
15 0.178710 0.403884 0.034188 0.074701
16 0.221834 0.707669 0.031857 0.078685
16 0.332945 0.819223 0.058275 0.042829
17 0.109169 0.503984 0.048951 0.065737
17 0.393939 0.279382 0.040404 0.066733
18 0.252137 0.739542 0.045843 0.044821
18 0.271173 0.867032 0.048174 0.034861
19 0.255633 0.776892 0.027972 0.053785
19 0.140637 0.790837 0.029526 0.059761
20 0.142191 0.844622 0.037296 0.039841
20 0.171717 0.338147 0.031080 0.050797
21 0.283605 0.896912 0.048174 0.032869
21 0.956488 0.552789 0.052836 0.035857
22 0.208236 0.912849 0.051282 0.108566
22 0.344211 0.672311 0.040404 0.093625