0 0.414039 0.082268 0.113937 0.107029
0 0.216175 0.449681 0.121058 0.273163
1 0.461343 0.194888 0.188199 0.153355
1 0.216684 0.454473 0.118006 0.273163
2 0.360122 0.857827 0.093591 0.118211
2 0.372330 0.361022 0.160732 0.099042
3 0.112411 0.777955 0.112920 0.214058
3 0.486775 0.218051 0.123093 0.103834
4 0.286368 0.267572 0.119023 0.103834
4 0.375890 0.575879 0.076297 0.186901
5 0.236521 0.865815 0.053917 0.201278
5 0.456765 0.647764 0.136317 0.103834
6 0.211089 0.247604 0.078332 0.111821
6 0.143947 0.478435 0.080366 0.123003
7 0.256358 0.722843 0.034588 0.183706
7 0.405392 0.520767 0.104781 0.134185
8 0.184639 0.771565 0.066124 0.172524
8 0.330621 0.745208 0.089522 0.081470
9 0.340793 0.164537 0.103764 0.099042
9 0.515259 0.522364 0.110885 0.073482
10 0.313327 0.339457 0.095626 0.110224
10 0.458291 0.576677 0.055951 0.140575
11 0.345371 0.285942 0.106816 0.130990
11 0.430315 0.758786 0.077314 0.121406
12 0.511699 0.102236 0.085453 0.067093
12 0.413530 0.713259 0.070193 0.113419
13 0.295015 0.451278 0.059003 0.116613
13 0.549847 0.458466 0.078332 0.086262
14 0.319939 0.519968 0.094608 0.068690
14 0.356053 0.703674 0.085453 0.059105
15 0.301628 0.652556 0.070193 0.094249
15 0.373347 0.455272 0.061038 0.102236
16 0.439471 0.312300 0.077314 0.071885
16 0.211597 0.556709 0.067141 0.103834
17 0.487284 0.414537 0.052899 0.094249
17 0.121058 0.643770 0.071211 0.063898
18 0.517803 0.666933 0.056968 0.062300
18 0.961343 0.225240 0.059003 0.057508
19 0.287386 0.196486 0.051882 0.086262
19 0.138861 0.591054 0.062055 0.054313
20 0.562055 0.562300 0.055951 0.051118
20 0.598678 0.415335 0.039674 0.079872
21 0.549339 0.623003 0.050865 0.047923
21 0.571719 0.593450 0.059003 0.055911
22 0.099695 0.558307 0.091556 0.119808
22 0.297558 0.838658 0.053917 0.166134