0 0.681932 0.828685 0.129235 0.156707
0 0.319950 0.540505 0.138018 0.130146
1 0.668758 0.688579 0.160602 0.179283
1 0.277290 0.359230 0.150565 0.131474
2 0.464241 0.749004 0.110414 0.138114
2 0.516939 0.555777 0.085320 0.155378
3 0.103513 0.733068 0.109159 0.185923
3 0.485571 0.661355 0.127980 0.140770
4 0.895859 0.725100 0.155583 0.106242
4 0.837516 0.799469 0.116688 0.159363
5 0.474906 0.393094 0.151819 0.106242
5 0.899624 0.771580 0.145546 0.103586
6 0.894605 0.675963 0.122961 0.108898
6 0.662484 0.529216 0.135508 0.065073
7 0.915935 0.836653 0.112923 0.111554
7 0.578419 0.647410 0.052698 0.136786
8 0.402760 0.556441 0.115433 0.095618
8 0.240276 0.252988 0.104141 0.075697
9 0.381430 0.413679 0.100376 0.126162
9 0.292346 0.522576 0.067754 0.136786
10 0.513802 0.588977 0.089084 0.134130
10 0.833752 0.610226 0.089084 0.091633
11 0.738394 0.635458 0.119197 0.078353
11 0.877666 0.928951 0.106650 0.104914
12 0.388331 0.731076 0.071518 0.112882
12 0.520075 0.434927 0.071518 0.107570
13 0.780427 0.675963 0.100376 0.061089
13 0.403388 0.616202 0.076537 0.106242
14 0.565245 0.476760 0.094103 0.058433
14 0.819322 0.948871 0.092848 0.086321
15 0.326223 0.075033 0.085320 0.110226
15 0.412798 0.478088 0.057716 0.092961
16 0.722710 0.803453 0.065245 0.100930
16 0.202635 0.155378 0.053952 0.106242
17 0.580301 0.415007 0.074028 0.083665
17 0.619197 0.490040 0.063990 0.069057
18 0.286700 0.435591 0.079046 0.050465
18 0.235257 0.302789 0.074028 0.061089
19 0.466750 0.504648 0.050188 0.079681
19 0.704517 0.926295 0.066499 0.067729
20 0.767880 0.580345 0.065245 0.050465
20 0.360100 0.060425 0.057716 0.075697
21 0.465496 0.444223 0.067754 0.065073
21 0.602886 0.446215 0.053952 0.058433
22 0.806148 0.835325 0.063990 0.138114