0 0.132900 0.307327 0.187732 0.213026
0 0.436803 0.163501 0.319703 0.055631
1 0.162639 0.384668 0.180297 0.188602
1 0.490706 0.113976 0.334572 0.065129
2 0.629182 0.788331 0.217472 0.135685
2 0.290892 0.662144 0.154275 0.081411
3 0.288104 0.365672 0.141264 0.147897
3 0.219331 0.536635 0.226766 0.093623
4 0.373606 0.400271 0.144981 0.138399
4 0.863383 0.419267 0.154275 0.149254
5 0.733271 0.424695 0.068773 0.160109
5 0.202602 0.388060 0.066914 0.162822
6 0.467472 0.284261 0.191450 0.082768
6 0.363383 0.647218 0.120818 0.127544
7 0.824349 0.483039 0.128253 0.124830
7 0.642193 0.423338 0.083643 0.130258
8 0.343866 0.444369 0.092937 0.115332
8 0.459108 0.369742 0.159851 0.047490
9 0.666357 0.720488 0.143123 0.097693
9 0.270446 0.767978 0.195167 0.073270
10 0.285316 0.316825 0.091078 0.104478
10 0.470260 0.354138 0.070632 0.116689
11 0.387546 0.550882 0.094796 0.116689
11 0.341078 0.451153 0.113383 0.112619
12 0.771375 0.231343 0.141264 0.069199
12 0.784387 0.327001 0.130112 0.067843
13 0.521375 0.054953 0.150558 0.066486
13 0.516729 0.406377 0.130112 0.055631
14 0.676580 0.274763 0.111524 0.082768
14 0.301115 0.685210 0.100372 0.078697
15 0.546468 0.559023 0.111524 0.054274
15 0.507435 0.609227 0.115242 0.056988
16 0.802974 0.531886 0.059480 0.100407
16 0.358736 0.788331 0.100372 0.067843
17 0.465613 0.464043 0.068773 0.065129
17 0.733271 0.516961 0.109665 0.040706
18 0.263941 0.733379 0.092937 0.063772
18 0.173792 0.375848 0.053903 0.059701
19 0.659851 0.673677 0.089219 0.058345
19 0.299257 0.947083 0.096654 0.065129
20 0.564126 0.527815 0.079926 0.043419
20 0.536245 0.464043 0.079926 0.046133
21 0.687732 0.424016 0.055762 0.069199
21 0.589219 0.495929 0.085502 0.039349
22 0.515799 0.244912 0.161710 0.066486
22 0.519517 0.707598 0.169145 0.071913