0 0.655455 0.884135 0.270909 0.167558
0 0.484545 0.761141 0.172727 0.196078
1 0.152727 0.664884 0.229091 0.242424
1 0.851818 0.701426 0.147273 0.204991
2 0.368182 0.181818 0.252727 0.121212
2 0.485455 0.337790 0.134545 0.130125
3 0.700909 0.686275 0.234545 0.185383
3 0.520909 0.434938 0.245455 0.099822
4 0.631818 0.319073 0.190909 0.110517
4 0.200000 0.339572 0.134545 0.119430
5 0.669091 0.204991 0.130909 0.153298
5 0.444545 0.302139 0.220000 0.105169
6 0.426364 0.107843 0.205455 0.147950
6 0.200909 0.543672 0.114545 0.135472
7 0.387273 0.551693 0.094545 0.147950
7 0.436364 0.663102 0.181818 0.099822
8 0.694545 0.459893 0.160000 0.124777
8 0.481818 0.659537 0.072727 0.196078
9 0.746364 0.569519 0.143636 0.158645
9 0.324545 0.704991 0.110909 0.197861
10 0.864545 0.349376 0.176364 0.149733
10 0.607273 0.817291 0.109091 0.115865
11 0.831818 0.494652 0.114545 0.176471
11 0.343636 0.737077 0.167273 0.080214
12 0.254545 0.464349 0.094545 0.122995
12 0.610000 0.684492 0.147273 0.081996
13 0.230909 0.368093 0.112727 0.108734
13 0.471818 0.378788 0.154545 0.073084
14 0.577273 0.232620 0.067273 0.172906
14 0.438182 0.905526 0.087273 0.121212
15 0.455455 0.169340 0.147273 0.078431
15 0.383636 0.641711 0.141818 0.071301
16 0.423636 0.844029 0.134545 0.073084
16 0.582727 0.442959 0.092727 0.112299
17 0.224545 0.608734 0.110909 0.058824
17 0.149091 0.514260 0.109091 0.080214
18 0.472727 0.508021 0.069091 0.103387
18 0.538182 0.596257 0.109091 0.058824
19 0.484545 0.767380 0.103636 0.055258
19 0.646364 0.167558 0.092727 0.099822
20 0.342727 0.443850 0.085455 0.053476
20 0.296364 0.535651 0.087273 0.058824
21 0.740000 0.399287 0.109091 0.078431
21 0.382727 0.481283 0.107273 0.049911
22 0.395455 0.396613 0.190909 0.101604
23 0.306364 0.799465 0.092727 0.090909