0 0.664855 0.420161 0.144928 0.208065
0 0.795290 0.533871 0.199275 0.103226
1 0.230978 0.586290 0.273551 0.162903
1 0.757246 0.766935 0.278986 0.108065
2 0.395833 0.807258 0.230072 0.117742
2 0.461051 0.786290 0.201087 0.104839
3 0.245471 0.268548 0.190217 0.175806
3 0.165761 0.674194 0.150362 0.212903
4 0.432065 0.202419 0.132246 0.108065
4 0.273551 0.332258 0.141304 0.209677
5 0.911232 0.489516 0.090580 0.117742
5 0.399457 0.749194 0.240942 0.062903
6 0.228261 0.491129 0.112319 0.150000
6 0.510870 0.678226 0.166667 0.104839
7 0.386775 0.663710 0.085145 0.166129
7 0.857790 0.645968 0.175725 0.114516
8 0.231884 0.378226 0.173913 0.075806
8 0.766304 0.194355 0.126812 0.085484
9 0.328804 0.125806 0.132246 0.141935
9 0.730978 0.887097 0.182971 0.064516
10 0.413949 0.898387 0.186594 0.096774
10 0.826087 0.351613 0.159420 0.096774
11 0.448370 0.502419 0.081522 0.153226
11 0.248188 0.698387 0.199275 0.061290
12 0.631341 0.842742 0.157609 0.056452
12 0.478261 0.277419 0.141304 0.061290
13 0.567935 0.250000 0.074275 0.129032
13 0.674819 0.404839 0.153986 0.096774
14 0.750000 0.453226 0.101449 0.109677
14 0.618659 0.535484 0.096014 0.106452
15 0.628623 0.656452 0.108696 0.090323
15 0.519928 0.318548 0.112319 0.075806
16 0.379529 0.472581 0.070652 0.125806
16 0.374094 0.470161 0.128623 0.066129
17 0.517210 0.537097 0.070652 0.100000
17 0.656703 0.229839 0.114130 0.056452
18 0.703804 0.727419 0.074275 0.087097
18 0.287138 0.437097 0.067029 0.090323
19 0.295290 0.294355 0.105072 0.075806
19 0.560688 0.414516 0.074275 0.083871
20 0.519928 0.445161 0.057971 0.090323
20 0.470109 0.550806 0.059783 0.069355
21 0.427536 0.358871 0.094203 0.056452
21 0.298913 0.513710 0.065217 0.088710
22 0.490036 0.183065 0.175725 0.091935
23 0.701087 0.154839 0.094203 0.058065