0 0.788745 0.512987 0.156827 0.142857
0 0.382841 0.681818 0.097786 0.139147
1 0.660517 0.212430 0.217712 0.176252
1 0.630074 0.536178 0.156827 0.259740
2 0.535055 0.432282 0.180812 0.111317
2 0.235240 0.615028 0.215867 0.094620
3 0.428967 0.903525 0.171587 0.092764
3 0.671587 0.671614 0.121771 0.148423
4 0.272140 0.649351 0.108856 0.196660
4 0.425277 0.237477 0.094096 0.207792
5 0.237085 0.512059 0.204797 0.081633
5 0.231550 0.704082 0.186347 0.057514
6 0.623616 0.424861 0.066421 0.178108
6 0.139299 0.879406 0.164207 0.115028
7 0.309963 0.376623 0.121771 0.144712
7 0.357934 0.407236 0.136531 0.124304
8 0.299815 0.848794 0.097786 0.131725
8 0.536900 0.457328 0.059041 0.157699
9 0.151292 0.653989 0.151292 0.053803
9 0.714022 0.342301 0.151292 0.076067
10 0.690959 0.330241 0.127306 0.133581
10 0.585793 0.535250 0.142066 0.064935
11 0.192804 0.884972 0.156827 0.081633
11 0.495387 0.539889 0.064576 0.170686
12 0.232472 0.794063 0.121771 0.085343
12 0.682657 0.173469 0.059041 0.135436
13 0.268450 0.744898 0.097786 0.102041
13 0.361624 0.828386 0.095941 0.098330
14 0.528598 0.093692 0.127306 0.068646
14 0.144834 0.808905 0.108856 0.070501
15 0.545203 0.144712 0.086716 0.107607
15 0.523985 0.691095 0.107011 0.061224
16 0.846863 0.379406 0.081181 0.124304
16 0.417897 0.273655 0.127306 0.057514
17 0.250000 0.372913 0.057196 0.103896
17 0.573801 0.257885 0.110701 0.063080
18 0.583026 0.412801 0.062731 0.079777
18 0.268450 0.775510 0.071956 0.040816
19 0.408672 0.512059 0.083026 0.089054
19 0.447417 0.677180 0.060886 0.089054
20 0.392066 0.431354 0.071956 0.072356
20 0.585793 0.580705 0.075646 0.059369
21 0.359779 0.583488 0.081181 0.057514
21 0.607934 0.698516 0.057196 0.079777
22 0.464022 0.829314 0.160517 0.085343
23 0.447417 0.422078 0.068266 0.090909