0 0.226121 0.452381 0.167641 0.222222
0 0.274854 0.432540 0.140351 0.253968
1 0.473684 0.147817 0.272904 0.132937
1 0.179337 0.401786 0.214425 0.248016
2 0.682261 0.570437 0.140351 0.148810
2 0.607212 0.701389 0.150097 0.271825
3 0.538012 0.762897 0.124756 0.208333
3 0.761209 0.329365 0.200780 0.202381
4 0.292398 0.204365 0.218324 0.190476
4 0.243665 0.456349 0.148148 0.246032
5 0.616959 0.902778 0.220273 0.103175
5 0.414230 0.700397 0.173489 0.198413
6 0.208577 0.593254 0.140351 0.198413
6 0.841131 0.440476 0.142300 0.138889
7 0.800195 0.695437 0.204678 0.085317
7 0.712476 0.857143 0.095517 0.214286
8 0.331384 0.568452 0.171540 0.097222
8 0.439571 0.480159 0.079922 0.170635
9 0.499025 0.723214 0.206628 0.113095
9 0.439571 0.475198 0.169591 0.136905
10 0.408382 0.430556 0.177388 0.119048
10 0.535088 0.432540 0.146199 0.123016
11 0.443470 0.300595 0.173489 0.109127
11 0.550682 0.302579 0.161793 0.109127
12 0.844055 0.350198 0.144250 0.109127
12 0.461014 0.572421 0.111111 0.148810
13 0.801170 0.506944 0.140351 0.073413
13 0.713450 0.657738 0.136452 0.081349
14 0.579922 0.533730 0.056530 0.158730
14 0.631579 0.492063 0.101365 0.119048
15 0.609162 0.665675 0.115010 0.117063
15 0.509747 0.232143 0.134503 0.059524
16 0.405458 0.580357 0.081871 0.113095
16 0.761209 0.361111 0.087719 0.099206
17 0.302144 0.787698 0.085770 0.130952
17 0.611111 0.794643 0.103314 0.128968
18 0.384990 0.218254 0.118908 0.071429
18 0.681287 0.520833 0.064327 0.097222
19 0.251462 0.306548 0.105263 0.101190
19 0.408382 0.489087 0.079922 0.097222
20 0.718324 0.443452 0.068226 0.077381
20 0.546784 0.504960 0.060429 0.081349
21 0.610136 0.440476 0.085770 0.063492
21 0.707602 0.316468 0.077973 0.065476
22 0.191033 0.693452 0.163743 0.188492
23 0.605263 0.388889 0.099415 0.055556