0 0.344044 0.436699 0.246082 0.142628
0 0.298589 0.838942 0.252351 0.235577
1 0.478056 0.769231 0.125392 0.256410
1 0.180251 0.645833 0.128527 0.182692
2 0.562696 0.321314 0.134796 0.213141
2 0.322100 0.298878 0.217868 0.145833
3 0.655172 0.125000 0.147335 0.217949
3 0.865204 0.265224 0.144201 0.248397
4 0.391850 0.313301 0.169279 0.209936
4 0.565831 0.561699 0.222571 0.078526
5 0.641850 0.621795 0.158307 0.108974
5 0.316614 0.194712 0.175549 0.110577
6 0.232759 0.862179 0.126959 0.211538
6 0.339342 0.818910 0.057994 0.227564
7 0.362853 0.603365 0.173981 0.126603
7 0.644984 0.390224 0.095611 0.165064
8 0.182602 0.409455 0.083072 0.171474
8 0.379310 0.533654 0.100313 0.105769
9 0.676332 0.289263 0.114420 0.145833
9 0.156740 0.477564 0.144201 0.134615
10 0.724922 0.441506 0.092476 0.126603
10 0.373824 0.192308 0.167712 0.147436
11 0.768025 0.202724 0.090909 0.116987
11 0.776646 0.283654 0.145768 0.150641
12 0.253135 0.447115 0.117555 0.125000
12 0.565831 0.480769 0.090909 0.157051
13 0.581505 0.483173 0.128527 0.107372
13 0.302508 0.278846 0.147335 0.057692
14 0.804075 0.113782 0.141066 0.086538
14 0.219436 0.820513 0.144201 0.080128
15 0.500784 0.362981 0.108150 0.120192
15 0.072884 0.502404 0.073668 0.136218
16 0.279781 0.348558 0.126959 0.094551
16 0.780564 0.314904 0.141066 0.084936
17 0.748433 0.525641 0.108150 0.073718
17 0.817398 0.439103 0.067398 0.102564
18 0.790752 0.406250 0.054859 0.091346
18 0.576803 0.217949 0.109718 0.057692
19 0.659091 0.500801 0.061129 0.084936
19 0.851097 0.258013 0.128527 0.057692
20 0.608934 0.653846 0.079937 0.076923
20 0.260188 0.516827 0.084639 0.049679
21 0.501567 0.471154 0.100313 0.051282
21 0.515674 0.582532 0.062696 0.084936
22 0.916928 0.252404 0.097179 0.213141
23 0.699843 0.383814 0.076803 0.056090