0 0.464339 0.857633 0.230312 0.181818
0 0.269688 0.726415 0.286776 0.156089
1 0.323180 0.807033 0.277860 0.097770
1 0.813522 0.325901 0.090639 0.257290
2 0.902675 0.414237 0.105498 0.214408
2 0.086924 0.476844 0.123328 0.178388
3 0.492571 0.528302 0.090639 0.257290
3 0.694651 0.707547 0.090639 0.210978
4 0.597325 0.764151 0.216939 0.108062
4 0.470282 0.205832 0.185736 0.164666
5 0.699108 0.144082 0.123328 0.226415
5 0.508915 0.337050 0.182764 0.190395
6 0.808321 0.522298 0.127786 0.135506
6 0.843239 0.208405 0.185736 0.094340
7 0.406389 0.655232 0.156018 0.123499
7 0.832838 0.134648 0.167905 0.077187
8 0.815750 0.647513 0.124814 0.145798
8 0.140416 0.560034 0.105498 0.173242
9 0.412333 0.619211 0.084695 0.185249
9 0.154532 0.626930 0.074294 0.193825
10 0.544577 0.667238 0.153046 0.078902
10 0.731798 0.299314 0.135215 0.132075
11 0.803120 0.777015 0.156018 0.096055
11 0.798663 0.835334 0.164933 0.109777
12 0.624814 0.335334 0.078752 0.145798
12 0.668648 0.448542 0.145617 0.063465
13 0.352897 0.512007 0.054978 0.159520
13 0.789004 0.516295 0.092125 0.137221
14 0.407132 0.426244 0.095097 0.114923
14 0.503715 0.346484 0.124814 0.072041
15 0.621842 0.700686 0.090639 0.114923
15 0.537147 0.719554 0.105498 0.094340
16 0.603269 0.173242 0.056464 0.140652
16 0.747400 0.589194 0.077266 0.121784
17 0.649331 0.542882 0.077266 0.111492
17 0.265973 0.485420 0.106984 0.092624
18 0.384844 0.330189 0.089153 0.077187
18 0.477712 0.266724 0.060921 0.094340
19 0.573551 0.556604 0.086181 0.077187
19 0.373700 0.704117 0.049034 0.111492
20 0.257058 0.432247 0.077266 0.065180
20 0.523774 0.228130 0.072808 0.082333
21 0.479941 0.824185 0.074294 0.080617
21 0.700594 0.584906 0.069837 0.089194
22 0.470282 0.138079 0.167905 0.132075
23 0.661218 0.325043 0.071322 0.060034