0 0.369565 0.796066 0.225296 0.188406
0 0.298419 0.616977 0.189723 0.227743
1 0.719368 0.404762 0.193676 0.271222
1 0.475296 0.368530 0.235178 0.194617
2 0.844862 0.434783 0.219368 0.144928
2 0.593874 0.246377 0.231225 0.211180
3 0.556324 0.885093 0.227273 0.171843
3 0.142292 0.574534 0.110672 0.238095
4 0.732213 0.802277 0.167984 0.225673
4 0.334980 0.120083 0.239130 0.124224
5 0.775692 0.276398 0.187747 0.163561
5 0.497036 0.621118 0.175889 0.215321
6 0.639328 0.596273 0.199605 0.169772
6 0.708498 0.697723 0.128458 0.190476
7 0.825099 0.359213 0.092885 0.213251
7 0.554348 0.459627 0.140316 0.207039
8 0.810277 0.643892 0.150198 0.149068
8 0.631423 0.195652 0.191700 0.130435
9 0.321146 0.334369 0.156126 0.171843
9 0.243083 0.618012 0.138340 0.126294
10 0.570158 0.786749 0.073123 0.198758
10 0.591897 0.361284 0.077075 0.204969
11 0.696640 0.853002 0.191700 0.140787
11 0.440711 0.239130 0.106719 0.155280
12 0.820158 0.817805 0.122530 0.132505
12 0.362648 0.336439 0.100791 0.130435
13 0.498024 0.434783 0.114625 0.136646
13 0.449605 0.500000 0.069170 0.151139
14 0.330040 0.246377 0.126482 0.132505
14 0.637352 0.537267 0.104743 0.118012
15 0.369565 0.626294 0.122530 0.113872
15 0.224308 0.319876 0.128458 0.089027
16 0.280632 0.163561 0.134387 0.074534
16 0.739130 0.365424 0.122530 0.109731
17 0.505929 0.713251 0.090909 0.126294
17 0.349802 0.417184 0.102767 0.113872
18 0.492095 0.164596 0.086957 0.118012
18 0.431818 0.577640 0.104743 0.095238
19 0.500000 0.514493 0.067194 0.105590
19 0.622530 0.124224 0.118577 0.078675
20 0.394269 0.474120 0.088933 0.074534
20 0.608696 0.683230 0.075099 0.086957
21 0.733202 0.435818 0.098814 0.080745
21 0.613636 0.590062 0.081028 0.057971
22 0.177866 0.231884 0.221344 0.095238
22 0.169960 0.396480 0.166008 0.184265