0 0.483080 0.230000 0.238579 0.130769
0 0.257191 0.582308 0.104907 0.226154
1 0.432318 0.766154 0.130288 0.132308
1 0.305415 0.255385 0.113367 0.267692
2 0.332487 0.373077 0.272420 0.100000
2 0.217428 0.483077 0.160745 0.123077
3 0.426396 0.130769 0.071066 0.200000
3 0.453469 0.232308 0.118443 0.215385
4 0.377327 0.549231 0.165821 0.095385
4 0.562606 0.433846 0.194585 0.113846
5 0.746193 0.307692 0.142132 0.206154
5 0.766497 0.547692 0.108291 0.203077
6 0.787648 0.407692 0.194585 0.107692
6 0.606599 0.896923 0.133672 0.098462
7 0.155668 0.440000 0.148900 0.110769
7 0.576988 0.516923 0.159052 0.123077
8 0.467005 0.626154 0.087986 0.166154
8 0.833333 0.523077 0.099831 0.169231
9 0.704738 0.668462 0.184433 0.093846
9 0.120981 0.321538 0.079526 0.172308
10 0.813875 0.751538 0.087986 0.183077
10 0.428934 0.656923 0.086294 0.098462
11 0.172589 0.587692 0.148900 0.086154
11 0.383249 0.283077 0.082910 0.156923
12 0.692047 0.393077 0.084602 0.136923
12 0.597293 0.772308 0.138748 0.073846
13 0.543147 0.334615 0.104907 0.127692
13 0.559222 0.416154 0.116751 0.087692
14 0.597293 0.543077 0.074450 0.116923
14 0.296108 0.306154 0.104907 0.104615
15 0.703046 0.830000 0.120135 0.100000
15 0.609983 0.593846 0.133672 0.067692
16 0.184433 0.296154 0.118443 0.075385
16 0.715736 0.734615 0.098139 0.069231
17 0.500846 0.409231 0.108291 0.064615
17 0.478003 0.081538 0.096447 0.083077
18 0.497462 0.523846 0.057530 0.090769
18 0.441624 0.426923 0.071066 0.087692
19 0.307107 0.463846 0.059222 0.084615
19 0.318105 0.257692 0.087986 0.056923
20 0.512690 0.213846 0.077834 0.058462
20 0.377327 0.604615 0.077834 0.052308
21 0.359560 0.493846 0.082910 0.076923
21 0.145516 0.207692 0.064298 0.067692
22 0.701354 0.856154 0.106599 0.176923
22 0.295262 0.135385 0.140440 0.141538
23 0.434010 0.378462 0.082910 0.070769