0 0.585565 0.585631 0.096726 0.300435
0 0.479911 0.616110 0.144345 0.175617
1 0.741071 0.735123 0.220238 0.137881
1 0.166667 0.740203 0.154762 0.203193
2 0.849702 0.580552 0.083333 0.278665
2 0.496280 0.609579 0.138393 0.226415
3 0.291667 0.263425 0.184524 0.100145
3 0.725446 0.235849 0.093750 0.230769
4 0.746280 0.391147 0.197917 0.149492
4 0.420387 0.673440 0.191964 0.081277
5 0.122024 0.339623 0.095238 0.235123
5 0.619048 0.574020 0.056548 0.213353
6 0.301339 0.476052 0.156250 0.171263
6 0.570685 0.853411 0.188988 0.104499
7 0.529018 0.415094 0.144345 0.136430
7 0.238839 0.423803 0.183036 0.063861
8 0.770833 0.611030 0.071429 0.171263
8 0.587054 0.068940 0.141369 0.088534
9 0.332589 0.579100 0.132440 0.101597
9 0.466518 0.164731 0.186012 0.071118
10 0.895833 0.341074 0.142857 0.107402
10 0.726935 0.884615 0.105655 0.123367
11 0.337054 0.785196 0.165179 0.069666
11 0.517857 0.759071 0.125000 0.136430
12 0.856399 0.825109 0.120536 0.091437
12 0.387649 0.891872 0.153274 0.082729
13 0.600446 0.794630 0.123512 0.082729
13 0.401042 0.836720 0.132440 0.053701
14 0.421131 0.285196 0.071429 0.129173
14 0.626488 0.417271 0.071429 0.137881
15 0.304315 0.657475 0.102679 0.081277
15 0.800595 0.367199 0.080357 0.084180
16 0.180060 0.519594 0.080357 0.119013
16 0.336310 0.914369 0.125000 0.052250
17 0.276042 0.732221 0.102679 0.068215
17 0.630952 0.261974 0.107143 0.059507
18 0.226935 0.349057 0.096726 0.062409
18 0.412202 0.577649 0.047619 0.087083
19 0.672619 0.619739 0.080357 0.084180
19 0.460565 0.068940 0.105655 0.053701
20 0.343006 0.322932 0.061012 0.071118
20 0.898810 0.574020 0.077381 0.062409
21 0.410714 0.714078 0.080357 0.075472
21 0.383929 0.350508 0.053571 0.082729
22 0.555060 0.890421 0.163690 0.094340
22 0.442708 0.376633 0.052083 0.190131