0 0.253935 0.393617 0.195173 0.088466
0 0.599685 0.527436 0.139559 0.167973
1 0.419727 0.406495 0.107030 0.136618
1 0.680483 0.106943 0.181532 0.131019
2 0.252361 0.866181 0.137461 0.142217
2 0.164218 0.112542 0.057712 0.097424
3 0.462749 0.506159 0.060860 0.159015
3 0.658447 0.095185 0.103882 0.159015
4 0.714586 0.413214 0.056663 0.170213
4 0.638510 0.923852 0.133263 0.118701
5 0.694648 0.148376 0.130115 0.083987
5 0.695698 0.240202 0.094439 0.106383
6 0.475341 0.143897 0.149003 0.048152
6 0.655824 0.305711 0.067156 0.143337
7 0.949633 0.740761 0.077650 0.108623
7 0.393494 0.467525 0.083945 0.128779
8 0.343652 0.758119 0.074502 0.103024
8 0.126443 0.099664 0.059811 0.094065
9 0.229276 0.185890 0.129066 0.047032
9 0.538300 0.491041 0.113326 0.070549
10 0.236097 0.910974 0.079748 0.090705
10 0.708814 0.275476 0.066107 0.127660
11 0.601259 0.326428 0.088143 0.108623
11 0.670514 0.083427 0.132214 0.068309
12 0.061910 0.675252 0.071354 0.103024
12 0.580273 0.306831 0.096537 0.073908
13 0.402938 0.854423 0.086044 0.055991
13 0.296432 0.830907 0.089192 0.047032
14 0.441763 0.765957 0.056663 0.109742
14 0.591815 0.388578 0.048269 0.103024
15 0.743442 0.384658 0.036726 0.104143
15 0.652151 0.319709 0.082896 0.061590
16 0.463274 0.575588 0.057712 0.089586
16 0.350472 0.175252 0.092340 0.045913
17 0.396118 0.913214 0.059811 0.072788
17 0.720881 0.871781 0.060860 0.057111
18 0.518888 0.426652 0.043022 0.069429
18 0.421826 0.877940 0.060860 0.053751
19 0.593914 0.405375 0.073452 0.049272
19 0.607030 0.506719 0.047219 0.070549
20 0.114900 0.455207 0.064008 0.039194
20 0.120672 0.412654 0.069255 0.043673
21 0.559286 0.395297 0.052466 0.051512
21 0.290661 0.861702 0.067156 0.032475
22 0.378279 0.825868 0.080797 0.097424
22 0.538300 0.491041 0.113326 0.070549