0 0.233740 0.596443 0.242547 0.114911
0 0.772358 0.415185 0.197832 0.220246
1 0.481030 0.442544 0.111111 0.165527
1 0.825203 0.204514 0.130081 0.124487
2 0.207317 0.812585 0.170732 0.183311
2 0.242547 0.452804 0.100271 0.183311
3 0.459350 0.240766 0.173442 0.079343
3 0.384146 0.239398 0.180217 0.136799
4 0.465447 0.787962 0.128726 0.210670
4 0.806233 0.411765 0.235772 0.076607
5 0.645664 0.341997 0.109756 0.114911
5 0.925474 0.567031 0.102981 0.190150
6 0.607046 0.205198 0.135501 0.082079
6 0.857724 0.318741 0.173442 0.117647
7 0.132114 0.534200 0.163957 0.097127
7 0.563686 0.121751 0.124661 0.114911
8 0.780488 0.516416 0.151762 0.077975
8 0.267615 0.681259 0.093496 0.147743
9 0.513550 0.691518 0.143631 0.077975
9 0.846883 0.404925 0.149051 0.103967
10 0.533875 0.583447 0.121951 0.129959
10 0.254743 0.900821 0.116531 0.151847
11 0.145664 0.675103 0.155827 0.099863
11 0.349593 0.377565 0.154472 0.098495
12 0.458672 0.327633 0.107046 0.113543
12 0.904472 0.538304 0.085366 0.097127
13 0.320461 0.903557 0.107046 0.088919
13 0.871274 0.620383 0.108401 0.108071
14 0.655827 0.483584 0.062331 0.113543
14 0.653794 0.580027 0.109756 0.084815
15 0.302846 0.729822 0.093496 0.094391
15 0.523713 0.363885 0.093496 0.060192
16 0.549458 0.297538 0.109756 0.091655
16 0.636179 0.125171 0.098916 0.061560
17 0.102304 0.714774 0.096206 0.075239
17 0.546070 0.054036 0.073171 0.069767
18 0.359079 0.573187 0.067751 0.084815
18 0.579268 0.095075 0.052846 0.083447
19 0.591463 0.460328 0.090786 0.058824
19 0.762873 0.562927 0.075881 0.064295
20 0.754065 0.303694 0.074526 0.051984
20 0.930217 0.164159 0.066396 0.071135
21 0.836043 0.351573 0.073171 0.076607
21 0.445122 0.264022 0.058266 0.060192
22 0.349593 0.641587 0.162602 0.106703
22 0.436314 0.470588 0.165312 0.062927