0 0.583424 0.224972 0.205016 0.112486
0 0.416031 0.418448 0.138495 0.116985
1 0.201745 0.167042 0.154853 0.120360
1 0.555616 0.733971 0.201745 0.082115
2 0.541439 0.254781 0.145038 0.104612
2 0.728462 0.815523 0.176663 0.058493
3 0.700654 0.443195 0.147219 0.071991
3 0.919302 0.721035 0.124318 0.159730
4 0.181570 0.355456 0.068702 0.152981
4 0.674482 0.379078 0.116685 0.125984
5 0.199019 0.212036 0.099237 0.109111
5 0.920393 0.911699 0.119956 0.149606
6 0.628680 0.604612 0.068702 0.140607
6 0.124318 0.276715 0.148310 0.047244
7 0.362595 0.524747 0.114504 0.084364
7 0.740458 0.529809 0.104689 0.071991
8 0.230643 0.293026 0.049073 0.122610
8 0.715921 0.586052 0.116685 0.058493
9 0.516358 0.322272 0.118866 0.048369
9 0.475463 0.523622 0.124318 0.055118
10 0.380589 0.317210 0.074155 0.110236
10 0.368593 0.483127 0.113413 0.075366
11 0.151036 0.087739 0.131952 0.083240
11 0.351145 0.248594 0.113413 0.069741
12 0.455834 0.425759 0.089422 0.070866
12 0.747546 0.817773 0.066521 0.101237
13 0.362595 0.567492 0.070883 0.088864
13 0.255180 0.406074 0.047983 0.103487
14 0.515812 0.767154 0.089422 0.067492
14 0.514177 0.450506 0.090513 0.046119
15 0.685387 0.304274 0.077426 0.064117
15 0.276990 0.165917 0.061069 0.079865
16 0.381134 0.204724 0.053435 0.092238
16 0.755180 0.660855 0.081788 0.052868
17 0.723010 0.380765 0.067612 0.070866
17 0.387132 0.386389 0.047983 0.073116
18 0.757906 0.630484 0.065431 0.043870
18 0.619956 0.786277 0.070883 0.049494
19 0.344602 0.429696 0.054526 0.062992
19 0.446565 0.287402 0.055616 0.070866
20 0.746456 0.393701 0.051254 0.053993
20 0.738822 0.738470 0.053435 0.041620
21 0.535442 0.420135 0.067612 0.043870
21 0.334242 0.091114 0.057797 0.062992
22 0.303708 0.179415 0.081788 0.120360
22 0.751908 0.717660 0.092694 0.112486