0 0.695028 0.061294 0.119337 0.106697
0 0.569061 0.678774 0.070718 0.263337
1 0.874033 0.319523 0.097238 0.121453
1 0.717127 0.094211 0.156906 0.099886
2 0.590608 0.432463 0.160221 0.131669
2 0.695580 0.286039 0.116022 0.165721
3 0.670718 0.412032 0.172376 0.074915
3 0.670718 0.698638 0.108287 0.178207
4 0.733149 0.402384 0.131492 0.107832
4 0.662983 0.670829 0.148066 0.099886
5 0.452486 0.388763 0.096133 0.146425
5 0.843646 0.223610 0.135912 0.054484
6 0.550276 0.337684 0.055249 0.157775
6 0.928729 0.321226 0.118232 0.054484
7 0.469061 0.121453 0.113812 0.102157
7 0.438122 0.181612 0.116022 0.095346
8 0.591713 0.081725 0.080663 0.106697
8 0.900552 0.224745 0.092818 0.079455
9 0.794475 0.532917 0.081768 0.128263
9 0.711602 0.216799 0.110497 0.077185
10 0.504972 0.408627 0.055249 0.122588
10 0.817127 0.197503 0.122652 0.052213
11 0.533702 0.197503 0.099448 0.099886
11 0.857459 0.258797 0.110497 0.043133
12 0.701105 0.553916 0.087293 0.083995
12 0.616575 0.209989 0.059669 0.099886
13 0.558011 0.675369 0.110497 0.052213
13 0.573481 0.135074 0.061878 0.074915
14 0.651934 0.564132 0.039779 0.104427
14 0.732044 0.488649 0.049724 0.098751
15 0.509945 0.726447 0.076243 0.088536
15 0.633149 0.143019 0.081768 0.040863
16 0.732044 0.363791 0.056354 0.094211
16 0.835912 0.324631 0.085083 0.043133
17 0.597238 0.312713 0.069613 0.066969
17 0.804972 0.161748 0.062983 0.064699
18 0.517127 0.276390 0.041989 0.073780
18 0.614365 0.509081 0.070718 0.057889
19 0.592265 0.203746 0.061878 0.046538
19 0.751934 0.168558 0.071823 0.032917
20 0.846961 0.410329 0.056354 0.046538
20 0.517127 0.228717 0.061878 0.041998
21 0.544751 0.126561 0.050829 0.053348
21 0.686188 0.661180 0.066298 0.062429
22 0.706077 0.153235 0.061878 0.129398
23 0.685083 0.150965 0.046409 0.061294