0 0.589520 0.500000 0.113537 0.230321
0 0.461245 0.115889 0.206332 0.129738
1 0.568777 0.143586 0.168122 0.158892
1 0.122817 0.801020 0.175764 0.138484
2 0.323690 0.506560 0.040393 0.220117
2 0.431769 0.791545 0.081878 0.206997
3 0.157751 0.870991 0.092795 0.190962
3 0.328603 0.826531 0.115721 0.139942
4 0.635917 0.322157 0.134279 0.116618
4 0.949782 0.517493 0.048035 0.195335
5 0.640284 0.910350 0.110262 0.126822
5 0.425764 0.525510 0.133188 0.059767
6 0.391921 0.629009 0.106987 0.120991
6 0.817686 0.795190 0.128821 0.062682
7 0.532205 0.134840 0.110262 0.094752
7 0.447052 0.191691 0.116812 0.048105
8 0.365175 0.403790 0.064410 0.128280
8 0.127729 0.885569 0.098253 0.074344
9 0.429585 0.283528 0.090611 0.112245
9 0.506004 0.534985 0.042576 0.142857
10 0.395197 0.429300 0.039301 0.153061
10 0.888100 0.525510 0.099345 0.083090
11 0.346070 0.325802 0.098253 0.100583
11 0.878821 0.366618 0.061135 0.138484
12 0.477074 0.411808 0.091703 0.048105
12 0.460153 0.590379 0.073144 0.081633
13 0.455240 0.566327 0.078603 0.071429
13 0.397380 0.330904 0.087336 0.049563
14 0.911026 0.664723 0.036026 0.122449
14 0.874454 0.563411 0.039301 0.123907
15 0.466703 0.477405 0.073144 0.065598
15 0.350983 0.833819 0.066594 0.084548
16 0.521288 0.367347 0.073144 0.078717
16 0.521834 0.475219 0.050218 0.099125
17 0.376092 0.269679 0.068777 0.052478
17 0.039301 0.868805 0.067686 0.078717
18 0.758188 0.836735 0.040393 0.084548
18 0.699782 0.860787 0.034934 0.086006
19 0.862445 0.616618 0.039301 0.087464
19 0.162664 0.874636 0.030568 0.087464
20 0.472162 0.230321 0.044760 0.061224
20 0.919214 0.479592 0.048035 0.055394
21 0.563865 0.283528 0.046943 0.059767
21 0.494541 0.381195 0.050218 0.056851
22 0.721616 0.862245 0.058952 0.138484
22 0.880459 0.452624 0.116812 0.091837