0 0.674168 0.695455 0.178082 0.090909
0 0.263699 0.703030 0.177104 0.118182
1 0.854697 0.682576 0.192759 0.113636
1 0.219667 0.384848 0.100783 0.181818
2 0.548924 0.612879 0.131115 0.159091
2 0.684932 0.612121 0.150685 0.072727
3 0.274951 0.525000 0.107632 0.137879
3 0.272994 0.640909 0.133072 0.109091
4 0.360568 0.815152 0.059687 0.196970
4 0.424658 0.675758 0.037182 0.233333
5 0.079256 0.259091 0.109589 0.136364
5 0.564579 0.796970 0.146771 0.072727
6 0.384051 0.400758 0.077299 0.153030
6 0.428571 0.899242 0.091977 0.143939
7 0.323386 0.453788 0.047945 0.162121
7 0.371820 0.696970 0.050881 0.166667
8 0.306262 0.162879 0.043053 0.168182
8 0.264677 0.773485 0.087084 0.150000
9 0.416830 0.151515 0.090020 0.145455
9 0.903620 0.656818 0.108611 0.098485
10 0.377202 0.490909 0.102740 0.069697
10 0.906067 0.776515 0.103718 0.086364
11 0.183464 0.791667 0.108611 0.068182
11 0.848337 0.749242 0.121331 0.062121
12 0.320450 0.765909 0.042074 0.143939
12 0.516145 0.486364 0.061644 0.127273
13 0.946673 0.818182 0.079256 0.100000
13 0.265166 0.137879 0.078278 0.103030
14 0.685421 0.787879 0.083170 0.066667
14 0.281311 0.068939 0.081213 0.071212
15 0.348826 0.120455 0.042074 0.116667
15 0.477006 0.649242 0.085127 0.074242
16 0.290607 0.853030 0.080235 0.072727
16 0.357632 0.331818 0.069472 0.084848
17 0.462818 0.466667 0.060665 0.087879
17 0.392368 0.583333 0.037182 0.096970
18 0.771526 0.767424 0.055773 0.089394
18 0.335616 0.301515 0.062622 0.048485
19 0.779843 0.593182 0.066536 0.074242
19 0.709393 0.556061 0.058708 0.084848
20 0.294521 0.301515 0.048924 0.084848
20 0.374266 0.363636 0.044031 0.069697
21 0.562622 0.847727 0.037182 0.092424
21 0.372309 0.255303 0.053816 0.068182
22 0.639432 0.867424 0.122309 0.104545
23 0.345401 0.203788 0.052838 0.046970