0 0.370474 0.153361 0.214485 0.165966
0 0.875348 0.876050 0.204735 0.105042
1 0.465181 0.655987 0.164345 0.200630
1 0.633705 0.874475 0.220056 0.091387
2 0.432451 0.711660 0.118384 0.154412
2 0.706825 0.788340 0.101671 0.087185
3 0.481198 0.569853 0.087744 0.116597
3 0.811281 0.625525 0.132312 0.129202
4 0.839136 0.662815 0.126741 0.155462
4 0.662953 0.551996 0.105850 0.089286
5 0.624652 0.897584 0.132312 0.162815
5 0.098189 0.315126 0.115599 0.161765
6 0.651114 0.683824 0.182451 0.046218
6 0.313370 0.465861 0.083565 0.141807
7 0.843315 0.564076 0.154596 0.067227
7 0.675487 0.836134 0.169916 0.090336
8 0.178969 0.369223 0.135097 0.099790
8 0.562674 0.761029 0.058496 0.133403
9 0.644150 0.798319 0.048747 0.136555
9 0.653900 0.483718 0.110028 0.068277
10 0.454039 0.471113 0.122563 0.078782
10 0.924095 0.883403 0.110028 0.096639
11 0.467967 0.034139 0.139276 0.066176
11 0.580084 0.466387 0.121170 0.098739
12 0.707521 0.720063 0.103064 0.078782
12 0.642061 0.465861 0.125348 0.091387
13 0.797354 0.445378 0.107242 0.075630
13 0.494429 0.106092 0.052925 0.098739
14 0.752786 0.540441 0.112813 0.070378
14 0.410864 0.717962 0.066852 0.078782
15 0.839136 0.432248 0.090529 0.085084
15 0.536908 0.565126 0.082173 0.065126
16 0.830780 0.507878 0.093315 0.061975
16 0.788301 0.820903 0.114206 0.055672
17 0.777159 0.553571 0.103064 0.050420
17 0.600279 0.638655 0.058496 0.079832
18 0.764624 0.714286 0.044568 0.067227
18 0.837047 0.852941 0.111421 0.052521
19 0.763231 0.622374 0.086351 0.057773
19 0.429666 0.138130 0.084958 0.061975
20 0.722841 0.462710 0.058496 0.057773
20 0.648329 0.644433 0.051532 0.059874
21 0.738858 0.667017 0.045961 0.067227
21 0.700557 0.587185 0.066852 0.050420
22 0.327994 0.616597 0.065460 0.140756
23 0.048747 0.215861 0.069638 0.045168