0 0.529457 0.889144 0.268217 0.160550
0 0.393798 0.607034 0.303876 0.070336
1 0.889147 0.428135 0.144186 0.186544
1 0.821705 0.307339 0.065116 0.272171
2 0.617054 0.704893 0.229457 0.155963
2 0.658140 0.146789 0.206202 0.103976
3 0.439535 0.499235 0.175194 0.084098
3 0.308527 0.615443 0.074419 0.194190
4 0.877519 0.273700 0.111628 0.143731
4 0.762016 0.626911 0.190698 0.128440
5 0.382946 0.719419 0.207752 0.074924
5 0.420155 0.465596 0.096124 0.185015
6 0.703101 0.224771 0.181395 0.070336
6 0.421705 0.137615 0.182946 0.116208
7 0.507752 0.288991 0.094574 0.152905
7 0.507752 0.457187 0.110078 0.137615
8 0.309302 0.522171 0.156589 0.084098
8 0.704651 0.398318 0.150388 0.111621
9 0.634109 0.359327 0.117829 0.128440
9 0.483721 0.785933 0.167442 0.061162
10 0.655814 0.698012 0.142636 0.120795
10 0.781395 0.515291 0.105426 0.107034
11 0.772868 0.305046 0.082171 0.136086
11 0.417054 0.456422 0.148837 0.117737
12 0.551163 0.153670 0.113178 0.108563
12 0.645736 0.476300 0.116279 0.090214
13 0.345736 0.262997 0.133333 0.076453
13 0.467442 0.275229 0.137984 0.061162
14 0.734884 0.305810 0.052713 0.116208
14 0.579070 0.399847 0.054264 0.129969
15 0.190698 0.511468 0.055814 0.108563
15 0.711628 0.398318 0.105426 0.081040
16 0.693798 0.333333 0.079070 0.088685
16 0.408527 0.441131 0.048062 0.108563
17 0.322481 0.379969 0.105426 0.056575
17 0.130233 0.525229 0.089922 0.087156
18 0.727907 0.455657 0.079070 0.067278
18 0.680620 0.266820 0.086822 0.050459
19 0.462791 0.233180 0.091473 0.059633
19 0.218605 0.576453 0.096124 0.051988
20 0.772868 0.082569 0.082171 0.058104
20 0.068992 0.550459 0.082171 0.058104
21 0.520930 0.400612 0.058915 0.073394
21 0.538760 0.360092 0.079070 0.059633
22 0.604651 0.253058 0.093023 0.148318
23 0.486047 0.559633 0.082171 0.064220