0 0.388359 0.184127 0.230916 0.193651
0 0.521947 0.865873 0.272901 0.093651
1 0.207061 0.652381 0.276718 0.133333
1 0.559160 0.302381 0.110687 0.239683
2 0.266221 0.155556 0.211832 0.174603
2 0.892176 0.575397 0.173664 0.207937
3 0.120229 0.585714 0.152672 0.196825
3 0.767176 0.575397 0.221374 0.112698
4 0.769084 0.449206 0.236641 0.057143
4 0.722328 0.341270 0.124046 0.190476
5 0.267176 0.771429 0.229008 0.101587
5 0.384542 0.414286 0.104962 0.203175
6 0.657443 0.721429 0.120229 0.173016
6 0.378817 0.659524 0.078244 0.166667
7 0.272901 0.754762 0.076336 0.150794
7 0.704198 0.296825 0.091603 0.158730
8 0.576336 0.572222 0.125954 0.131746
8 0.716603 0.615079 0.150763 0.109524
9 0.816794 0.659524 0.087786 0.153968
9 0.476145 0.752381 0.066794 0.158730
10 0.405534 0.394444 0.150763 0.106349
10 0.367366 0.335714 0.185115 0.055556
11 0.863550 0.737302 0.162214 0.109524
11 0.736641 0.760317 0.083969 0.139683
12 0.255725 0.526190 0.145038 0.084127
12 0.322519 0.204762 0.148855 0.088889
13 0.382634 0.121429 0.101145 0.112698
13 0.330153 0.561111 0.137405 0.058730
14 0.425573 0.703968 0.099237 0.100000
14 0.179389 0.419841 0.145038 0.090476
15 0.541985 0.938889 0.137405 0.052381
15 0.877863 0.656349 0.110687 0.065079
16 0.506679 0.886508 0.124046 0.055556
16 0.189885 0.321429 0.139313 0.049206
17 0.593511 0.770635 0.118321 0.052381
17 0.307252 0.697619 0.080153 0.087302
18 0.482824 0.617460 0.106870 0.057143
18 0.515267 0.743651 0.068702 0.080952
19 0.565840 0.676984 0.082061 0.080952
19 0.720420 0.846825 0.104962 0.055556
20 0.440840 0.752381 0.057252 0.069841
20 0.449427 0.266667 0.066794 0.073016
21 0.203244 0.477778 0.097328 0.050794
21 0.292939 0.835714 0.089695 0.046032
22 0.367366 0.472222 0.181298 0.103175
23 0.321565 0.388095 0.089695 0.061905