0 0.785120 0.483945 0.060074 0.220183
0 0.401571 0.497133 0.150647 0.065367
1 0.872921 0.406537 0.098891 0.175459
1 0.627542 0.057913 0.129390 0.099771
2 0.689464 0.898509 0.044362 0.175459
2 0.785582 0.326261 0.112754 0.127294
3 0.520795 0.168005 0.085952 0.141055
3 0.933457 0.408830 0.066543 0.102064
4 0.864140 0.561353 0.086876 0.136468
4 0.522643 0.391055 0.034196 0.139908
5 0.283272 0.403670 0.098891 0.114679
5 0.934381 0.277523 0.110906 0.075688
6 0.857671 0.203555 0.110906 0.047018
6 0.398336 0.271789 0.060998 0.123853
7 0.393715 0.174312 0.083179 0.073394
7 0.781885 0.680046 0.051756 0.121560
8 0.561460 0.390482 0.071165 0.074541
8 0.602588 0.164564 0.035120 0.108945
9 0.548983 0.142775 0.062847 0.106651
9 0.406192 0.272362 0.091497 0.047018
10 0.704251 0.132454 0.046211 0.118119
10 0.078096 0.526376 0.076710 0.091743
11 0.475508 0.231651 0.093346 0.048165
11 0.821627 0.409404 0.064695 0.098624
12 0.493993 0.330849 0.078558 0.051606
12 0.469039 0.197248 0.078558 0.050459
13 0.662662 0.125573 0.070240 0.074541
13 0.924214 0.324541 0.042514 0.084862
14 0.454251 0.375000 0.071165 0.041284
14 0.852588 0.298165 0.067468 0.077982
15 0.762015 0.282110 0.032348 0.084862
15 0.336414 0.398509 0.029575 0.076835
16 0.687153 0.349771 0.048983 0.075688
16 0.469501 0.439794 0.048059 0.076835
17 0.815157 0.456422 0.051756 0.061927
17 0.411275 0.417431 0.038817 0.073394
18 0.672828 0.247133 0.057301 0.047018
18 0.744917 0.329128 0.042514 0.064220
19 0.694085 0.298165 0.053604 0.043578
19 0.775416 0.459862 0.036969 0.057339
20 0.454251 0.259748 0.041590 0.049312
20 0.797597 0.407110 0.040665 0.043578
21 0.893253 0.407110 0.045287 0.055046
21 0.639556 0.357225 0.031423 0.053899
22 0.590111 0.354358 0.089649 0.057339
22 0.031885 0.581995 0.039741 0.122706