0 0.570312 0.613166 0.104167 0.118607
0 0.479818 0.640370 0.105469 0.092492
1 0.457682 0.728509 0.209635 0.096844
1 0.364583 0.812296 0.166667 0.157780
2 0.431641 0.241023 0.063802 0.149075
2 0.082682 0.208379 0.069010 0.138194
3 0.113281 0.659956 0.072917 0.131665
3 0.597005 0.529924 0.128906 0.128400
4 0.529948 0.663765 0.135417 0.091404
4 0.866536 0.930359 0.162760 0.050054
5 0.104818 0.431991 0.069010 0.143634
5 0.220703 0.081066 0.131510 0.059848
6 0.287760 0.052775 0.151042 0.044614
6 0.209635 0.342220 0.127604 0.057671
7 0.099609 0.124592 0.118490 0.083787
7 0.416667 0.142546 0.138021 0.043526
8 0.256510 0.394450 0.119792 0.068553
8 0.412760 0.898803 0.135417 0.043526
9 0.154948 0.393906 0.093750 0.091404
9 0.468099 0.564744 0.113281 0.076170
10 0.271484 0.674102 0.128906 0.064200
10 0.376953 0.835691 0.110677 0.093580
11 0.811849 0.836779 0.141927 0.052231
11 0.119792 0.313928 0.109375 0.062024
12 0.367188 0.559304 0.080729 0.067465
12 0.358724 0.493471 0.071615 0.077258
13 0.513672 0.539173 0.092448 0.064200
13 0.094401 0.091948 0.076823 0.079434
14 0.388021 0.619695 0.101562 0.051143
14 0.279297 0.736126 0.050781 0.090316
15 0.168620 0.363983 0.082031 0.059848
15 0.419271 0.769314 0.098958 0.045702
16 0.525391 0.831338 0.102865 0.069641
16 0.505859 0.490751 0.087240 0.058760
17 0.235677 0.714908 0.062500 0.069641
17 0.113281 0.281284 0.062500 0.051143
18 0.161458 0.042982 0.075521 0.055495
18 0.418620 0.676823 0.045573 0.063112
19 0.328125 0.538629 0.072917 0.050054
19 0.298828 0.585419 0.069010 0.056583
20 0.339844 0.732318 0.065104 0.045702
20 0.321615 0.476061 0.065104 0.048966
21 0.183594 0.689880 0.046875 0.069641
21 0.300130 0.630577 0.061198 0.048966
22 0.371094 0.089771 0.140625 0.055495