0 0.650407 0.699523 0.299187 0.174881
0 0.491870 0.329889 0.196748 0.138315
1 0.424390 0.565183 0.198374 0.227345
1 0.858537 0.430048 0.143089 0.290938
2 0.208943 0.792528 0.190244 0.147854
2 0.599187 0.689189 0.177236 0.208267
3 0.229268 0.599364 0.133333 0.222576
3 0.540650 0.489666 0.082927 0.241653
4 0.391057 0.822734 0.268293 0.160572
4 0.634959 0.301272 0.138211 0.195548
5 0.440650 0.109698 0.201626 0.178060
5 0.387805 0.414149 0.112195 0.255962
6 0.136585 0.640700 0.110569 0.200318
6 0.344715 0.406995 0.169106 0.108108
7 0.461789 0.163752 0.185366 0.133545
7 0.565041 0.895072 0.186992 0.104928
8 0.831707 0.200318 0.170732 0.124006
8 0.554472 0.186010 0.195122 0.073132
9 0.368293 0.538951 0.186992 0.130366
9 0.688618 0.465819 0.177236 0.095390
10 0.717886 0.421304 0.131707 0.104928
10 0.859350 0.503180 0.183740 0.138315
11 0.441463 0.660572 0.144715 0.119237
11 0.652033 0.259141 0.136585 0.178060
12 0.717073 0.559618 0.078049 0.127186
12 0.404065 0.908585 0.128455 0.096979
13 0.782927 0.410175 0.069919 0.168521
13 0.594309 0.271065 0.147967 0.093800
14 0.457724 0.354531 0.147967 0.076312
14 0.832520 0.367250 0.097561 0.085851
15 0.677236 0.910175 0.160976 0.090620
15 0.464228 0.800477 0.147967 0.093800
16 0.223577 0.428458 0.112195 0.103339
16 0.569919 0.416534 0.053659 0.158983
17 0.791870 0.264706 0.110569 0.077901
17 0.428455 0.741653 0.115447 0.055644
18 0.304065 0.561208 0.104065 0.076312
18 0.554472 0.085851 0.084553 0.063593
19 0.592683 0.837043 0.125203 0.077901
19 0.297561 0.786169 0.126829 0.055644
20 0.726829 0.336248 0.052033 0.081081
20 0.147154 0.494436 0.102439 0.066773
21 0.752033 0.230525 0.089431 0.069952
21 0.460163 0.236884 0.071545 0.092210
22 0.543902 0.464229 0.206504 0.098569
22 0.644715 0.143084 0.121951 0.158983