0 0.827364 0.689474 0.239255 0.242105
0 0.262178 0.132237 0.237822 0.135526
1 0.183381 0.305921 0.214900 0.180263
1 0.393983 0.675658 0.361032 0.072368
2 0.247135 0.387500 0.204871 0.190789
2 0.438395 0.436184 0.197708 0.175000
3 0.650430 0.490789 0.194842 0.105263
3 0.327364 0.129605 0.121777 0.219737
4 0.606734 0.713816 0.184814 0.090789
4 0.600287 0.603289 0.169054 0.082895
5 0.497851 0.905921 0.190544 0.127632
5 0.593840 0.311184 0.110315 0.143421
6 0.190544 0.411184 0.160458 0.156579
6 0.347421 0.196711 0.098854 0.182895
7 0.172636 0.069079 0.127507 0.127632
7 0.910458 0.459868 0.107450 0.159211
8 0.475645 0.578289 0.103152 0.138158
8 0.800860 0.653289 0.071633 0.159211
9 0.533668 0.139474 0.150430 0.113158
9 0.878223 0.577632 0.131805 0.134211
10 0.722779 0.538158 0.104585 0.084211
10 0.446991 0.171711 0.186246 0.059211
11 0.464183 0.419737 0.148997 0.113158
11 0.348854 0.653289 0.078797 0.161842
12 0.483524 0.773684 0.121777 0.113158
12 0.414040 0.153947 0.128940 0.092105
13 0.761461 0.601316 0.093123 0.113158
13 0.328080 0.509868 0.085960 0.109211
14 0.655444 0.279605 0.061605 0.119737
14 0.446991 0.469079 0.088825 0.098684
15 0.883954 0.340132 0.108883 0.088158
15 0.815186 0.440789 0.126074 0.044737
16 0.384670 0.749342 0.130372 0.048684
16 0.587393 0.797368 0.068768 0.121053
17 0.213467 0.540132 0.088825 0.082895
17 0.535100 0.413158 0.095989 0.052632
18 0.162607 0.582237 0.061605 0.096053
18 0.518625 0.332237 0.065903 0.085526
19 0.720630 0.398684 0.045845 0.094737
19 0.367479 0.335526 0.090258 0.055263
20 0.631089 0.119079 0.064470 0.072368
20 0.608883 0.413158 0.057307 0.065789
21 0.375358 0.428289 0.100287 0.043421
21 0.595989 0.585526 0.094556 0.042105
22 0.386103 0.596711 0.150430 0.101316
22 0.346705 0.653289 0.140401 0.132895