0 0.727848 0.509819 0.186257 0.149547
0 0.196203 0.333082 0.215190 0.206949
1 0.465642 0.843656 0.236890 0.240181
1 0.467450 0.873867 0.226040 0.149547
2 0.570524 0.135952 0.211573 0.178248
2 0.833635 0.549849 0.245931 0.172205
3 0.150090 0.558157 0.180832 0.131420
3 0.759494 0.370846 0.329114 0.095166
4 0.683544 0.651057 0.169982 0.265861
4 0.733273 0.675227 0.287523 0.105740
5 0.221519 0.157100 0.247740 0.184290
5 0.800181 0.312689 0.240506 0.117825
6 0.886076 0.549849 0.159132 0.202417
6 0.500000 0.871601 0.139241 0.102719
7 0.650995 0.753021 0.184448 0.155589
7 0.501808 0.211480 0.135624 0.151057
8 0.370705 0.499245 0.133816 0.216012
8 0.581374 0.749245 0.139241 0.184290
9 0.762206 0.195619 0.124774 0.116314
9 0.518083 0.429758 0.157324 0.137462
10 0.294756 0.277946 0.137432 0.166163
10 0.540687 0.317976 0.238698 0.064955
11 0.605787 0.197885 0.162749 0.154079
11 0.878843 0.685801 0.075949 0.193353
12 0.864376 0.449396 0.101266 0.149547
12 0.198011 0.540030 0.175407 0.077039
13 0.311031 0.713746 0.097649 0.137462
13 0.177215 0.775680 0.068716 0.170695
14 0.629295 0.257553 0.180832 0.107251
14 0.351718 0.532477 0.110307 0.137462
15 0.721519 0.604985 0.137432 0.070997
15 0.511754 0.464502 0.083183 0.119335
16 0.621157 0.871601 0.128391 0.111782
16 0.764014 0.645015 0.117541 0.093656
17 0.211573 0.419184 0.108499 0.101208
17 0.734177 0.844411 0.101266 0.117825
18 0.415009 0.175227 0.063291 0.105740
18 0.256781 0.660121 0.079566 0.099698
19 0.533454 0.793807 0.115732 0.052870
19 0.386980 0.348187 0.086799 0.098187
20 0.460217 0.425982 0.074141 0.078550
20 0.339060 0.422961 0.095841 0.069486
21 0.334539 0.384441 0.097649 0.052870
21 0.682640 0.534743 0.063291 0.096677
22 0.302893 0.841390 0.106691 0.138973
22 0.462929 0.582326 0.151899 0.143505