0 0.509595 0.272964 0.200426 0.254766
0 0.447761 0.469671 0.204691 0.201040
1 0.133262 0.371750 0.206823 0.161179
1 0.669510 0.391681 0.162047 0.259965
2 0.235608 0.149913 0.321962 0.143847
2 0.315565 0.181976 0.298507 0.110919
3 0.282516 0.769497 0.104478 0.225303
3 0.139659 0.573657 0.232409 0.121317
4 0.666311 0.663778 0.189765 0.183709
4 0.509595 0.464471 0.162047 0.190641
5 0.847548 0.802426 0.275053 0.086655
5 0.782516 0.561525 0.238806 0.086655
6 0.544776 0.375217 0.125800 0.161179
6 0.169510 0.543328 0.138593 0.188908
7 0.789979 0.721837 0.189765 0.112652
7 0.738806 0.669844 0.215352 0.091854
8 0.300640 0.484402 0.196162 0.109185
8 0.617271 0.871750 0.219616 0.107452
9 0.488273 0.540728 0.106610 0.152513
9 0.754797 0.887348 0.098081 0.131716
10 0.508529 0.792028 0.228145 0.072790
10 0.893390 0.759099 0.115139 0.176776
11 0.162047 0.710572 0.174840 0.103986
11 0.537313 0.811958 0.162047 0.154246
12 0.605544 0.415945 0.098081 0.131716
12 0.404051 0.447140 0.168443 0.072790
13 0.269723 0.655979 0.113006 0.116118
13 0.285714 0.341421 0.136461 0.103986
14 0.331557 0.531196 0.155650 0.088388
14 0.383795 0.828423 0.085288 0.131716
15 0.121535 0.564125 0.093817 0.123050
15 0.793177 0.425477 0.085288 0.168111
16 0.457356 0.715771 0.147122 0.093588
16 0.600213 0.901213 0.100213 0.114385
17 0.708955 0.433276 0.117271 0.086655
17 0.379531 0.758232 0.144989 0.084922
18 0.240938 0.398614 0.068230 0.090121
18 0.756930 0.624783 0.115139 0.060659
19 0.404051 0.108319 0.104478 0.105719
19 0.408316 0.619584 0.091684 0.084922
20 0.266525 0.545061 0.081023 0.071057
20 0.299574 0.421144 0.070362 0.083189
21 0.404051 0.577123 0.117271 0.051993
21 0.549041 0.706239 0.130064 0.053726
22 0.814499 0.604853 0.174840 0.152513
23 0.730277 0.392548 0.087420 0.067591