0 0.368080 0.766434 0.109862 0.130478
0 0.153114 0.155876 0.129758 0.114542
1 0.075260 0.443725 0.107266 0.138446
1 0.451990 0.337649 0.130623 0.067729
2 0.472751 0.334163 0.054498 0.120518
2 0.067907 0.248506 0.099481 0.118526
3 0.238754 0.251494 0.088235 0.102590
3 0.657872 0.949701 0.096021 0.094622
4 0.671280 0.380976 0.100346 0.056773
4 0.702422 0.876992 0.093426 0.058765
5 0.149221 0.251992 0.063149 0.113546
5 0.154844 0.493028 0.039792 0.119522
6 0.872837 0.625000 0.076125 0.058765
6 0.211073 0.150896 0.093426 0.048805
7 0.938149 0.523904 0.037197 0.105578
7 0.338235 0.042829 0.055363 0.087649
8 0.820934 0.202689 0.067474 0.080677
8 0.612889 0.293327 0.089100 0.046813
9 0.898356 0.098108 0.082180 0.062749
9 0.418685 0.226594 0.064014 0.060757
10 0.429931 0.286355 0.041522 0.092629
10 0.326125 0.411853 0.044983 0.090637
11 0.201125 0.372510 0.057958 0.089641
11 0.335208 0.290339 0.044118 0.088645
12 0.614619 0.472610 0.073529 0.042829
12 0.962803 0.286853 0.051903 0.067729
13 0.315744 0.204681 0.058824 0.066733
13 0.259948 0.339143 0.063149 0.060757
14 0.926471 0.261952 0.032872 0.079681
14 0.863322 0.359064 0.060554 0.050797
15 0.838235 0.773904 0.069204 0.057769
15 0.257353 0.111554 0.061419 0.049801
16 0.273789 0.373008 0.054498 0.052789
16 0.817907 0.248506 0.064879 0.048805
17 0.387111 0.278386 0.037197 0.062749
17 0.293253 0.722112 0.057093 0.035857
18 0.106834 0.447211 0.037197 0.051793
18 0.105536 0.299303 0.034602 0.060757
19 0.709343 0.833167 0.048443 0.050797
19 0.650087 0.135458 0.054498 0.041833
20 0.301903 0.294323 0.036332 0.046813
20 0.381920 0.423805 0.045848 0.040837
21 0.351644 0.344124 0.035467 0.052789
21 0.351644 0.213147 0.030277 0.049801
22 0.812716 0.057769 0.094291 0.063745
22 0.521194 0.379482 0.054498 0.095618