0 0.808219 0.484909 0.227397 0.136821
0 0.678767 0.316901 0.187671 0.239437
1 0.551370 0.432596 0.127397 0.285714
1 0.607534 0.201207 0.160274 0.144869
2 0.606164 0.883300 0.138356 0.148893
2 0.721233 0.359155 0.236986 0.126761
3 0.740411 0.774648 0.094521 0.265594
3 0.339726 0.353119 0.161644 0.154930
4 0.602740 0.525151 0.147945 0.217304
4 0.254110 0.510060 0.094521 0.215292
5 0.884932 0.650905 0.134247 0.275654
5 0.935616 0.647887 0.090411 0.148893
6 0.763014 0.710262 0.131507 0.237425
6 0.347260 0.569416 0.086301 0.160966
7 0.179452 0.359155 0.098630 0.227364
7 0.267123 0.302817 0.112329 0.138833
8 0.445205 0.133803 0.136986 0.142857
8 0.689726 0.312877 0.113699 0.094567
9 0.263699 0.288732 0.146575 0.179074
9 0.669178 0.787726 0.080822 0.162978
10 0.485616 0.856137 0.072603 0.195171
10 0.510959 0.293763 0.095890 0.233400
11 0.445205 0.607646 0.093151 0.116700
11 0.106164 0.324950 0.143836 0.150905
12 0.547945 0.684105 0.126027 0.100604
12 0.489726 0.367203 0.058904 0.191147
13 0.382877 0.414487 0.105479 0.124748
13 0.741781 0.481891 0.135616 0.074447
14 0.433562 0.238431 0.130137 0.074447
14 0.444521 0.255533 0.086301 0.156942
15 0.345205 0.432596 0.079452 0.136821
15 0.186986 0.494970 0.045205 0.173038
16 0.448630 0.381288 0.045205 0.179074
16 0.828082 0.686117 0.056164 0.120724
17 0.466438 0.534205 0.110959 0.066398
17 0.667123 0.510060 0.093151 0.074447
18 0.799315 0.698189 0.064384 0.096579
18 0.775342 0.603622 0.063014 0.100604
19 0.621233 0.706237 0.045205 0.132797
19 0.383562 0.588531 0.071233 0.054326
20 0.404110 0.288732 0.054795 0.078471
20 0.773973 0.620724 0.057534 0.066398
21 0.795205 0.537223 0.056164 0.088531
21 0.617808 0.461771 0.065753 0.110664
22 0.450685 0.703219 0.161644 0.118712
22 0.669178 0.807847 0.110959 0.114688