0 0.794842 0.546386 0.222743 0.102410
0 0.609027 0.287349 0.106682 0.222892
1 0.681125 0.179518 0.201641 0.146988
1 0.544549 0.737952 0.083236 0.213253
2 0.685229 0.673494 0.092614 0.171084
2 0.453107 0.727108 0.106682 0.160241
3 0.762603 0.403012 0.062134 0.165060
3 0.705158 0.237349 0.118406 0.151807
4 0.386870 0.254217 0.077374 0.154217
4 0.579132 0.335542 0.110199 0.138554
5 0.620750 0.216867 0.146542 0.081928
5 0.815944 0.396988 0.143025 0.080723
6 0.555686 0.705422 0.147714 0.078313
6 0.934349 0.487349 0.072685 0.155422
7 0.296014 0.292169 0.083236 0.128916
7 0.444900 0.716867 0.078546 0.134940
8 0.716295 0.472289 0.126612 0.077108
8 0.517585 0.154217 0.141852 0.045783
9 0.354045 0.765663 0.096131 0.114458
9 0.868699 0.542169 0.079719 0.134940
10 0.916178 0.375301 0.104338 0.114458
10 0.562134 0.558434 0.111372 0.078313
11 0.097890 0.330120 0.097304 0.130120
11 0.155334 0.051807 0.155920 0.072289
12 0.635404 0.904217 0.079719 0.107229
12 0.580891 0.938554 0.073857 0.115663
13 0.513482 0.523494 0.067995 0.095181
13 0.660023 0.840964 0.107855 0.043373
14 0.628957 0.784940 0.076202 0.095181
14 0.698124 0.392169 0.071512 0.085542
15 0.283705 0.740964 0.089097 0.069880
15 0.747362 0.630723 0.059789 0.095181
16 0.861079 0.311446 0.101993 0.046988
16 0.653576 0.293976 0.097304 0.048193
17 0.653576 0.603012 0.073857 0.059036
17 0.079132 0.260241 0.087925 0.048193
18 0.917351 0.544578 0.050410 0.077108
18 0.538101 0.209639 0.044549 0.077108
19 0.508792 0.628313 0.049238 0.073494
19 0.856389 0.358434 0.069168 0.061446
20 0.743259 0.557229 0.051583 0.059036
20 0.668816 0.790964 0.059789 0.042169
21 0.636577 0.657831 0.046893 0.065060
21 0.597304 0.258434 0.062134 0.046988
22 0.815944 0.443373 0.098476 0.120482
22 0.339390 0.218675 0.104338 0.119277