0 0.508929 0.445055 0.181548 0.113553
0 0.377232 0.086691 0.224702 0.119658
1 0.118304 0.341270 0.138393 0.172161
1 0.379464 0.159951 0.214286 0.105006
2 0.200893 0.696581 0.154762 0.123321
2 0.398810 0.684982 0.119048 0.136752
3 0.395089 0.693529 0.117560 0.136752
3 0.528274 0.213065 0.163690 0.076923
4 0.806548 0.498779 0.104167 0.133089
4 0.540923 0.206349 0.114583 0.124542
5 0.196429 0.372405 0.068452 0.136752
5 0.277530 0.271062 0.105655 0.114774
6 0.504464 0.345543 0.142857 0.065934
6 0.467262 0.419414 0.130952 0.086691
7 0.137649 0.268620 0.061012 0.122100
7 0.707589 0.508547 0.135417 0.054945
8 0.500000 0.310134 0.104167 0.083028
8 0.254464 0.564713 0.086310 0.098901
9 0.306548 0.664835 0.125000 0.064713
9 0.238095 0.692308 0.119048 0.092796
10 0.874256 0.933455 0.141369 0.081807
10 0.551339 0.503053 0.049107 0.109890
11 0.642857 0.810134 0.125000 0.089133
11 0.319196 0.376068 0.055060 0.107448
12 0.595982 0.471306 0.046131 0.097680
12 0.649554 0.452381 0.084821 0.084249
13 0.375000 0.464591 0.110119 0.042735
13 0.404018 0.540904 0.072917 0.080586
14 0.238095 0.618437 0.110119 0.047619
14 0.468750 0.300977 0.095238 0.054945
15 0.352679 0.142247 0.083333 0.069597
15 0.398065 0.345543 0.058036 0.080586
16 0.310268 0.578144 0.099702 0.050061
16 0.497768 0.490232 0.046131 0.079365
17 0.231399 0.725885 0.075893 0.057387
17 0.329613 0.703907 0.087798 0.037851
18 0.431548 0.033578 0.086310 0.047619
18 0.703125 0.374847 0.058036 0.068376
19 0.901042 0.406593 0.072917 0.063492
19 0.459821 0.573871 0.068452 0.058608
20 0.802083 0.412088 0.062500 0.057387
20 0.311012 0.302808 0.041667 0.053724
21 0.366071 0.288156 0.080357 0.039072
21 0.318452 0.371184 0.083333 0.031746
22 0.252232 0.765568 0.120536 0.063492
22 0.819196 0.326007 0.147321 0.058608