0 0.605472 0.312241 0.100714 0.159751
0 0.410785 0.717324 0.122125 0.108921
1 0.167328 0.871369 0.063442 0.165975
1 0.469865 0.800311 0.135607 0.059129
2 0.261697 0.913900 0.074544 0.120332
2 0.933783 0.239627 0.102300 0.089212
3 0.195083 0.814315 0.038065 0.143154
3 0.740682 0.329357 0.103093 0.079876
4 0.415940 0.632261 0.088025 0.077801
4 0.529738 0.229772 0.060270 0.129668
5 0.590404 0.412344 0.072165 0.113071
5 0.567407 0.059647 0.048374 0.092324
6 0.379461 0.851141 0.086439 0.075726
6 0.434179 0.679461 0.053132 0.105809
7 0.036479 0.901971 0.031721 0.115145
7 0.542427 0.736515 0.031721 0.105809
8 0.078509 0.839730 0.053925 0.104772
8 0.411975 0.561722 0.032514 0.102697
9 0.608644 0.540975 0.035686 0.104772
9 0.442506 0.907676 0.077716 0.066390
10 0.150278 0.904564 0.067407 0.087137
10 0.383029 0.687759 0.072958 0.060166
11 0.635607 0.113589 0.054718 0.081950
11 0.483743 0.640560 0.036479 0.094398
12 0.567010 0.623963 0.036479 0.081950
12 0.524187 0.630187 0.031721 0.081950
13 0.395718 0.761929 0.030135 0.086100
13 0.603093 0.641598 0.034100 0.081950
14 0.512688 0.673755 0.053132 0.054979
14 0.482157 0.849585 0.057098 0.037344
15 0.453608 0.835581 0.047581 0.069502
15 0.363204 0.696058 0.038065 0.078838
16 0.627280 0.235477 0.041237 0.068465
16 0.512292 0.893154 0.052339 0.070539
17 0.377875 0.623444 0.040444 0.062241
17 0.487708 0.070539 0.033307 0.060166
18 0.219270 0.804461 0.037272 0.059129
18 0.655432 0.271784 0.034100 0.058091
19 0.548771 0.535270 0.044409 0.049793
19 0.495638 0.714212 0.030135 0.057054
20 0.576923 0.690353 0.026170 0.052905
20 0.519826 0.744295 0.032514 0.044606
21 0.570975 0.566390 0.026963 0.053942
21 0.516257 0.707988 0.023791 0.050830
22 0.580888 0.745332 0.070579 0.088174
23 0.380254 0.807573 0.042030 0.036307