0 0.669811 0.605876 0.077358 0.170213
0 0.310377 0.768490 0.050943 0.148936
1 0.329245 0.455420 0.120755 0.108409
1 0.817925 0.378419 0.130189 0.106383
2 0.564623 0.096758 0.038679 0.171226
2 0.613679 0.614488 0.050000 0.140831
3 0.766038 0.121074 0.150943 0.057751
3 0.063679 0.771530 0.059434 0.122594
4 0.442925 0.633739 0.044340 0.112462
4 0.446226 0.297872 0.060377 0.137791
5 0.541038 0.414387 0.091509 0.093212
5 0.365566 0.568896 0.076415 0.088146
6 0.491038 0.355117 0.057547 0.096251
6 0.186321 0.556738 0.048113 0.128673
7 0.704717 0.520770 0.105660 0.046606
7 0.634906 0.745694 0.109434 0.036474
8 0.517453 0.600304 0.061321 0.096251
8 0.716038 0.558764 0.071698 0.061803
9 0.587264 0.566869 0.097170 0.069909
9 0.376415 0.357143 0.077358 0.088146
10 0.393396 0.467072 0.071698 0.101317
10 0.076887 0.870821 0.074528 0.071935
11 0.617453 0.680344 0.083962 0.057751
11 0.198113 0.849037 0.043396 0.079027
12 0.763679 0.209726 0.059434 0.085106
12 0.341981 0.660588 0.040566 0.070922
13 0.842925 0.263931 0.091509 0.035461
13 0.103774 0.753293 0.054717 0.043566
14 0.553774 0.502026 0.039623 0.069909
14 0.519340 0.618541 0.050000 0.063830
15 0.345283 0.541540 0.064151 0.055724
15 0.611321 0.308511 0.045283 0.065856
16 0.580660 0.417427 0.078302 0.050659
16 0.373113 0.338399 0.059434 0.070922
17 0.417925 0.686424 0.039623 0.061803
17 0.920283 0.520263 0.034906 0.075988
18 0.945283 0.550659 0.050943 0.057751
18 0.470283 0.548632 0.034906 0.059777
19 0.694340 0.581560 0.050943 0.052685
19 0.369340 0.757345 0.033019 0.049645
20 0.269811 0.955927 0.047170 0.043566
20 0.418396 0.605370 0.050000 0.033435
21 0.478302 0.584093 0.047170 0.033435
21 0.775000 0.308511 0.046226 0.051672
22 0.608019 0.356636 0.093396 0.052685
23 0.334906 0.347011 0.033962 0.047619