0 0.370115 0.883510 0.098851 0.169440
0 0.437931 0.438729 0.098851 0.121029
1 0.452299 0.748109 0.166667 0.122542
1 0.281609 0.560514 0.128736 0.122542
2 0.521264 0.684569 0.104598 0.113464
2 0.151149 0.386536 0.118391 0.104387
3 0.159770 0.319213 0.144828 0.081694
3 0.151149 0.066566 0.145977 0.072617
4 0.182184 0.772315 0.104598 0.098336
4 0.394828 0.372920 0.072414 0.098336
5 0.191379 0.696672 0.118391 0.107413
5 0.308621 0.348714 0.040230 0.186082
6 0.279885 0.189864 0.037931 0.161876
6 0.520115 0.816944 0.125287 0.084720
7 0.051149 0.315431 0.056322 0.143722
7 0.217241 0.222390 0.108046 0.057489
8 0.237931 0.127837 0.091954 0.092284
8 0.249425 0.703480 0.062069 0.136157
9 0.335632 0.140696 0.103448 0.054463
9 0.417241 0.737519 0.062069 0.167927
10 0.193103 0.156581 0.073563 0.125567
10 0.244253 0.621785 0.086207 0.118003
11 0.273563 0.826778 0.103448 0.086233
11 0.407471 0.226929 0.083908 0.084720
12 0.366092 0.282905 0.081609 0.057489
12 0.408621 0.748109 0.090805 0.059002
13 0.121264 0.465961 0.063218 0.111952
13 0.957471 0.145991 0.066667 0.110439
14 0.091379 0.255673 0.063218 0.105900
14 0.344828 0.419818 0.062069 0.089259
15 0.335632 0.744327 0.055172 0.096823
15 0.279885 0.396369 0.042529 0.096823
16 0.232184 0.486384 0.062069 0.086233
16 0.493678 0.431165 0.037931 0.099849
17 0.389655 0.482602 0.064368 0.054463
17 0.615517 0.822239 0.072414 0.059002
18 0.232759 0.378215 0.063218 0.057489
18 0.347701 0.569592 0.044828 0.080182
19 0.117816 0.222390 0.056322 0.066566
19 0.247126 0.301815 0.055172 0.065053
20 0.331609 0.680787 0.042529 0.063540
20 0.151724 0.167171 0.045977 0.052950
21 0.383333 0.540847 0.047126 0.068079
21 0.414368 0.549168 0.047126 0.069592
22 0.432759 0.273828 0.079310 0.124054
23 0.555172 0.720121 0.039080 0.084720