0 0.538348 0.863636 0.271386 0.144628
0 0.423304 0.786157 0.094395 0.307851
1 0.697640 0.651860 0.168142 0.291322
1 0.341445 0.178719 0.299410 0.092975
2 0.838496 0.500000 0.231563 0.128099
2 0.318584 0.585744 0.218289 0.138430
3 0.075221 0.476240 0.070796 0.299587
3 0.426254 0.510331 0.209440 0.107438
4 0.457227 0.250000 0.070796 0.301653
4 0.459440 0.775826 0.143068 0.204545
5 0.601032 0.280992 0.078171 0.297521
5 0.614307 0.799587 0.148968 0.185950
6 0.164454 0.676653 0.069322 0.250000
6 0.399705 0.659091 0.129794 0.223140
7 0.729351 0.450413 0.069322 0.231405
7 0.339233 0.329545 0.103245 0.221074
8 0.239676 0.504132 0.101770 0.181818
8 0.489676 0.552686 0.050147 0.216942
9 0.204277 0.767562 0.048673 0.237603
9 0.123156 0.473140 0.066372 0.219008
10 0.435103 0.761364 0.153392 0.130165
10 0.699115 0.852273 0.159292 0.076446
11 0.382743 0.878099 0.104720 0.152893
11 0.240413 0.735537 0.147493 0.070248
12 0.656342 0.405992 0.056047 0.188017
12 0.696903 0.768595 0.107670 0.123967
13 0.347345 0.429752 0.122419 0.099174
13 0.848083 0.723140 0.058997 0.165289
14 0.146018 0.456612 0.115044 0.074380
14 0.418142 0.324380 0.131268 0.095041
15 0.532448 0.421488 0.067847 0.161157
15 0.786873 0.524793 0.075221 0.148760
16 0.336283 0.285124 0.112094 0.078512
16 0.907080 0.696281 0.044248 0.169421
17 0.280236 0.121901 0.073746 0.128099
17 0.374631 0.590909 0.044248 0.136364
18 0.318584 0.838843 0.061947 0.123967
18 0.553097 0.627066 0.056047 0.130165
19 0.262537 0.772727 0.085546 0.074380
19 0.557522 0.631198 0.082596 0.068182
20 0.576696 0.751033 0.073746 0.064050
20 0.868732 0.477273 0.079646 0.070248
21 0.265487 0.689050 0.079646 0.059917
21 0.780973 0.720041 0.084071 0.064050
22 0.207965 0.444215 0.076696 0.227273
22 0.913717 0.729339 0.131268 0.111570