0 0.506369 0.809353 0.235669 0.148201
0 0.793631 0.292086 0.242038 0.089209
1 0.596815 0.365468 0.070064 0.258993
1 0.477707 0.743885 0.234395 0.129496
2 0.525478 0.856115 0.161783 0.166906
2 0.524204 0.670504 0.200000 0.063309
3 0.645860 0.423022 0.175796 0.080576
3 0.542038 0.089209 0.189809 0.074820
4 0.649682 0.624460 0.071338 0.187050
4 0.545223 0.284173 0.183439 0.053237
5 0.790446 0.732374 0.077707 0.187050
5 0.500000 0.710072 0.113376 0.168345
6 0.820382 0.604317 0.076433 0.172662
6 0.342675 0.529496 0.135032 0.117986
7 0.077707 0.243165 0.101911 0.161151
7 0.450318 0.574820 0.133758 0.061871
8 0.665605 0.302158 0.070064 0.138129
8 0.248408 0.236691 0.081529 0.159712
9 0.318471 0.397842 0.101911 0.139568
9 0.405732 0.245324 0.105732 0.136691
10 0.780255 0.255396 0.064968 0.165468
10 0.283439 0.354676 0.098089 0.142446
11 0.765605 0.587050 0.096815 0.109353
11 0.525478 0.610791 0.136306 0.053237
12 0.556051 0.538849 0.100637 0.082014
12 0.671338 0.508633 0.050955 0.122302
13 0.497452 0.382734 0.067516 0.117986
13 0.870701 0.653237 0.059873 0.126619
14 0.432484 0.143885 0.110828 0.051799
14 0.590446 0.080576 0.064968 0.112230
15 0.283439 0.478417 0.100637 0.064748
15 0.450955 0.740288 0.081529 0.096403
16 0.800637 0.428777 0.098089 0.063309
16 0.201274 0.210791 0.089172 0.067626
17 0.247771 0.600719 0.062420 0.102158
17 0.943949 0.628058 0.053503 0.102158
18 0.484713 0.120863 0.077707 0.057554
18 0.573885 0.951079 0.087898 0.063309
19 0.290446 0.620144 0.050955 0.089209
19 0.905732 0.618705 0.050955 0.094964
20 0.628662 0.799281 0.070064 0.064748
20 0.512102 0.501439 0.048408 0.070504
21 0.825478 0.179856 0.053503 0.089209
21 0.626752 0.202878 0.076433 0.054676
22 0.380892 0.523022 0.150318 0.073381
23 0.735032 0.362590 0.063694 0.051799