0 0.245506 0.742965 0.115730 0.111472
0 0.556180 0.548160 0.060674 0.206710
1 0.293820 0.650433 0.162921 0.088745
1 0.324719 0.757035 0.116854 0.180736
2 0.469663 0.663420 0.168539 0.069264
2 0.361236 0.387446 0.100000 0.181818
3 0.392135 0.404762 0.170787 0.045455
3 0.480337 0.712662 0.142697 0.111472
4 0.400000 0.814394 0.103371 0.137446
4 0.450000 0.516234 0.115730 0.110390
5 0.283146 0.801407 0.083146 0.148268
5 0.364045 0.331710 0.074157 0.133117
6 0.496067 0.861472 0.147191 0.036797
6 0.502809 0.761905 0.057303 0.132035
7 0.444944 0.359307 0.085393 0.069264
7 0.607865 0.624459 0.101124 0.097403
8 0.361236 0.712662 0.104494 0.087662
8 0.497191 0.830628 0.126966 0.035714
9 0.387640 0.465909 0.056180 0.124459
9 0.338764 0.747294 0.068539 0.115801
10 0.392135 0.672619 0.083146 0.113636
10 0.278090 0.562771 0.079775 0.064935
11 0.541011 0.698593 0.126966 0.040043
11 0.446067 0.537338 0.107865 0.070346
12 0.280899 0.475649 0.033708 0.102814
12 0.339326 0.574675 0.056180 0.095238
13 0.194382 0.939935 0.098876 0.081169
13 0.499438 0.384740 0.046067 0.111472
14 0.435955 0.596861 0.049438 0.089827
14 0.471910 0.755952 0.083146 0.063853
15 0.348315 0.234848 0.051685 0.088745
15 0.469101 0.590368 0.034831 0.079004
16 0.066854 0.955628 0.084270 0.062771
16 0.342135 0.591450 0.066292 0.057359
17 0.324719 0.506494 0.067416 0.058442
17 0.541573 0.511364 0.069663 0.063853
18 0.510112 0.562771 0.051685 0.058442
18 0.467416 0.690476 0.042697 0.054113
19 0.954494 0.040043 0.059551 0.069264
19 0.541011 0.661255 0.057303 0.051948
20 0.483146 0.324134 0.038202 0.048701
20 0.616854 0.257035 0.033708 0.059524
21 0.434270 0.469156 0.057303 0.046537
21 0.314607 0.331169 0.051685 0.058442
22 0.597191 0.565476 0.061798 0.100649
22 0.400000 0.573593 0.062921 0.121212