0 0.802968 0.545824 0.127943 0.198376
0 0.281474 0.647332 0.114637 0.248260
1 0.696520 0.654872 0.142272 0.147332
1 0.330604 0.809745 0.202661 0.088167
2 0.331116 0.294664 0.113613 0.160093
2 0.338792 0.901972 0.131013 0.138051
3 0.260491 0.805104 0.089048 0.190255
3 0.828557 0.679814 0.175026 0.090487
4 0.688843 0.168213 0.081883 0.153132
4 0.649949 0.104408 0.059365 0.174014
5 0.559365 0.255800 0.105425 0.147332
5 0.156090 0.633411 0.062436 0.185615
6 0.537359 0.263341 0.106448 0.129930
6 0.696520 0.640371 0.091095 0.143852
7 0.500512 0.849768 0.135107 0.082367
7 0.564483 0.767981 0.097236 0.118329
8 0.820880 0.107309 0.145343 0.073086
8 0.085977 0.617169 0.112590 0.106729
9 0.872057 0.433875 0.131013 0.053364
9 0.273797 0.392111 0.068577 0.078886
10 0.299898 0.475638 0.112590 0.083527
10 0.340328 0.305104 0.121801 0.064965
11 0.438076 0.501740 0.038895 0.138051
11 0.530194 0.568445 0.124872 0.048724
12 0.385875 0.454756 0.083930 0.088167
12 0.323951 0.695476 0.093142 0.091647
13 0.416581 0.291763 0.073695 0.093968
13 0.407369 0.643271 0.088025 0.073086
14 0.197544 0.533643 0.096213 0.064965
14 0.651484 0.673434 0.066530 0.093968
15 0.204197 0.592807 0.087001 0.051044
15 0.616172 0.105568 0.067554 0.088167
16 0.213408 0.652552 0.066530 0.098608
16 0.225179 0.656032 0.096213 0.054524
17 0.919652 0.127030 0.082907 0.075406
17 0.125384 0.667633 0.068577 0.084687
18 0.347492 0.905452 0.060389 0.080046
18 0.703173 0.716357 0.067554 0.049884
19 0.634084 0.535963 0.046059 0.081206
19 0.322927 0.639211 0.035824 0.081206
20 0.198567 0.716937 0.053224 0.053364
20 0.243603 0.459397 0.053224 0.062645
21 0.519447 0.617749 0.068577 0.059165
21 0.357728 0.613689 0.037871 0.071926
22 0.401228 0.534223 0.040942 0.147332
22 0.320368 0.241299 0.075742 0.120650