0 0.446677 0.422658 0.083462 0.348584
0 0.659969 0.776688 0.268934 0.119826
1 0.805255 0.440087 0.222566 0.226580
1 0.157651 0.408497 0.213292 0.215686
2 0.837713 0.247277 0.151468 0.172113
2 0.522411 0.191721 0.197836 0.095861
3 0.672334 0.910675 0.194745 0.135076
3 0.768934 0.105664 0.171561 0.128540
4 0.190108 0.244009 0.139104 0.213508
4 0.334621 0.413943 0.177743 0.091503
5 0.191654 0.561002 0.148377 0.128540
5 0.166151 0.399782 0.162287 0.189542
6 0.598918 0.209150 0.143740 0.122004
6 0.383308 0.764706 0.154560 0.108932
7 0.897991 0.749455 0.126739 0.187364
7 0.372488 0.087146 0.154560 0.108932
8 0.306028 0.543573 0.098918 0.163399
8 0.598145 0.908497 0.139104 0.122004
9 0.701700 0.325708 0.074189 0.189542
9 0.350077 0.218954 0.091190 0.193900
10 0.390263 0.612200 0.054096 0.196078
10 0.816847 0.601307 0.143740 0.100218
11 0.244977 0.311547 0.106646 0.165577
11 0.310665 0.806100 0.102009 0.130719
12 0.783617 0.363834 0.117465 0.087146
12 0.329212 0.569717 0.108192 0.084967
13 0.528594 0.529412 0.071097 0.148148
13 0.538640 0.784314 0.094281 0.087146
14 0.938176 0.404139 0.092736 0.159041
14 0.721020 0.683007 0.100464 0.106754
15 0.398764 0.897603 0.095827 0.095861
15 0.465224 0.728758 0.080371 0.124183
16 0.742658 0.489107 0.106646 0.089325
16 0.404946 0.273420 0.058733 0.141612
17 0.741886 0.635076 0.080371 0.106754
17 0.551777 0.864924 0.071097 0.104575
18 0.542504 0.691721 0.083462 0.084967
18 0.556414 0.375817 0.077280 0.093682
19 0.634467 0.661220 0.085008 0.076253
19 0.591963 0.495643 0.071097 0.080610
20 0.489954 0.260349 0.061824 0.089325
20 0.856260 0.434641 0.074189 0.076253
21 0.538640 0.285403 0.069552 0.082789
21 0.479907 0.467320 0.054096 0.102397
22 0.582689 0.444444 0.105100 0.178649
23 0.862442 0.850763 0.086553 0.089325