0 0.545531 0.878216 0.284992 0.150943
0 0.420742 0.686106 0.338954 0.133791
1 0.683811 0.410806 0.082631 0.331046
1 0.410624 0.753002 0.133221 0.185249
2 0.202361 0.427101 0.128162 0.181818
2 0.701518 0.264151 0.175379 0.188679
3 0.322934 0.134648 0.146712 0.111492
3 0.277403 0.331046 0.123103 0.188679
4 0.240304 0.665523 0.099494 0.226415
4 0.390388 0.233276 0.119730 0.085763
5 0.517707 0.773585 0.185497 0.099485
5 0.605396 0.174099 0.205734 0.063465
6 0.382799 0.188679 0.182125 0.096055
6 0.700675 0.662950 0.109612 0.097770
7 0.896290 0.402230 0.116358 0.118353
7 0.705734 0.176672 0.136594 0.147513
8 0.795953 0.602916 0.165261 0.090909
8 0.784992 0.689537 0.065767 0.178388
9 0.144182 0.632933 0.048904 0.171527
9 0.567454 0.291595 0.086003 0.096055
10 0.311973 0.656089 0.121417 0.132075
10 0.689713 0.330189 0.188870 0.066895
11 0.516863 0.271012 0.109612 0.157804
11 0.693929 0.791595 0.136594 0.142367
12 0.397976 0.470840 0.128162 0.073756
12 0.823777 0.484563 0.059022 0.138937
13 0.320405 0.552316 0.134907 0.089194
13 0.660202 0.670669 0.086003 0.130360
14 0.381956 0.393654 0.062395 0.135506
14 0.428331 0.783877 0.084317 0.120069
15 0.575885 0.426244 0.075885 0.114923
15 0.763069 0.280446 0.119730 0.070326
16 0.607083 0.634648 0.050590 0.102916
16 0.582631 0.590909 0.136594 0.084048
17 0.091906 0.664666 0.092749 0.087479
17 0.752951 0.530875 0.096121 0.063465
18 0.505059 0.268439 0.086003 0.084048
18 0.206577 0.621784 0.055649 0.094340
19 0.749578 0.465695 0.102867 0.066895
19 0.540472 0.537736 0.059022 0.087479
20 0.338111 0.271012 0.065767 0.065180
20 0.322934 0.360206 0.075885 0.051458
21 0.444351 0.450257 0.079258 0.060034
21 0.626476 0.457976 0.059022 0.078902
22 0.177909 0.595197 0.052277 0.185249
23 0.525295 0.427101 0.055649 0.085763