0 0.141667 0.496100 0.090476 0.324493
0 0.538095 0.689548 0.111905 0.296412
1 0.766667 0.225429 0.145238 0.110764
1 0.875000 0.534321 0.171429 0.145086
2 0.049405 0.526521 0.089286 0.229329
2 0.261905 0.617785 0.116667 0.140406
3 0.600595 0.306552 0.089286 0.132605
3 0.355952 0.225429 0.180952 0.085803
4 0.251786 0.265991 0.067857 0.210608
4 0.458929 0.921997 0.170238 0.084243
5 0.419048 0.174727 0.154762 0.090484
5 0.535119 0.879095 0.165476 0.126365
6 0.470238 0.660686 0.164286 0.073323
6 0.414286 0.157566 0.116667 0.171607
7 0.682143 0.251950 0.097619 0.163807
7 0.746429 0.294852 0.133333 0.081123
8 0.591667 0.594384 0.111905 0.143526
8 0.479167 0.858034 0.103571 0.109204
9 0.224405 0.185647 0.134524 0.109204
9 0.323214 0.393136 0.063095 0.187207
10 0.343452 0.279251 0.141667 0.071763
10 0.791071 0.358814 0.091667 0.174727
11 0.402381 0.453978 0.119048 0.118565
11 0.227381 0.525741 0.121429 0.065523
12 0.386310 0.347894 0.051190 0.149766
12 0.926786 0.161466 0.041667 0.160686
13 0.746429 0.421997 0.073810 0.135725
13 0.487500 0.648206 0.051190 0.135725
14 0.848214 0.436037 0.041667 0.148206
14 0.389286 0.849454 0.088095 0.107644
15 0.954167 0.085023 0.044048 0.138846
15 0.511905 0.238690 0.102381 0.059282
16 0.722619 0.512480 0.076190 0.104524
16 0.852976 0.314353 0.098810 0.067083
17 0.688690 0.436037 0.067857 0.101404
17 0.786310 0.421997 0.070238 0.095164
18 0.616071 0.704368 0.041667 0.110764
18 0.314286 0.219969 0.040476 0.109204
19 0.712500 0.284711 0.065476 0.095164
19 0.707143 0.600624 0.052381 0.093604
20 0.436905 0.700468 0.066667 0.053042
20 0.875595 0.267551 0.067857 0.054602
21 0.772024 0.372855 0.060714 0.053042
21 0.465476 0.779251 0.073810 0.054602
22 0.179167 0.723089 0.110714 0.126365
23 0.475000 0.524181 0.066667 0.074883