0 0.162447 0.555932 0.056962 0.216949
0 0.054852 0.823164 0.065401 0.213559
1 0.440401 0.505650 0.104430 0.204520
1 0.523734 0.320904 0.081224 0.176271
2 0.875000 0.349153 0.117089 0.137853
2 0.488397 0.140113 0.078059 0.142373
3 0.543249 0.271186 0.139241 0.067797
3 0.891878 0.460452 0.150844 0.046328
4 0.713608 0.628814 0.152954 0.053107
4 0.681435 0.083616 0.048523 0.158192
5 0.849684 0.263277 0.119198 0.079096
5 0.846519 0.256497 0.036920 0.140113
6 0.532173 0.524294 0.087553 0.115254
6 0.320675 0.622599 0.105485 0.074576
7 0.296414 0.441808 0.126582 0.040678
7 0.633966 0.432203 0.054852 0.077966
8 0.652954 0.285876 0.099156 0.063277
8 0.648734 0.250847 0.052743 0.126554
9 0.764241 0.285876 0.085443 0.088136
9 0.922996 0.198870 0.082278 0.051977
10 0.757911 0.567232 0.091772 0.097175
10 0.391350 0.668927 0.050633 0.122034
11 0.574367 0.526554 0.083333 0.094915
11 0.091245 0.942373 0.119198 0.063277
12 0.164030 0.777966 0.041139 0.093785
12 0.309072 0.358192 0.075949 0.070056
13 0.359177 0.306780 0.072785 0.080226
13 0.364451 0.447458 0.051688 0.101695
14 0.327532 0.288701 0.041139 0.093785
14 0.641350 0.375141 0.071730 0.049718
15 0.525316 0.187006 0.061181 0.048588
15 0.434072 0.629379 0.039030 0.085876
16 0.658228 0.231073 0.071730 0.055367
16 0.547468 0.212429 0.080169 0.056497
17 0.593882 0.491525 0.065401 0.049718
17 0.715717 0.566102 0.053797 0.063277
18 0.211498 0.764407 0.066456 0.044068
18 0.491561 0.638418 0.065401 0.058757
19 0.097574 0.890395 0.062236 0.038418
19 0.257911 0.809605 0.060127 0.041808
20 0.635021 0.332768 0.044304 0.048588
20 0.674578 0.532203 0.034810 0.051977
21 0.164030 0.705650 0.051688 0.044068
21 0.119726 0.760452 0.041139 0.045198
22 0.277954 0.602260 0.119198 0.070056
23 0.589662 0.188136 0.040084 0.059887