0 0.253425 0.476115 0.174168 0.165605
0 0.411937 0.847134 0.146771 0.184713
1 0.734834 0.226911 0.146771 0.234076
1 0.311155 0.796975 0.219178 0.113057
2 0.227006 0.170382 0.172211 0.121019
2 0.562622 0.229299 0.158513 0.238854
3 0.109589 0.230096 0.125245 0.122611
3 0.365949 0.438694 0.140900 0.157643
4 0.301370 0.390127 0.117417 0.213376
4 0.516634 0.141720 0.176125 0.168790
5 0.289628 0.640924 0.160470 0.122611
5 0.798434 0.512739 0.129159 0.238854
6 0.391389 0.706210 0.242661 0.068471
6 0.515656 0.396497 0.127202 0.130573
7 0.321918 0.296178 0.209393 0.073248
7 0.755382 0.878185 0.223092 0.100318
8 0.814090 0.463376 0.207436 0.076433
8 0.684932 0.455414 0.144814 0.159236
9 0.548924 0.805732 0.076321 0.184713
9 0.234834 0.750000 0.172211 0.140127
10 0.589041 0.531051 0.125245 0.176752
10 0.720157 0.576433 0.090020 0.168790
11 0.134051 0.399682 0.103718 0.156051
11 0.477495 0.605892 0.133072 0.154459
12 0.392368 0.125796 0.095890 0.127389
12 0.703523 0.570064 0.162427 0.092357
13 0.464775 0.253981 0.170254 0.093949
13 0.216243 0.307325 0.080235 0.140127
14 0.893346 0.550955 0.142857 0.105096
14 0.303327 0.354299 0.082192 0.125796
15 0.521526 0.320064 0.127202 0.095541
15 0.266145 0.561306 0.129159 0.065287
16 0.454990 0.198248 0.111546 0.100318
16 0.296477 0.230096 0.091977 0.087580
17 0.618395 0.117834 0.117417 0.089172
17 0.369863 0.224522 0.097847 0.095541
18 0.644814 0.237261 0.095890 0.085987
18 0.494129 0.477707 0.123288 0.063694
19 0.336595 0.438694 0.113503 0.055732
19 0.418787 0.599522 0.113503 0.081210
20 0.197652 0.662420 0.062622 0.076433
20 0.377691 0.352707 0.090020 0.062102
21 0.632094 0.579618 0.074364 0.095541
21 0.586106 0.152866 0.107632 0.047771
22 0.146771 0.269904 0.136986 0.122611
22 0.550881 0.709395 0.146771 0.113057