0 0.300562 0.261453 0.264045 0.115324
0 0.782772 0.533175 0.179775 0.112164
1 0.137640 0.259874 0.132959 0.187994
1 0.185393 0.445498 0.202247 0.094787
2 0.224719 0.532385 0.179775 0.205371
2 0.308052 0.109795 0.151685 0.109005
3 0.868914 0.617694 0.153558 0.123223
3 0.409176 0.714850 0.117978 0.105845
4 0.339888 0.806477 0.088015 0.184834
4 0.263109 0.182464 0.189139 0.181675
5 0.551498 0.193523 0.099251 0.184834
5 0.882022 0.703791 0.172285 0.099526
6 0.847378 0.353081 0.204120 0.102686
6 0.621723 0.390205 0.063670 0.199052
7 0.520599 0.593207 0.086142 0.153239
7 0.204120 0.368088 0.187266 0.053712
8 0.673221 0.381517 0.084270 0.146919
8 0.705993 0.640600 0.093633 0.127962
9 0.411049 0.214060 0.088015 0.102686
9 0.224719 0.169826 0.172285 0.055292
10 0.316479 0.525276 0.127341 0.096367
10 0.652622 0.758294 0.110487 0.107425
11 0.695693 0.294629 0.080524 0.105845
11 0.477528 0.919431 0.112360 0.110585
12 0.374532 0.454976 0.104869 0.110585
12 0.750936 0.601106 0.093633 0.090047
13 0.545880 0.845182 0.061798 0.123223
13 0.485955 0.748025 0.069288 0.105845
14 0.757491 0.836493 0.102996 0.115324
14 0.463483 0.766983 0.129213 0.105845
15 0.194757 0.815166 0.112360 0.094787
15 0.529026 0.320695 0.110487 0.060032
16 0.393258 0.409953 0.108614 0.080569
16 0.630150 0.419431 0.117978 0.052133
17 0.845506 0.788310 0.099251 0.078989
17 0.739700 0.892575 0.056180 0.101106
18 0.586142 0.625592 0.086142 0.056872
18 0.491573 0.625592 0.069288 0.085308
19 0.679775 0.829384 0.093633 0.066351
19 0.229401 0.605845 0.091760 0.064771
20 0.483146 0.198262 0.059925 0.074250
20 0.549625 0.345182 0.084270 0.039494
21 0.547753 0.371248 0.102996 0.041074
21 0.474719 0.422591 0.069288 0.061611
22 0.526217 0.894945 0.157303 0.096367
23 0.485955 0.070300 0.102996 0.086888