0 0.297994 0.345670 0.154728 0.196927
0 0.672636 0.329609 0.170487 0.226257
1 0.319484 0.462989 0.252149 0.115922
1 0.770774 0.787709 0.246418 0.081006
2 0.455587 0.358939 0.194842 0.122905
2 0.819484 0.641061 0.154728 0.125698
3 0.099570 0.446229 0.153295 0.191341
3 0.703438 0.724162 0.183381 0.101955
4 0.254298 0.628492 0.161891 0.108939
4 0.196991 0.845670 0.136103 0.141061
5 0.202006 0.724162 0.137536 0.124302
5 0.660458 0.397346 0.189112 0.110335
6 0.459885 0.650140 0.128940 0.155028
6 0.709885 0.773045 0.113181 0.118715
7 0.914040 0.513268 0.083095 0.152235
7 0.058739 0.319832 0.065903 0.184358
8 0.463467 0.518156 0.153295 0.081006
8 0.793696 0.465782 0.097421 0.129888
9 0.148281 0.323324 0.121777 0.113128
9 0.522206 0.567039 0.133238 0.103352
10 0.360315 0.786313 0.084527 0.148045
10 0.237822 0.226257 0.120344 0.100559
11 0.829513 0.531425 0.140401 0.093575
11 0.441261 0.886872 0.091691 0.120112
12 0.404728 0.704609 0.050143 0.138268
12 0.721347 0.700419 0.144699 0.093575
13 0.570917 0.658520 0.064470 0.124302
13 0.407593 0.236732 0.124642 0.071229
14 0.585960 0.169693 0.088825 0.099162
14 0.131805 0.706006 0.128940 0.065642
15 0.477077 0.689246 0.111748 0.065642
15 0.357450 0.932263 0.078797 0.076816
16 0.603868 0.712989 0.055874 0.121508
16 0.667622 0.767458 0.114613 0.082402
17 0.621060 0.879190 0.087393 0.082402
17 0.736390 0.476257 0.051576 0.103352
18 0.361032 0.666201 0.060172 0.092179
18 0.271490 0.811453 0.053009 0.094972
19 0.742120 0.314944 0.060172 0.096369
19 0.628940 0.538408 0.057307 0.082402
20 0.520057 0.763966 0.068768 0.064246
20 0.550860 0.388966 0.064470 0.071229
21 0.573782 0.328911 0.061605 0.076816
21 0.670487 0.523045 0.071633 0.079609
22 0.454871 0.074721 0.190544 0.090782
22 0.557307 0.560754 0.134670 0.093575