0 0.703963 0.434113 0.165501 0.139163
0 0.553030 0.253695 0.138695 0.150246
1 0.500000 0.577586 0.100233 0.246305
1 0.093823 0.377463 0.082751 0.264778
2 0.570513 0.376232 0.110723 0.104680
2 0.590326 0.438424 0.141026 0.142857
3 0.505828 0.620074 0.149184 0.094828
3 0.858392 0.378079 0.087413 0.167488
4 0.820513 0.529557 0.181818 0.068966
4 0.605478 0.657635 0.099068 0.130542
5 0.236597 0.563424 0.111888 0.176108
5 0.216200 0.730911 0.189977 0.065271
6 0.913753 0.896552 0.116550 0.174877
6 0.502914 0.531404 0.122378 0.080049
7 0.449301 0.685345 0.150350 0.060345
7 0.652681 0.800493 0.088578 0.147783
8 0.356061 0.277094 0.122378 0.125616
8 0.702797 0.466749 0.083916 0.142857
9 0.649184 0.913793 0.121212 0.088670
9 0.233683 0.703818 0.117716 0.116995
10 0.592075 0.104064 0.048951 0.166256
10 0.782634 0.535099 0.106061 0.089901
11 0.161422 0.834975 0.073427 0.120690
11 0.634033 0.494458 0.067599 0.094828
12 0.824009 0.142857 0.107226 0.093596
12 0.848485 0.267241 0.093240 0.088670
13 0.541375 0.261700 0.113054 0.104680
13 0.720280 0.267241 0.107226 0.076355
14 0.633450 0.580665 0.094406 0.067734
14 0.842657 0.358374 0.114219 0.054187
15 0.664918 0.145936 0.068765 0.065271
15 0.502914 0.386700 0.082751 0.081281
16 0.386364 0.096059 0.075758 0.103448
16 0.238928 0.157020 0.065268 0.092365
17 0.723193 0.914409 0.045455 0.094828
17 0.860140 0.513547 0.065268 0.091133
18 0.395688 0.553571 0.038462 0.087438
18 0.357226 0.546182 0.054779 0.065271
19 0.590909 0.141626 0.081585 0.049261
19 0.833333 0.885468 0.048951 0.071429
20 0.761072 0.342980 0.039627 0.072660
20 0.716783 0.370690 0.072261 0.039409
21 0.590909 0.523399 0.062937 0.036946
21 0.422494 0.161946 0.057110 0.067734
22 0.090909 0.562808 0.100233 0.147783
23 0.434732 0.101601 0.037296 0.075123