0 0.853224 0.606195 0.142661 0.165929
0 0.605624 0.790376 0.075446 0.195796
1 0.772977 0.721239 0.061728 0.210177
1 0.578875 0.483407 0.235940 0.066372
2 0.130316 0.215155 0.109739 0.087389
2 0.360082 0.284292 0.127572 0.092920
3 0.438957 0.809181 0.159122 0.074115
3 0.480110 0.624447 0.183813 0.043142
4 0.296982 0.565265 0.075446 0.141593
4 0.091907 0.089602 0.093278 0.121681
5 0.535665 0.523230 0.165981 0.075221
5 0.646091 0.561947 0.137174 0.117257
6 0.251029 0.144358 0.104252 0.118363
6 0.200960 0.353429 0.091907 0.120575
7 0.497257 0.760509 0.135802 0.069690
7 0.388889 0.575221 0.122085 0.077434
8 0.141975 0.136062 0.113855 0.079646
8 0.719479 0.752765 0.078189 0.071903
9 0.440329 0.935841 0.126200 0.086283
9 0.539781 0.845133 0.067215 0.103982
10 0.246914 0.510509 0.087791 0.109513
10 0.147462 0.355642 0.080933 0.065265
11 0.321674 0.198562 0.113855 0.085177
11 0.380658 0.123894 0.075446 0.106195
12 0.301783 0.413164 0.109739 0.069690
12 0.428669 0.495575 0.075446 0.090708
13 0.643347 0.656527 0.079561 0.085177
13 0.702332 0.653761 0.057613 0.095133
14 0.172154 0.446350 0.091907 0.082965
14 0.260631 0.313606 0.093278 0.071903
15 0.223594 0.486726 0.079561 0.079646
15 0.650206 0.788717 0.079561 0.075221
16 0.214678 0.263274 0.111111 0.042035
16 0.222222 0.319137 0.076818 0.071903
17 0.455418 0.148230 0.052126 0.081858
17 0.613169 0.256084 0.063100 0.076327
18 0.486283 0.582965 0.069959 0.064159
18 0.335391 0.459071 0.067215 0.037611
19 0.431413 0.202987 0.053498 0.069690
19 0.478738 0.222345 0.046639 0.073009
20 0.545953 0.237832 0.074074 0.057522
20 0.199588 0.355642 0.045267 0.049779
21 0.434842 0.594027 0.082305 0.039823
21 0.561043 0.743916 0.046639 0.049779
22 0.216735 0.076327 0.142661 0.070796
23 0.668724 0.757190 0.056241 0.049779