0 0.235741 0.585876 0.169835 0.150282
0 0.832700 0.373446 0.136882 0.118644
1 0.406844 0.459887 0.187579 0.117514
1 0.260456 0.410734 0.150824 0.161582
2 0.496198 0.110734 0.059569 0.203390
2 0.476553 0.876271 0.121673 0.145763
3 0.814322 0.665537 0.181242 0.081356
3 0.243346 0.397740 0.116603 0.133333
4 0.615336 0.732768 0.143219 0.100565
4 0.749683 0.819774 0.183777 0.053107
5 0.089354 0.503955 0.110266 0.124294
5 0.418251 0.905650 0.081115 0.143503
6 0.656527 0.932203 0.169835 0.079096
6 0.669202 0.871186 0.174905 0.058757
7 0.472117 0.653107 0.057034 0.133333
7 0.764892 0.660452 0.128010 0.096045
8 0.560837 0.234463 0.122940 0.068927
8 0.586185 0.317514 0.074778 0.103955
9 0.659696 0.495480 0.072243 0.127684
9 0.337136 0.693785 0.076046 0.108475
10 0.564639 0.825989 0.107731 0.076836
10 0.441065 0.389831 0.098859 0.106215
11 0.325729 0.258192 0.131812 0.091525
11 0.375792 0.459322 0.051965 0.118644
12 0.434728 0.266102 0.114068 0.059887
12 0.328897 0.412429 0.046895 0.108475
13 0.368188 0.634463 0.105196 0.053107
13 0.610900 0.907345 0.121673 0.047458
14 0.581115 0.532768 0.079848 0.084746
14 0.415716 0.516384 0.058302 0.106215
15 0.943599 0.492655 0.057034 0.099435
15 0.419518 0.596045 0.070976 0.059887
16 0.286439 0.788701 0.060837 0.094915
16 0.867554 0.505085 0.069708 0.094915
17 0.744613 0.719209 0.095057 0.059887
17 0.246515 0.783616 0.064639 0.087006
18 0.738276 0.495480 0.054499 0.077966
18 0.710393 0.307345 0.082383 0.058757
19 0.147655 0.397175 0.087452 0.059887
19 0.161597 0.361017 0.041825 0.071186
20 0.872624 0.695480 0.077313 0.044068
20 0.844740 0.650282 0.064639 0.055367
21 0.474018 0.226554 0.073511 0.044068
21 0.641318 0.172881 0.053232 0.074576
22 0.314322 0.572316 0.129278 0.111864
22 0.453105 0.621469 0.140684 0.063277