0 0.679221 0.572013 0.215584 0.158756
0 0.364935 0.474632 0.184416 0.186579
1 0.566234 0.744681 0.129870 0.229133
1 0.600649 0.194763 0.281818 0.163666
2 0.127922 0.536007 0.183117 0.168576
2 0.601948 0.235679 0.125974 0.245499
3 0.487662 0.864157 0.196104 0.117840
3 0.388312 0.636661 0.153247 0.104746
4 0.603896 0.916530 0.181818 0.104746
4 0.636364 0.839607 0.176623 0.127660
5 0.767532 0.684124 0.135065 0.104746
5 0.538312 0.625205 0.125974 0.121113
6 0.167532 0.409165 0.111688 0.111293
6 0.717532 0.404255 0.115584 0.193126
7 0.444156 0.397709 0.109091 0.140753
7 0.553896 0.391162 0.133766 0.127660
8 0.494156 0.169394 0.079221 0.142390
8 0.333766 0.436989 0.057143 0.180033
9 0.894805 0.441899 0.155844 0.058920
9 0.313636 0.111293 0.112987 0.163666
10 0.418831 0.282324 0.151948 0.073650
10 0.361039 0.664484 0.093506 0.150573
11 0.327922 0.197218 0.128571 0.119476
11 0.756494 0.432897 0.141558 0.106383
12 0.268182 0.364157 0.061039 0.126023
12 0.173377 0.599018 0.100000 0.081833
13 0.477273 0.864975 0.040260 0.145663
13 0.387662 0.576105 0.123377 0.049100
14 0.642208 0.785597 0.105195 0.081833
14 0.420779 0.404255 0.101299 0.081833
15 0.518182 0.535188 0.106494 0.065466
15 0.543506 0.211948 0.068831 0.116203
16 0.656494 0.414894 0.061039 0.086743
16 0.659740 0.689853 0.093506 0.060556
17 0.749351 0.822422 0.093506 0.057283
17 0.616234 0.478723 0.063636 0.103110
18 0.861688 0.607201 0.045455 0.108020
18 0.671429 0.540098 0.064935 0.094926
19 0.718831 0.909984 0.061039 0.072013
19 0.546104 0.747136 0.040260 0.093290
20 0.874026 0.682488 0.070130 0.068740
20 0.367532 0.516367 0.049351 0.063830
21 0.783117 0.608020 0.064935 0.080196
21 0.228571 0.318331 0.083117 0.060556
22 0.851948 0.508183 0.161039 0.083470
22 0.772078 0.440262 0.110390 0.147300