0 0.798885 0.711098 0.191252 0.131484
0 0.480703 0.639324 0.153516 0.139928
1 0.376930 0.472859 0.108919 0.142340
1 0.741424 0.365501 0.090051 0.200241
2 0.635506 0.517491 0.120069 0.135103
2 0.481561 0.417370 0.072899 0.077201
3 0.544597 0.625452 0.090909 0.167672
3 0.669383 0.392642 0.072899 0.172497
4 0.774871 0.510856 0.074614 0.170084
4 0.941252 0.784077 0.064322 0.176116
5 0.193825 0.547045 0.066895 0.148372
5 0.575472 0.417973 0.126930 0.061520
6 0.900943 0.655006 0.114065 0.110977
6 0.871784 0.474668 0.126072 0.051870
7 0.817753 0.847407 0.084906 0.119421
7 0.339194 0.303378 0.047170 0.138721
8 0.736707 0.872135 0.070326 0.125452
8 0.828045 0.380579 0.078045 0.114596
9 0.797599 0.396261 0.089194 0.097708
9 0.706261 0.872738 0.057461 0.129071
10 0.331904 0.835947 0.082333 0.101327
10 0.438250 0.364294 0.078902 0.072376
11 0.322041 0.412545 0.102058 0.089264
11 0.307033 0.328106 0.060034 0.127865
12 0.542024 0.555489 0.053173 0.090470
12 0.249142 0.495175 0.067753 0.104946
13 0.790738 0.535585 0.044597 0.115802
13 0.766724 0.878770 0.049743 0.131484
14 0.670669 0.724970 0.070326 0.079614
14 0.914666 0.814837 0.047170 0.109771
15 0.286021 0.343185 0.048885 0.097708
15 0.873499 0.870326 0.043739 0.088058
16 0.529588 0.766586 0.028302 0.100121
16 0.729417 0.489144 0.066038 0.049457
17 0.870497 0.510253 0.060034 0.069964
17 0.278302 0.556092 0.066038 0.038601
18 0.472556 0.966828 0.063465 0.049457
18 0.144082 0.074789 0.056604 0.082027
19 0.222985 0.161037 0.041166 0.080820
19 0.030017 0.123040 0.041166 0.033776
20 0.106775 0.064536 0.050600 0.061520
20 0.390223 0.601327 0.039451 0.042220
21 0.732419 0.942702 0.034305 0.061520
21 0.349485 0.293124 0.024871 0.060314
22 0.636792 0.611580 0.067753 0.096502
23 0.654374 0.528347 0.030875 0.074789