0 0.267606 0.527174 0.070423 0.135375
0 0.263380 0.478755 0.081690 0.149209
1 0.095070 0.390810 0.114085 0.095850
1 0.345070 0.467885 0.090141 0.091897
2 0.614789 0.600296 0.100000 0.070158
2 0.723239 0.797925 0.057746 0.123518
3 0.528873 0.591403 0.147887 0.078063
3 0.665493 0.834980 0.091549 0.106719
4 0.919718 0.844368 0.064789 0.111660
4 0.253521 0.460968 0.101408 0.107708
5 0.211268 0.569170 0.064789 0.114625
5 0.361268 0.047431 0.094366 0.086957
6 0.354225 0.632905 0.100000 0.046443
6 0.424648 0.134387 0.057746 0.098814
7 0.323239 0.353755 0.060563 0.083004
7 0.365493 0.114625 0.088732 0.083004
8 0.347887 0.174407 0.095775 0.060277
8 0.499296 0.582016 0.108451 0.057312
9 0.477465 0.635375 0.115493 0.057312
9 0.140141 0.546937 0.049296 0.089921
10 0.286620 0.130435 0.080282 0.083004
10 0.289437 0.606719 0.046479 0.083004
11 0.252113 0.296937 0.104225 0.062253
11 0.300704 0.322134 0.105634 0.061265
12 0.457042 0.388834 0.102817 0.038538
12 0.904225 0.945158 0.056338 0.072134
13 0.385915 0.690711 0.081690 0.051383
13 0.429577 0.204545 0.098592 0.039526
14 0.419718 0.403656 0.090141 0.048419
14 0.160563 0.334486 0.092958 0.044466
15 0.422535 0.752470 0.076056 0.044466
15 0.728873 0.688735 0.066197 0.057312
16 0.407042 0.598320 0.078873 0.048419
16 0.871831 0.842885 0.056338 0.061265
17 0.401408 0.369565 0.078873 0.031621
17 0.120423 0.500494 0.085915 0.034585
18 0.390845 0.720850 0.069014 0.034585
18 0.378873 0.566700 0.081690 0.030632
19 0.436620 0.685771 0.039437 0.051383
19 0.580282 0.581028 0.042254 0.045455
20 0.806338 0.968379 0.069014 0.029644
20 0.188028 0.373024 0.040845 0.044466
21 0.550000 0.541502 0.052113 0.039526
21 0.338732 0.599802 0.046479 0.037549
22 0.421127 0.353755 0.140845 0.039526
22 0.860563 0.927372 0.056338 0.091897