0 0.360902 0.445634 0.201504 0.140033
0 0.520301 0.296540 0.138346 0.237232
1 0.104511 0.654036 0.136842 0.200988
1 0.158647 0.340198 0.187970 0.212521
2 0.536842 0.408567 0.180451 0.095552
2 0.555639 0.328666 0.118797 0.182867
3 0.688722 0.430807 0.180451 0.100494
3 0.229323 0.184514 0.200000 0.085667
4 0.390226 0.688633 0.121805 0.168040
4 0.106015 0.485997 0.166917 0.135091
5 0.482707 0.513180 0.111278 0.159802
5 0.748872 0.584843 0.114286 0.161450
6 0.215038 0.794069 0.177444 0.102142
6 0.237594 0.652389 0.102256 0.171334
7 0.861654 0.690280 0.117293 0.144975
7 0.388722 0.212521 0.148872 0.069193
8 0.634586 0.323723 0.120301 0.097199
8 0.472932 0.775947 0.157895 0.069193
9 0.424812 0.759473 0.115789 0.131796
9 0.854887 0.485997 0.154887 0.065898
10 0.233835 0.650741 0.148872 0.069193
10 0.665414 0.491763 0.133835 0.057661
11 0.187218 0.406096 0.082707 0.140033
11 0.354135 0.875618 0.091729 0.159802
12 0.251128 0.373970 0.090226 0.105437
12 0.596992 0.781713 0.117293 0.097199
13 0.621805 0.537891 0.109774 0.067545
13 0.236090 0.503295 0.096241 0.057661
14 0.314286 0.642504 0.072180 0.112026
14 0.248120 0.548600 0.108271 0.056013
15 0.736090 0.742998 0.100752 0.072488
15 0.200000 0.718287 0.066165 0.112026
16 0.493985 0.768534 0.052632 0.116969
16 0.345865 0.476112 0.078195 0.079077
17 0.380451 0.630148 0.048120 0.100494
17 0.193985 0.088962 0.093233 0.095552
18 0.471429 0.672982 0.076692 0.067545
18 0.458647 0.429984 0.066165 0.049423
19 0.677444 0.665568 0.076692 0.079077
19 0.265414 0.251236 0.052632 0.090610
20 0.313534 0.344316 0.055639 0.082372
20 0.342857 0.593904 0.063158 0.057661
21 0.421805 0.871499 0.058647 0.085667
21 0.867669 0.570016 0.072180 0.075783
22 0.671429 0.384679 0.109774 0.113674
22 0.352632 0.135914 0.109774 0.149918