0 0.318571 0.426180 0.125714 0.231355
0 0.480714 0.503805 0.061429 0.249619
1 0.707857 0.449772 0.152857 0.202435
1 0.464286 0.265601 0.254286 0.105023
2 0.205000 0.449772 0.132857 0.144597
2 0.842857 0.840183 0.054286 0.240487
3 0.342857 0.637747 0.082857 0.146119
3 0.191429 0.506088 0.071429 0.205479
4 0.510714 0.105023 0.092857 0.167428
4 0.768571 0.655251 0.145714 0.129376
5 0.480714 0.882040 0.178571 0.101979
5 0.545714 0.602740 0.077143 0.167428
6 0.292857 0.601218 0.085714 0.124810
6 0.927857 0.403349 0.084286 0.130898
7 0.245000 0.782344 0.155714 0.073059
7 0.186429 0.698630 0.107143 0.121766
8 0.517143 0.697108 0.120000 0.073059
8 0.395000 0.466514 0.098571 0.068493
9 0.714286 0.777778 0.142857 0.070015
9 0.477857 0.660578 0.081429 0.109589
10 0.659286 0.595890 0.110000 0.089802
10 0.600714 0.547184 0.081429 0.138508
11 0.452857 0.183409 0.140000 0.074581
11 0.551429 0.243531 0.077143 0.118721
12 0.785714 0.547945 0.065714 0.121766
12 0.632143 0.366819 0.104286 0.100457
13 0.896429 0.592085 0.052857 0.130898
13 0.722143 0.299087 0.095714 0.086758
14 0.736429 0.570776 0.087143 0.063927
14 0.687143 0.396499 0.057143 0.098935
15 0.267143 0.352359 0.068571 0.083714
15 0.329286 0.785388 0.064286 0.100457
16 0.354286 0.761796 0.102857 0.047184
16 0.405000 0.426180 0.052857 0.079148
17 0.360714 0.922374 0.078571 0.088280
17 0.377857 0.224505 0.078571 0.068493
18 0.657857 0.254186 0.064286 0.060883
18 0.387857 0.257230 0.075714 0.051750
19 0.659286 0.681887 0.058571 0.070015
19 0.821429 0.369863 0.051429 0.082192
20 0.777857 0.327245 0.050000 0.060883
20 0.477857 0.297565 0.061429 0.047184
21 0.371429 0.646880 0.042857 0.070015
21 0.670000 0.877473 0.057143 0.077626
22 0.560714 0.904871 0.092857 0.114155
22 0.375714 0.722983 0.154286 0.070015