0 0.480473 0.754202 0.163314 0.144258
0 0.450888 0.293417 0.158580 0.183473
1 0.400000 0.151961 0.165680 0.147059
1 0.847929 0.594538 0.084024 0.211485
2 0.457988 0.626050 0.120710 0.142857
2 0.452071 0.127451 0.085207 0.184874
3 0.297633 0.328431 0.093491 0.158263
3 0.664497 0.728291 0.126627 0.126050
4 0.369231 0.474790 0.118343 0.126050
4 0.375740 0.876751 0.055621 0.170868
5 0.175148 0.263305 0.144379 0.078431
5 0.637870 0.064426 0.151479 0.053221
6 0.925444 0.282213 0.106509 0.130252
6 0.539645 0.114846 0.130178 0.047619
7 0.297041 0.671569 0.089941 0.127451
7 0.099408 0.572129 0.123077 0.082633
8 0.560355 0.306723 0.074556 0.112045
8 0.185799 0.647059 0.092308 0.126050
9 0.707692 0.343137 0.066272 0.117647
9 0.169231 0.244398 0.059172 0.141457
10 0.875148 0.338936 0.048521 0.131653
10 0.917751 0.428571 0.117160 0.056022
11 0.784024 0.371148 0.088757 0.112045
11 0.698817 0.641457 0.112426 0.067227
12 0.415976 0.551120 0.093491 0.065826
12 0.404734 0.635154 0.078107 0.096639
13 0.401183 0.346639 0.099408 0.049020
13 0.193491 0.404762 0.060355 0.123249
14 0.647337 0.369748 0.063905 0.100840
14 0.869822 0.591737 0.063905 0.102241
15 0.088166 0.517507 0.091124 0.082633
15 0.926036 0.380952 0.079290 0.070028
16 0.311243 0.357143 0.073373 0.086835
16 0.802959 0.219188 0.074556 0.082633
17 0.566272 0.153361 0.076923 0.060224
17 0.589349 0.708683 0.042604 0.089636
18 0.834320 0.273109 0.066272 0.070028
18 0.514201 0.222689 0.072189 0.047619
19 0.682249 0.273109 0.062722 0.070028
19 0.824852 0.485994 0.068639 0.047619
20 0.839053 0.390756 0.042604 0.067227
20 0.479882 0.454482 0.046154 0.065826
21 0.778698 0.158263 0.056805 0.042017
21 0.788166 0.128151 0.040237 0.063025
22 0.076331 0.334034 0.053254 0.158263
22 0.489941 0.670168 0.115976 0.079832