0 0.846737 0.401869 0.242792 0.130841
0 0.395296 0.556854 0.250379 0.166667
1 0.403642 0.912773 0.245827 0.158879
1 0.530349 0.609813 0.135053 0.113707
2 0.167678 0.117601 0.223065 0.095016
2 0.805008 0.292056 0.135053 0.207165
3 0.566768 0.164330 0.144158 0.185358
3 0.173748 0.245327 0.162367 0.163551
4 0.342185 0.686916 0.201821 0.062305
4 0.252656 0.530374 0.128983 0.113707
5 0.138847 0.468069 0.128983 0.147975
5 0.273900 0.756231 0.207891 0.063863
6 0.385432 0.437695 0.094082 0.143302
6 0.269347 0.279595 0.092564 0.147975
7 0.085736 0.397975 0.128983 0.129283
7 0.268589 0.518692 0.057663 0.146417
8 0.799697 0.709502 0.091047 0.141745
8 0.657815 0.621495 0.098634 0.149533
9 0.307284 0.590343 0.104704 0.109034
9 0.735205 0.345016 0.116844 0.116822
10 0.366464 0.494548 0.119879 0.107477
10 0.119879 0.233645 0.139605 0.062305
11 0.422610 0.795171 0.062215 0.166667
11 0.502276 0.393302 0.100152 0.085670
12 0.323976 0.684579 0.083460 0.119938
12 0.820182 0.559190 0.144158 0.059190
13 0.564492 0.683022 0.094082 0.079439
13 0.474962 0.240654 0.084977 0.110592
14 0.651745 0.326324 0.086495 0.119938
14 0.230653 0.279595 0.121396 0.048287
15 0.560698 0.263240 0.086495 0.080997
15 0.440819 0.216511 0.116844 0.049844
16 0.609256 0.723520 0.068285 0.107477
16 0.558422 0.360592 0.054628 0.113707
17 0.490895 0.717290 0.086495 0.082555
17 0.483308 0.327882 0.086495 0.073209
18 0.342185 0.203271 0.077390 0.085670
18 0.710926 0.299844 0.071320 0.082555
19 0.514416 0.214953 0.051593 0.090343
19 0.780728 0.656542 0.059181 0.082555
20 0.421093 0.183801 0.071320 0.046729
20 0.663885 0.492212 0.050076 0.080997
21 0.323976 0.431464 0.059181 0.074766
21 0.394537 0.260125 0.081942 0.049844
22 0.726100 0.692368 0.180577 0.079439
23 0.186646 0.338006 0.051593 0.080997