0 0.457201 0.582716 0.180707 0.135802
0 0.739130 0.650617 0.119565 0.162963
1 0.614130 0.190123 0.184783 0.106173
1 0.169158 0.539506 0.112772 0.086420
2 0.808424 0.367901 0.116848 0.148148
2 0.641984 0.171605 0.123641 0.140741
3 0.663043 0.080247 0.146739 0.096296
3 0.545516 0.282716 0.139946 0.056790
4 0.188859 0.452469 0.163043 0.048148
4 0.261549 0.436420 0.058424 0.107407
5 0.707880 0.260494 0.103261 0.054321
5 0.661685 0.176543 0.130435 0.128395
6 0.101223 0.686420 0.145380 0.086420
6 0.624321 0.870988 0.131793 0.102469
7 0.177310 0.810494 0.129076 0.092593
7 0.508832 0.832099 0.072011 0.081481
8 0.751359 0.845679 0.141304 0.054321
8 0.599864 0.916667 0.066576 0.117284
9 0.865489 0.509259 0.119565 0.097531
9 0.288723 0.698765 0.072011 0.076543
10 0.633832 0.611111 0.104620 0.083951
10 0.341033 0.826543 0.084239 0.112346
11 0.760870 0.218519 0.086957 0.096296
11 0.704484 0.301235 0.126359 0.044444
12 0.783288 0.129012 0.112772 0.065432
12 0.351902 0.757407 0.108696 0.048148
13 0.411005 0.735185 0.039402 0.092593
13 0.788723 0.645062 0.085598 0.082716
14 0.672554 0.400617 0.089674 0.065432
14 0.536005 0.259877 0.099185 0.040741
15 0.252038 0.622840 0.096467 0.040741
15 0.710598 0.629012 0.076087 0.062963
16 0.463315 0.738272 0.081522 0.051852
16 0.184103 0.588889 0.061141 0.066667
17 0.863451 0.675926 0.077446 0.053086
17 0.622962 0.243827 0.066576 0.033333
18 0.848505 0.526543 0.039402 0.070370
18 0.479620 0.670988 0.073370 0.040741
19 0.651495 0.334568 0.061141 0.044444
19 0.601902 0.598765 0.043478 0.059259
20 0.543478 0.598148 0.046196 0.038272
20 0.758152 0.703086 0.032609 0.055556
21 0.201766 0.862346 0.082880 0.038272
21 0.738451 0.446296 0.044837 0.060494
22 0.925272 0.707407 0.089674 0.128395
22 0.655571 0.554938 0.123641 0.062963