0 0.197284 0.128103 0.103834 0.123138
0 0.511981 0.343098 0.135783 0.114201
1 0.169329 0.274081 0.102236 0.115194
1 0.587061 0.313307 0.212460 0.034757
2 0.491214 0.598312 0.119808 0.106256
2 0.123003 0.181231 0.079872 0.100298
3 0.513578 0.363952 0.154952 0.064548
3 0.896965 0.415591 0.164537 0.052632
4 0.686901 0.565045 0.060703 0.103277
4 0.772364 0.369911 0.049521 0.102284
5 0.750799 0.382820 0.156550 0.038729
5 0.607827 0.534260 0.084665 0.079444
6 0.753195 0.495531 0.097444 0.087388
6 0.539137 0.238828 0.154952 0.030785
7 0.681310 0.293942 0.107029 0.053625
7 0.363419 0.060079 0.087859 0.080437
8 0.356230 0.111718 0.130990 0.050645
8 0.460863 0.112214 0.071885 0.081430
9 0.776358 0.938928 0.063898 0.088381
9 0.321086 0.199106 0.070288 0.080437
10 0.357827 0.402681 0.092652 0.064548
10 0.240415 0.378848 0.113419 0.060576
11 0.666134 0.668818 0.054313 0.084409
11 0.358626 0.667825 0.116613 0.070506
12 0.494409 0.153426 0.052716 0.068520
12 0.719649 0.244786 0.110224 0.032771
13 0.715655 0.220953 0.108626 0.028798
13 0.261182 0.106753 0.065495 0.058590
14 0.383387 0.153923 0.111821 0.037736
14 0.419329 0.218967 0.055911 0.060576
15 0.494409 0.673784 0.084665 0.058590
15 0.295527 0.385303 0.089457 0.037736
16 0.348243 0.344091 0.095847 0.034757
16 0.345048 0.436445 0.073482 0.030785
17 0.435304 0.300397 0.039936 0.050645
17 0.910543 0.497021 0.047923 0.056604
18 0.232428 0.138530 0.078275 0.028798
18 0.539137 0.885303 0.068690 0.050645
19 0.099840 0.645482 0.075080 0.045680
19 0.150160 0.334161 0.047923 0.052632
20 0.641374 0.220953 0.062300 0.032771
20 0.253195 0.050149 0.052716 0.044687
21 0.400160 0.288481 0.052716 0.040715
21 0.156550 0.670804 0.057508 0.048659
22 0.881789 0.380834 0.121406 0.066534
22 0.699681 0.439424 0.124601 0.040715