0 0.607555 0.652240 0.062959 0.180244
0 0.501049 0.565682 0.124869 0.098778
1 0.654250 0.588086 0.064008 0.196538
1 0.811647 0.173116 0.187828 0.097760
2 0.477440 0.874745 0.117524 0.071283
2 0.215635 0.214868 0.141658 0.130346
3 0.088667 0.110998 0.133263 0.132383
3 0.541448 0.876782 0.111228 0.105906
4 0.612277 0.719959 0.118573 0.132383
4 0.290661 0.813646 0.151102 0.087576
5 0.337880 0.374745 0.052466 0.150713
5 0.427597 0.927189 0.066107 0.106925
6 0.368311 0.947556 0.134313 0.068228
6 0.130115 0.086558 0.088143 0.132383
7 0.124344 0.547862 0.072403 0.087576
7 0.167366 0.062627 0.070304 0.125255
8 0.502623 0.245418 0.075551 0.114053
8 0.376180 0.201120 0.059811 0.121181
9 0.434418 0.508656 0.094439 0.066191
9 0.615950 0.822301 0.046170 0.133401
10 0.244491 0.744908 0.115425 0.070265
10 0.449633 0.646130 0.091291 0.058045
11 0.293809 0.571283 0.083945 0.101833
11 0.217733 0.252037 0.095488 0.068228
12 0.524659 0.677699 0.035677 0.102851
12 0.409759 0.565682 0.080797 0.035642
13 0.690976 0.255601 0.045121 0.103870
13 0.664218 0.713340 0.058762 0.066191
14 0.237146 0.610998 0.079748 0.063136
14 0.358867 0.560081 0.069255 0.067210
15 0.353620 0.587576 0.058762 0.052953
15 0.396118 0.470978 0.082896 0.037678
16 0.253935 0.179226 0.073452 0.059063
16 0.743442 0.328921 0.091291 0.048880
17 0.286464 0.645621 0.048269 0.069246
17 0.353620 0.798371 0.075551 0.038697
18 0.526758 0.333503 0.052466 0.066191
18 0.576600 0.563646 0.034627 0.068228
19 0.805352 0.064155 0.051417 0.071283
19 0.390871 0.540733 0.053515 0.032587
20 0.385100 0.767312 0.035677 0.043788
20 0.927597 0.246945 0.060860 0.039715
21 0.469045 0.812118 0.033578 0.060081
21 0.348898 0.754582 0.053515 0.028513
22 0.437041 0.761202 0.061910 0.108961
22 0.913431 0.398676 0.068206 0.072301