0 0.230088 0.428144 0.174041 0.134731
0 0.717552 0.392964 0.166667 0.148204
1 0.448378 0.796407 0.212389 0.098802
1 0.654130 0.626497 0.148968 0.139222
2 0.734513 0.721557 0.138643 0.179641
2 0.294248 0.632485 0.119469 0.184132
3 0.820059 0.587575 0.144543 0.097305
3 0.512537 0.413922 0.146018 0.175150
4 0.591445 0.841317 0.185841 0.125749
4 0.448378 0.869760 0.117994 0.173653
5 0.626106 0.193862 0.213864 0.097305
5 0.108407 0.533683 0.148968 0.166168
6 0.418879 0.101048 0.162242 0.085329
6 0.849558 0.418413 0.100295 0.178144
7 0.289823 0.384731 0.131268 0.089820
7 0.445428 0.145210 0.168142 0.092814
8 0.133481 0.477545 0.113569 0.101796
8 0.441003 0.066617 0.129794 0.082335
9 0.448378 0.585329 0.126844 0.116766
9 0.085546 0.340569 0.091445 0.130240
10 0.407080 0.333084 0.097345 0.121257
10 0.107670 0.541168 0.064897 0.154192
11 0.722714 0.582335 0.082596 0.131737
11 0.219027 0.185629 0.181416 0.074850
12 0.362832 0.734281 0.126844 0.073353
12 0.272861 0.820359 0.103245 0.116766
13 0.239676 0.747006 0.128319 0.074850
13 0.618732 0.413922 0.081121 0.133234
14 0.321534 0.350299 0.091445 0.095808
14 0.523599 0.583832 0.053097 0.125749
15 0.581858 0.341317 0.110619 0.068862
15 0.519174 0.248503 0.073746 0.107784
16 0.882743 0.417665 0.072271 0.116766
16 0.477876 0.380988 0.097345 0.088323
17 0.157817 0.324850 0.064897 0.098802
17 0.388643 0.490269 0.042773 0.082335
18 0.949115 0.438623 0.057522 0.110778
18 0.426991 0.321108 0.078171 0.058383
19 0.811209 0.286677 0.050147 0.100299
19 0.575221 0.570359 0.079646 0.053892
20 0.666667 0.624251 0.061947 0.071856
20 0.365044 0.281437 0.057522 0.071856
21 0.353245 0.534431 0.066372 0.071856
21 0.451327 0.565868 0.058997 0.071856
22 0.893068 0.302395 0.134218 0.125749
23 0.463127 0.437126 0.073746 0.044910