0 0.484185 0.537420 0.228710 0.106688
0 0.296229 0.630573 0.154501 0.130573
1 0.591241 0.163217 0.121655 0.192675
1 0.482968 0.291401 0.148418 0.165605
2 0.727494 0.461783 0.107056 0.229299
2 0.543796 0.327229 0.182482 0.078025
3 0.739051 0.159236 0.110706 0.143312
3 0.578467 0.358280 0.103406 0.133758
4 0.693431 0.563694 0.126521 0.165605
4 0.326642 0.320064 0.069343 0.184713
5 0.299878 0.653662 0.086375 0.230892
5 0.593066 0.773089 0.071776 0.122611
6 0.217153 0.131369 0.152068 0.090764
6 0.385645 0.142516 0.063260 0.176752
7 0.493917 0.563694 0.072993 0.178344
7 0.282238 0.533439 0.097324 0.152866
8 0.948905 0.311306 0.080292 0.138535
8 0.281022 0.484076 0.065693 0.175159
9 0.737835 0.363854 0.122871 0.119427
9 0.586983 0.273885 0.081509 0.187898
10 0.675182 0.592357 0.065693 0.165605
10 0.436131 0.564490 0.074209 0.078025
11 0.462287 0.760350 0.124088 0.081210
11 0.116180 0.191083 0.074209 0.117834
12 0.706204 0.503185 0.071776 0.140127
12 0.565085 0.852707 0.108273 0.081210
13 0.335158 0.753185 0.074209 0.127389
13 0.398418 0.164809 0.096107 0.065287
14 0.508516 0.143312 0.099757 0.098726
14 0.641119 0.651274 0.080292 0.111465
15 0.455596 0.433121 0.088808 0.057325
15 0.563260 0.466561 0.090024 0.073248
16 0.405109 0.475318 0.082725 0.087580
16 0.265815 0.308917 0.052311 0.133758
17 0.089416 0.272293 0.079075 0.092357
17 0.418491 0.058917 0.080292 0.057325
18 0.675182 0.379777 0.038929 0.097134
18 0.528589 0.587580 0.066910 0.050955
19 0.433090 0.326433 0.060827 0.082803
19 0.461679 0.621815 0.066910 0.046178
20 0.339416 0.169586 0.036496 0.081210
20 0.422749 0.669586 0.045012 0.087580
21 0.284063 0.076433 0.064477 0.054140
21 0.057786 0.215764 0.049878 0.065287
22 0.439173 0.886943 0.104623 0.152866
22 0.571168 0.665605 0.088808 0.095541