0 0.847015 0.658537 0.235075 0.170732
0 0.547575 0.763937 0.251866 0.168990
1 0.264925 0.201220 0.235075 0.186411
1 0.183769 0.602787 0.233209 0.205575
2 0.228545 0.643728 0.255597 0.144599
2 0.459888 0.486934 0.236940 0.113240
3 0.811567 0.385017 0.205224 0.198606
3 0.558769 0.382404 0.203358 0.155052
4 0.576493 0.149826 0.108209 0.229965
4 0.720149 0.869338 0.205224 0.073171
5 0.514925 0.236063 0.164179 0.214286
5 0.646455 0.574042 0.113806 0.200348
6 0.849813 0.734321 0.136194 0.137631
6 0.188433 0.670732 0.223881 0.101045
7 0.688433 0.563589 0.171642 0.116725
7 0.464552 0.895470 0.190299 0.101045
8 0.570896 0.451220 0.126866 0.156794
8 0.561567 0.796167 0.123134 0.114983
9 0.670709 0.741289 0.180970 0.088850
9 0.125000 0.484321 0.190299 0.087108
10 0.673507 0.168118 0.179104 0.120209
10 0.235075 0.561847 0.078358 0.172474
11 0.650187 0.432056 0.180970 0.104530
11 0.380597 0.771777 0.119403 0.132404
12 0.664179 0.371080 0.115672 0.080139
12 0.600746 0.921603 0.134328 0.114983
13 0.258396 0.438153 0.125000 0.116725
13 0.645522 0.757840 0.100746 0.111498
14 0.194963 0.759582 0.121269 0.118467
14 0.739739 0.134146 0.125000 0.108014
15 0.821828 0.607143 0.098881 0.102787
15 0.200560 0.296167 0.102612 0.090592
16 0.284515 0.704704 0.080224 0.095819
16 0.451493 0.633275 0.111940 0.099303
17 0.788246 0.544425 0.110075 0.081882
17 0.812500 0.404181 0.106343 0.083624
18 0.076493 0.619338 0.078358 0.071429
18 0.365672 0.853659 0.097015 0.069686
19 0.059701 0.544425 0.052239 0.109756
19 0.555037 0.073171 0.083955 0.097561
20 0.530784 0.635889 0.076493 0.087108
20 0.744403 0.858014 0.059701 0.095819
21 0.350746 0.736063 0.082090 0.064460
21 0.439366 0.531359 0.054104 0.080139
22 0.748134 0.709930 0.141791 0.158537
22 0.328358 0.547038 0.194030 0.094077