0 0.741505 0.810888 0.150485 0.266476
0 0.833131 0.311605 0.110437 0.127507
1 0.499393 0.441977 0.098301 0.236390
1 0.536408 0.674785 0.152913 0.237822
2 0.295510 0.840974 0.183252 0.080229
2 0.881068 0.516476 0.106796 0.173352
3 0.648058 0.540115 0.165049 0.111748
3 0.401699 0.950573 0.179612 0.070201
4 0.765170 0.351003 0.105583 0.189112
4 0.235437 0.615330 0.055825 0.190544
5 0.314320 0.732808 0.087379 0.176218
5 0.493325 0.823066 0.122573 0.167622
6 0.208738 0.801576 0.145631 0.073066
6 0.575243 0.762178 0.138350 0.083095
7 0.685680 0.135387 0.111650 0.101719
7 0.115898 0.790115 0.146845 0.058739
8 0.586165 0.523639 0.099515 0.110315
8 0.901699 0.719914 0.094660 0.127507
9 0.604369 0.107450 0.138350 0.074499
9 0.081917 0.835960 0.098301 0.081662
10 0.305825 0.879656 0.101942 0.088825
10 0.271238 0.563037 0.066748 0.148997
11 0.538835 0.081662 0.133495 0.106017
11 0.324029 0.449140 0.084951 0.121777
12 0.731189 0.469914 0.100728 0.065903
12 0.864684 0.659026 0.083738 0.123209
13 0.479369 0.904728 0.072816 0.133238
13 0.524272 0.396132 0.089806 0.098854
14 0.816748 0.814470 0.097087 0.093123
14 0.284587 0.575215 0.108010 0.044413
15 0.563714 0.252865 0.066748 0.110315
15 0.681432 0.651146 0.071602 0.104585
16 0.664442 0.389685 0.083738 0.068768
16 0.375000 0.320201 0.070388 0.061605
17 0.604976 0.335960 0.088592 0.053009
17 0.580097 0.600287 0.077670 0.045845
18 0.179005 0.601719 0.081311 0.063037
18 0.719660 0.566619 0.080097 0.053009
19 0.333738 0.289398 0.075243 0.077364
19 0.211165 0.639685 0.043689 0.087393
20 0.585558 0.633954 0.047330 0.058739
20 0.259102 0.908309 0.064320 0.048711
21 0.437500 0.563037 0.064320 0.074499
21 0.600728 0.785817 0.060680 0.067335
22 0.481189 0.921920 0.132282 0.081662
22 0.271238 0.563037 0.066748 0.148997
23 0.955704 0.710602 0.059466 0.065903