0 0.372067 0.704334 0.118436 0.164087
0 0.706145 0.178019 0.136313 0.173375
1 0.540223 0.774768 0.146369 0.137771
1 0.875978 0.360681 0.192179 0.136223
2 0.683240 0.327399 0.135196 0.156347
2 0.222905 0.196594 0.090503 0.222910
3 0.325140 0.308050 0.125140 0.133127
3 0.537430 0.216718 0.145251 0.099071
4 0.410615 0.533282 0.121788 0.137771
4 0.435754 0.102167 0.154190 0.061920
5 0.074860 0.376161 0.073743 0.185759
5 0.677654 0.732198 0.139665 0.080495
6 0.761453 0.494582 0.088268 0.171827
6 0.549721 0.147059 0.125140 0.083591
7 0.645251 0.829721 0.121788 0.099071
7 0.265363 0.816563 0.119553 0.088235
8 0.718994 0.638545 0.072626 0.150155
8 0.256983 0.767028 0.113966 0.069659
9 0.494972 0.831269 0.105028 0.102167
9 0.781006 0.212074 0.055866 0.160991
10 0.172067 0.307276 0.075978 0.150155
10 0.330726 0.175697 0.113966 0.072755
11 0.412291 0.902477 0.096089 0.120743
11 0.669274 0.102941 0.116201 0.072755
12 0.414525 0.253870 0.051397 0.123839
12 0.433520 0.366873 0.087151 0.080495
13 0.477654 0.708978 0.050279 0.133127
13 0.339665 0.818885 0.091620 0.095975
14 0.482123 0.702012 0.092737 0.060372
14 0.287709 0.239938 0.090503 0.074303
15 0.608939 0.337461 0.060335 0.102167
15 0.332402 0.453560 0.054749 0.086687
16 0.420670 0.645511 0.079330 0.058824
16 0.260335 0.543344 0.053631 0.099071
17 0.335754 0.509288 0.072626 0.068111
17 0.482682 0.616099 0.073743 0.058824
18 0.610056 0.807276 0.064804 0.072755
18 0.430168 0.569659 0.064804 0.074303
19 0.481006 0.415635 0.041341 0.088235
19 0.092179 0.503870 0.045810 0.094427
20 0.530726 0.726780 0.051397 0.072755
20 0.427374 0.441950 0.054749 0.066563
21 0.327933 0.285604 0.043575 0.075851
21 0.506145 0.921827 0.062570 0.063467
22 0.138547 0.328173 0.082682 0.148607
22 0.476536 0.266254 0.101676 0.133127