0 0.458678 0.521559 0.132231 0.154229
0 0.517906 0.701493 0.209366 0.122720
1 0.679752 0.303483 0.205234 0.185738
1 0.621212 0.351575 0.223140 0.142620
2 0.238292 0.771144 0.190083 0.079602
2 0.434573 0.354892 0.139118 0.149254
3 0.556474 0.248756 0.132231 0.175788
3 0.661846 0.121061 0.191460 0.129353
4 0.285124 0.468491 0.085399 0.187396
4 0.180441 0.528192 0.055096 0.203980
5 0.565427 0.801824 0.097796 0.170813
5 0.879477 0.442786 0.117080 0.192371
6 0.344353 0.390547 0.066116 0.177446
6 0.851240 0.354063 0.126722 0.170813
7 0.308540 0.205638 0.071625 0.135987
7 0.574380 0.901327 0.170799 0.127695
8 0.503444 0.286899 0.073003 0.172471
8 0.600551 0.089552 0.148760 0.102819
9 0.842975 0.606965 0.088154 0.165837
9 0.443526 0.320896 0.093664 0.114428
10 0.122590 0.599502 0.068871 0.164179
10 0.332645 0.857380 0.100551 0.099502
11 0.340909 0.267828 0.059229 0.164179
11 0.681129 0.438640 0.078512 0.111111
12 0.080579 0.407131 0.097796 0.121061
12 0.679752 0.726368 0.075758 0.116086
13 0.602617 0.658375 0.097796 0.082919
13 0.403581 0.612769 0.063361 0.111111
14 0.334711 0.929519 0.112948 0.074627
14 0.811983 0.664179 0.050964 0.144279
15 0.350551 0.735489 0.097796 0.067993
15 0.605372 0.514925 0.064738 0.091211
16 0.618457 0.617745 0.090909 0.067993
16 0.701102 0.722222 0.104683 0.064677
17 0.462810 0.793532 0.057851 0.107794
17 0.535813 0.681592 0.066116 0.089552
18 0.728650 0.453566 0.063361 0.077944
18 0.497245 0.855721 0.077135 0.076285
19 0.690083 0.617745 0.057851 0.084577
19 0.230028 0.718076 0.077135 0.063018
20 0.717631 0.635158 0.046832 0.069652
20 0.553030 0.612769 0.045455 0.071310
21 0.135675 0.420398 0.050964 0.084577
21 0.447658 0.505804 0.052342 0.082919
22 0.799587 0.229685 0.136364 0.157546