0 0.480310 0.475325 0.139618 0.179221
0 0.637232 0.577273 0.145585 0.183117
1 0.744033 0.813636 0.165871 0.146753
1 0.454057 0.740260 0.242243 0.150649
2 0.319809 0.622078 0.133652 0.161039
2 0.480310 0.872727 0.101432 0.197403
3 0.232697 0.252597 0.224344 0.112987
3 0.370525 0.137013 0.213604 0.131169
4 0.798926 0.564935 0.096659 0.200000
4 0.918854 0.512987 0.102625 0.200000
5 0.095465 0.424675 0.088305 0.171429
5 0.697494 0.390909 0.082339 0.212987
6 0.234487 0.869481 0.177804 0.100000
6 0.247613 0.367532 0.132458 0.148052
7 0.597852 0.396753 0.140811 0.128571
7 0.347255 0.485714 0.147971 0.116883
8 0.653938 0.207792 0.088305 0.168831
8 0.281623 0.804545 0.112172 0.076623
9 0.639021 0.177922 0.153938 0.070130
9 0.279236 0.418831 0.143198 0.100000
10 0.572792 0.733766 0.143198 0.077922
10 0.550716 0.087013 0.139618 0.127273
11 0.420048 0.861039 0.133652 0.103896
11 0.264916 0.313636 0.078759 0.154545
12 0.794749 0.401299 0.133652 0.088312
12 0.279236 0.748052 0.119332 0.070130
13 0.418258 0.490909 0.110979 0.088312
13 0.445107 0.307143 0.116945 0.115584
14 0.710621 0.746753 0.113365 0.077922
14 0.330549 0.567532 0.040573 0.150649
15 0.623508 0.364935 0.099045 0.072727
15 0.045346 0.498052 0.052506 0.120779
16 0.510740 0.776623 0.085919 0.101299
16 0.770883 0.546104 0.069212 0.110390
17 0.444511 0.555195 0.084726 0.061039
17 0.272076 0.737013 0.064439 0.092208
18 0.896181 0.519481 0.093079 0.062338
18 0.366945 0.385065 0.053699 0.094805
19 0.452864 0.201299 0.096659 0.067532
19 0.318019 0.111039 0.046539 0.105195
20 0.729714 0.303896 0.044153 0.088312
20 0.218974 0.700649 0.068019 0.066234
21 0.350239 0.465584 0.060859 0.076623
21 0.560859 0.152597 0.050119 0.081818
22 0.148568 0.414286 0.063246 0.166234
23 0.121718 0.557792 0.057279 0.076623