0 0.293478 0.796742 0.177749 0.208215
0 0.692455 0.238669 0.249361 0.233711
1 0.748082 0.544618 0.143223 0.259207
1 0.639386 0.217422 0.138107 0.196884
2 0.449488 0.509207 0.185422 0.140227
2 0.121483 0.719547 0.196931 0.101983
3 0.124041 0.540368 0.153453 0.177054
3 0.159847 0.319405 0.138107 0.162890
4 0.620205 0.066572 0.199488 0.059490
4 0.382353 0.799575 0.166240 0.111898
5 0.557545 0.126062 0.156010 0.124646
5 0.416880 0.063739 0.204604 0.056657
6 0.535806 0.626771 0.138107 0.128895
6 0.153453 0.635269 0.107417 0.120397
7 0.323529 0.882436 0.104859 0.138810
7 0.323529 0.197592 0.138107 0.109065
8 0.491688 0.753541 0.124041 0.110482
8 0.832481 0.650142 0.115090 0.113314
9 0.114450 0.351275 0.090793 0.150142
9 0.255754 0.197592 0.046036 0.171388
10 0.670077 0.462465 0.071611 0.151558
10 0.429028 0.616856 0.152174 0.058074
11 0.212276 0.182720 0.122762 0.082153
11 0.935422 0.250708 0.078005 0.164306
12 0.799233 0.483711 0.086957 0.103399
12 0.648977 0.388102 0.070332 0.121813
13 0.627877 0.689093 0.089514 0.106232
13 0.728261 0.658640 0.060102 0.113314
14 0.282609 0.266997 0.081841 0.094901
14 0.439898 0.878895 0.102302 0.052408
15 0.075448 0.383144 0.066496 0.117564
15 0.752558 0.513456 0.072890 0.109065
16 0.415601 0.302408 0.084399 0.100567
16 0.546036 0.397309 0.074169 0.097734
17 0.698849 0.756374 0.078005 0.076487
17 0.701407 0.116147 0.057545 0.101983
18 0.599744 0.655099 0.051151 0.080737
18 0.767903 0.242210 0.044757 0.099150
19 0.760230 0.753541 0.052430 0.087819
19 0.324169 0.470963 0.062660 0.086402
20 0.299233 0.721671 0.063939 0.063739
20 0.143223 0.237960 0.048593 0.067989
21 0.454604 0.771955 0.070332 0.042493
21 0.638747 0.708215 0.060102 0.070822
22 0.161125 0.521246 0.117647 0.150142
23 0.781330 0.627479 0.063939 0.042493