0 0.592689 0.105485 0.164491 0.179325
0 0.783943 0.197785 0.126632 0.117089
1 0.575718 0.527954 0.104439 0.159283
1 0.674935 0.607068 0.114883 0.171941
2 0.424282 0.657700 0.169713 0.060127
2 0.599869 0.170359 0.155352 0.095992
3 0.865535 0.487869 0.096606 0.133966
3 0.661227 0.337025 0.074413 0.112869
4 0.612924 0.679325 0.053525 0.143460
4 0.671671 0.709916 0.079634 0.145570
5 0.819191 0.475738 0.063969 0.143460
5 0.418407 0.625527 0.155352 0.048523
6 0.380548 0.186181 0.137076 0.072785
6 0.770888 0.331224 0.040470 0.126582
7 0.651436 0.578586 0.062663 0.079114
7 0.541123 0.154008 0.139687 0.040084
8 0.854439 0.727848 0.092689 0.120253
8 0.645561 0.235232 0.063969 0.071730
9 0.395561 0.966772 0.135770 0.060127
9 0.076371 0.623418 0.074413 0.061181
10 0.898172 0.228376 0.049608 0.119198
10 0.848564 0.332806 0.091384 0.077004
11 0.082898 0.772679 0.131854 0.043249
11 0.830287 0.357595 0.049608 0.105485
12 0.799608 0.391350 0.037859 0.090717
12 0.103786 0.628165 0.103133 0.032700
13 0.806136 0.301160 0.043081 0.083333
13 0.650783 0.096519 0.113577 0.058017
14 0.671671 0.317511 0.061358 0.069620
14 0.251958 0.636076 0.107050 0.029536
15 0.501958 0.098629 0.050914 0.079114
15 0.706919 0.442511 0.069191 0.060127
16 0.830940 0.648207 0.087467 0.045359
16 0.667755 0.619198 0.074413 0.061181
17 0.103786 0.803270 0.090078 0.030591
17 0.923629 0.300633 0.037859 0.063291
18 0.684073 0.142405 0.083551 0.037975
18 0.701697 0.552215 0.063969 0.045359
19 0.734987 0.132911 0.054830 0.054852
19 0.736945 0.321730 0.043081 0.050633
20 0.758486 0.643460 0.060052 0.042194
20 0.558094 0.195675 0.037859 0.032700
21 0.753916 0.551688 0.077023 0.027426
21 0.746084 0.508966 0.037859 0.055907
22 0.893603 0.561181 0.163185 0.063291
22 0.437337 0.095992 0.093995 0.069620