0 0.500901 0.745378 0.259459 0.078992
0 0.453153 0.201681 0.081081 0.218487
1 0.269369 0.589916 0.207207 0.144538
1 0.456757 0.883193 0.153153 0.166387
2 0.595495 0.281513 0.127928 0.156303
2 0.424324 0.705882 0.073874 0.184874
3 0.637838 0.720168 0.090090 0.146218
3 0.184685 0.708403 0.131532 0.156303
4 0.123423 0.590756 0.084685 0.176471
4 0.491892 0.256303 0.180180 0.075630
5 0.294595 0.506723 0.163964 0.089076
5 0.678378 0.079832 0.163964 0.126050
6 0.673874 0.654622 0.140541 0.092437
6 0.509910 0.095798 0.176577 0.060504
7 0.881081 0.632773 0.144144 0.078992
7 0.436937 0.605042 0.145946 0.053782
8 0.790090 0.829412 0.127928 0.126050
8 0.450450 0.339496 0.108108 0.107563
9 0.151351 0.310084 0.090090 0.122689
9 0.352252 0.791597 0.088288 0.127731
10 0.555856 0.588235 0.135135 0.063866
10 0.414414 0.548739 0.126126 0.085714
11 0.623423 0.818487 0.118919 0.100840
11 0.300901 0.304202 0.075676 0.124370
12 0.472072 0.731933 0.075676 0.109244
12 0.239640 0.223529 0.050450 0.107563
13 0.307207 0.804202 0.052252 0.105882
13 0.214414 0.305882 0.046847 0.100840
14 0.325225 0.428571 0.084685 0.087395
14 0.371171 0.137815 0.111712 0.080672
15 0.590090 0.924370 0.088288 0.094118
15 0.053153 0.689076 0.070270 0.110924
16 0.361261 0.218487 0.084685 0.067227
16 0.237838 0.453782 0.057658 0.100840
17 0.477477 0.654622 0.079279 0.058824
17 0.586486 0.433613 0.052252 0.080672
18 0.345045 0.536134 0.073874 0.067227
18 0.424324 0.437815 0.081081 0.062185
19 0.578378 0.195798 0.075676 0.048739
19 0.858559 0.583193 0.091892 0.047059
20 0.671171 0.237815 0.048649 0.065546
20 0.568468 0.518487 0.073874 0.058824
21 0.564865 0.835294 0.081081 0.047059
21 0.467568 0.399160 0.084685 0.042017
22 0.533333 0.380672 0.075676 0.126050
22 0.247748 0.263866 0.127928 0.067227