0 0.439467 0.815476 0.230024 0.083333
0 0.361985 0.685714 0.230024 0.069048
1 0.897700 0.420238 0.090799 0.235714
1 0.708232 0.628571 0.154964 0.130952
2 0.346247 0.348810 0.138015 0.126190
2 0.144673 0.304167 0.216707 0.048810
3 0.737893 0.720833 0.066586 0.179762
3 0.118644 0.551190 0.096852 0.180952
4 0.524213 0.261905 0.159806 0.069048
4 0.424334 0.530952 0.073850 0.166667
5 0.596247 0.494643 0.066586 0.151190
5 0.317191 0.298810 0.142857 0.097619
6 0.651332 0.591071 0.108959 0.120238
6 0.758475 0.211310 0.151332 0.103571
7 0.236077 0.663095 0.133172 0.057143
7 0.817191 0.644048 0.094431 0.109524
8 0.797215 0.623810 0.117433 0.078571
8 0.340194 0.155952 0.118644 0.102381
9 0.585351 0.469643 0.136804 0.046429
9 0.918281 0.476786 0.076271 0.134524
10 0.413438 0.563095 0.136804 0.047619
10 0.555690 0.079762 0.094431 0.085714
11 0.334746 0.286905 0.112591 0.088095
11 0.840194 0.367262 0.065375 0.120238
12 0.840799 0.186310 0.085956 0.108333
12 0.235472 0.736310 0.115012 0.051190
13 0.673123 0.915476 0.108959 0.083333
13 0.365617 0.901786 0.133172 0.041667
14 0.615012 0.141071 0.067797 0.103571
14 0.587772 0.364286 0.056901 0.100000
15 0.314165 0.792262 0.056901 0.096429
15 0.647700 0.828571 0.062954 0.076190
16 0.424334 0.653571 0.059322 0.090476
16 0.673729 0.304762 0.090799 0.069048
17 0.717918 0.398810 0.087167 0.054762
17 0.334746 0.105952 0.056901 0.088095
18 0.460654 0.886310 0.047215 0.082143
18 0.933414 0.490476 0.067797 0.064286
19 0.426150 0.414286 0.077482 0.040476
19 0.237288 0.431548 0.082324 0.051190
20 0.444310 0.507738 0.041162 0.060714
20 0.627724 0.073810 0.061743 0.054762
21 0.756659 0.277381 0.077482 0.042857
21 0.500605 0.204762 0.061743 0.050000
22 0.707022 0.112500 0.147700 0.084524
23 0.207627 0.603571 0.073850 0.061905