0 0.567029 0.450565 0.199275 0.197740
0 0.823068 0.443503 0.102657 0.152542
1 0.599638 0.495763 0.105072 0.251412
1 0.736111 0.656073 0.199275 0.134181
2 0.538043 0.117938 0.136473 0.142655
2 0.717995 0.403249 0.163043 0.173729
3 0.340580 0.431497 0.070048 0.199153
3 0.801932 0.413136 0.157005 0.108757
4 0.432367 0.088983 0.164251 0.112994
4 0.725242 0.439972 0.056763 0.156780
5 0.483092 0.325565 0.176329 0.086158
5 0.488527 0.386299 0.059179 0.204802
6 0.682367 0.280367 0.154589 0.074859
6 0.240942 0.394068 0.095411 0.186441
7 0.238527 0.405367 0.134058 0.096045
7 0.791063 0.569209 0.065217 0.121469
8 0.649155 0.622881 0.109903 0.141243
8 0.395531 0.133475 0.119565 0.108757
9 0.269324 0.173729 0.142512 0.101695
9 0.788043 0.741525 0.102657 0.087571
10 0.253019 0.503531 0.114734 0.097458
10 0.106280 0.357345 0.132850 0.132768
11 0.187198 0.501412 0.142512 0.107345
11 0.580918 0.318503 0.135266 0.057910
12 0.157609 0.696328 0.090580 0.135593
12 0.570652 0.209746 0.126812 0.060734
13 0.260870 0.689972 0.077295 0.137006
13 0.743357 0.912429 0.124396 0.073446
14 0.427536 0.401836 0.055556 0.131356
14 0.347222 0.416667 0.078502 0.124294
15 0.299517 0.377119 0.055556 0.090395
15 0.792874 0.680085 0.076087 0.100282
16 0.206522 0.557203 0.101449 0.080508
16 0.169686 0.390537 0.047101 0.131356
17 0.671498 0.368644 0.065217 0.090395
17 0.254831 0.136299 0.079710 0.074859
18 0.385870 0.322034 0.068841 0.076271
18 0.635266 0.692090 0.057971 0.076271
19 0.067029 0.432910 0.066425 0.052260
19 0.262681 0.571328 0.054348 0.072034
20 0.936594 0.846045 0.068841 0.073446
20 0.687198 0.338983 0.041063 0.070621
21 0.104469 0.435734 0.037440 0.083333
21 0.515097 0.446328 0.044686 0.070621
22 0.308575 0.115113 0.083333 0.105932
23 0.560386 0.170198 0.057971 0.063559