0 0.644710 0.582917 0.092324 0.236763
0 0.300830 0.600899 0.155602 0.088911
1 0.383299 0.815185 0.212656 0.085914
1 0.810685 0.772228 0.129668 0.153846
2 0.873444 0.622378 0.097510 0.089910
2 0.370851 0.078921 0.102697 0.141858
3 0.903008 0.516983 0.123444 0.164835
3 0.558610 0.686813 0.067427 0.166833
4 0.475622 0.686813 0.077801 0.158841
4 0.573651 0.727772 0.103734 0.160839
5 0.805498 0.769730 0.131743 0.134865
5 0.365145 0.348651 0.176349 0.065934
6 0.220436 0.726274 0.104772 0.099900
6 0.952801 0.677323 0.071577 0.155844
7 0.254149 0.667832 0.114108 0.092907
7 0.423755 0.735764 0.046680 0.134865
8 0.421680 0.584416 0.061203 0.119880
8 0.352178 0.382617 0.123444 0.075924
9 0.554461 0.557942 0.092324 0.104895
9 0.907676 0.693307 0.147303 0.045954
10 0.854253 0.703796 0.117220 0.074925
10 0.788900 0.692807 0.063278 0.126873
11 0.362552 0.293706 0.119295 0.053946
11 0.427386 0.860140 0.105809 0.077922
12 0.674274 0.772228 0.053942 0.107892
12 0.275934 0.865634 0.124481 0.058941
13 0.384855 0.350649 0.078838 0.071928
13 0.647822 0.736763 0.065353 0.080919
14 0.299274 0.745754 0.086100 0.092907
14 0.802905 0.469031 0.060166 0.108891
15 0.234440 0.243257 0.074689 0.098901
15 0.729253 0.701798 0.041494 0.090909
16 0.424274 0.714286 0.082988 0.061938
16 0.358402 0.186314 0.108921 0.046953
17 0.516079 0.712787 0.036307 0.080919
17 0.584544 0.431568 0.054979 0.085914
18 0.616701 0.851648 0.054979 0.062937
18 0.653527 0.922078 0.045643 0.057942
19 0.604772 0.505994 0.053942 0.050949
19 0.747407 0.954046 0.065353 0.067932
20 0.828320 0.934565 0.054979 0.062937
20 0.048755 0.711289 0.056017 0.067932
21 0.503112 0.316184 0.068465 0.052947
21 0.479253 0.579920 0.053942 0.058941
22 0.337137 0.672827 0.136929 0.062937
22 0.238071 0.584915 0.088174 0.064935