0 0.493573 0.513740 0.133676 0.188769
0 0.436375 0.388292 0.235219 0.117085
1 0.647172 0.870968 0.114396 0.231780
1 0.138817 0.373955 0.092545 0.234170
2 0.885604 0.535842 0.141388 0.180406
2 0.374679 0.416368 0.104113 0.185185
3 0.367609 0.823775 0.125964 0.185185
3 0.494216 0.520908 0.196658 0.062127
4 0.847044 0.682796 0.110540 0.161290
4 0.431234 0.430108 0.178663 0.100358
5 0.386889 0.689367 0.169666 0.095579
5 0.604113 0.635603 0.107969 0.164875
6 0.485861 0.456989 0.128535 0.118280
6 0.278278 0.379331 0.065553 0.156511
7 0.062339 0.382915 0.078406 0.151732
7 0.347044 0.347670 0.143959 0.090800
8 0.546272 0.227001 0.089974 0.131422
8 0.608612 0.339307 0.147815 0.057348
9 0.247429 0.448029 0.075835 0.131422
9 0.715938 0.424731 0.128535 0.089606
10 0.656170 0.395460 0.124679 0.076464
10 0.300771 0.718638 0.100257 0.091995
11 0.692802 0.235962 0.169666 0.058542
11 0.451799 0.856631 0.070694 0.131422
12 0.368252 0.161290 0.132391 0.066906
12 0.205013 0.480884 0.047558 0.115890
13 0.305913 0.191159 0.118252 0.074074
13 0.361183 0.526882 0.066838 0.121864
14 0.471722 0.293907 0.087404 0.105137
14 0.888817 0.410394 0.119537 0.080048
15 0.142674 0.412784 0.105398 0.075269
15 0.353470 0.090800 0.087404 0.100358
16 0.224936 0.698327 0.059126 0.108722
16 0.429949 0.094385 0.065553 0.097969
17 0.462082 0.209080 0.070694 0.088411
17 0.585476 0.828554 0.060411 0.094385
18 0.187661 0.244922 0.082262 0.064516
18 0.467224 0.655914 0.075835 0.059737
19 0.713368 0.469534 0.056555 0.081243
19 0.704370 0.809438 0.051414 0.082437
20 0.370823 0.225209 0.078406 0.048984
20 0.241003 0.084827 0.075835 0.050179
21 0.506427 0.871565 0.048843 0.080048
21 0.155527 0.097969 0.074550 0.035842
22 0.640746 0.255078 0.152956 0.077658
22 0.187661 0.164875 0.095116 0.148148