0 0.646375 0.801418 0.253078 0.127660
0 0.567031 0.841312 0.129959 0.196809
1 0.569083 0.395390 0.131327 0.170213
1 0.908345 0.710993 0.117647 0.212766
2 0.716826 0.535461 0.139535 0.113475
2 0.241450 0.271277 0.179207 0.117021
3 0.538988 0.182624 0.136799 0.156028
3 0.582079 0.896277 0.094391 0.179078
4 0.368673 0.171099 0.154583 0.143617
4 0.625171 0.359043 0.136799 0.111702
5 0.776334 0.749113 0.113543 0.186170
5 0.634747 0.656028 0.079343 0.159574
6 0.597127 0.303191 0.146375 0.102837
6 0.712038 0.437943 0.091655 0.184397
7 0.483584 0.462766 0.091655 0.141844
7 0.382353 0.226064 0.061560 0.132979
8 0.903557 0.827128 0.143639 0.132979
8 0.466484 0.218972 0.093023 0.111702
9 0.415185 0.344858 0.121751 0.104610
9 0.690150 0.202128 0.121751 0.109929
10 0.692886 0.847518 0.077975 0.191489
10 0.430233 0.481383 0.129959 0.069149
11 0.225718 0.154255 0.087551 0.095745
11 0.418605 0.470745 0.062927 0.136525
12 0.413133 0.557624 0.109439 0.072695
12 0.325581 0.117021 0.043776 0.148936
13 0.316689 0.374113 0.072503 0.117021
13 0.124487 0.314716 0.068399 0.129433
14 0.729822 0.767730 0.110807 0.070922
14 0.627907 0.265957 0.109439 0.053191
15 0.783174 0.609929 0.094391 0.060284
15 0.606703 0.586879 0.056088 0.102837
16 0.529412 0.575355 0.068399 0.083333
16 0.651163 0.468972 0.093023 0.058511
17 0.084815 0.293440 0.087551 0.083333
17 0.906293 0.413121 0.097127 0.088652
18 0.199726 0.262411 0.043776 0.102837
18 0.652531 0.466312 0.038304 0.081560
19 0.482900 0.904255 0.060192 0.070922
19 0.634063 0.527482 0.061560 0.047872
20 0.751710 0.452128 0.058824 0.060284
20 0.370041 0.441489 0.042408 0.070922
21 0.349521 0.362589 0.067031 0.072695
21 0.322161 0.568262 0.064295 0.058511
22 0.579343 0.776596 0.064295 0.145390
23 0.296854 0.129433 0.043776 0.081560