0 0.616645 0.361502 0.231979 0.201878
0 0.264744 0.769953 0.222805 0.131455
1 0.493447 0.676056 0.252949 0.140845
1 0.505242 0.661385 0.224115 0.167840
2 0.273263 0.903169 0.158585 0.104460
2 0.454128 0.853873 0.142857 0.177230
3 0.812582 0.409624 0.217562 0.044601
3 0.317824 0.842723 0.211009 0.105634
4 0.724115 0.529930 0.224115 0.064554
4 0.364351 0.427817 0.112713 0.111502
5 0.074705 0.659624 0.102228 0.154930
5 0.519659 0.588615 0.140236 0.165493
6 0.836173 0.863850 0.204456 0.086854
6 0.807339 0.230634 0.138925 0.125587
7 0.595675 0.470070 0.056356 0.153756
7 0.234600 0.454812 0.076016 0.116197
8 0.663827 0.443075 0.077326 0.132629
8 0.683486 0.805164 0.106160 0.072770
9 0.503277 0.774061 0.083879 0.083333
9 0.188729 0.596244 0.073394 0.112676
10 0.823722 0.272300 0.095675 0.119718
10 0.163172 0.625000 0.093054 0.099765
11 0.755570 0.711268 0.098296 0.131455
11 0.766710 0.599765 0.146789 0.058685
12 0.292267 0.465376 0.107471 0.076291
12 0.918742 0.610915 0.125819 0.055164
13 0.750328 0.710681 0.124509 0.073944
13 0.684797 0.477113 0.124509 0.057512
14 0.396461 0.704812 0.111402 0.080986
14 0.690695 0.214789 0.128440 0.058685
15 0.104194 0.409038 0.087811 0.080986
15 0.581258 0.147300 0.079948 0.071596
16 0.254260 0.774648 0.102228 0.042254
16 0.530799 0.431925 0.065531 0.093897
17 0.672346 0.590376 0.089122 0.051643
17 0.223460 0.098005 0.066841 0.090376
18 0.626474 0.569836 0.089122 0.038732
18 0.304718 0.598005 0.085190 0.041080
19 0.412844 0.956573 0.086501 0.061033
19 0.534076 0.068662 0.093054 0.052817
20 0.732634 0.773474 0.078637 0.049296
20 0.646134 0.387324 0.047182 0.056338
21 0.454784 0.309859 0.076016 0.039906
21 0.582569 0.235329 0.061599 0.052817
22 0.486239 0.473592 0.120577 0.109155
22 0.822412 0.118545 0.051114 0.166667