0 0.358464 0.768559 0.119488 0.203785
0 0.549787 0.564047 0.146515 0.167394
1 0.673542 0.593886 0.083926 0.197962
1 0.708393 0.271470 0.207681 0.068413
2 0.100284 0.673945 0.129445 0.145560
2 0.559033 0.179767 0.133713 0.112082
3 0.879801 0.529112 0.146515 0.144105
3 0.573969 0.185590 0.152205 0.094614
4 0.519203 0.667394 0.139403 0.074236
4 0.193457 0.215429 0.150782 0.133916
5 0.776671 0.574964 0.133713 0.116448
5 0.154339 0.326055 0.106686 0.142649
6 0.445946 0.704512 0.135135 0.058224
6 0.066856 0.475255 0.054054 0.152838
7 0.568990 0.743086 0.133713 0.068413
7 0.153627 0.767831 0.125178 0.106259
8 0.746799 0.374090 0.119488 0.084425
8 0.345661 0.188501 0.079659 0.114993
9 0.263158 0.828967 0.125178 0.065502
9 0.438834 0.570597 0.078236 0.101892
10 0.248933 0.540757 0.113798 0.068413
10 0.263869 0.584425 0.118065 0.048035
11 0.502845 0.941048 0.146515 0.050946
11 0.643670 0.368996 0.120910 0.056769
12 0.482930 0.564774 0.072546 0.096070
12 0.371977 0.336245 0.049787 0.096070
13 0.280939 0.358079 0.061166 0.087336
13 0.318634 0.465066 0.085349 0.077147
14 0.361309 0.596070 0.056899 0.100437
14 0.460171 0.836972 0.100996 0.052402
15 0.278094 0.676856 0.055477 0.096070
15 0.271693 0.623726 0.085349 0.059680
16 0.618777 0.433770 0.059744 0.093159
16 0.273826 0.164483 0.072546 0.096070
17 0.588193 0.786754 0.081081 0.062591
17 0.124467 0.565502 0.089616 0.050946
18 0.593172 0.245269 0.079659 0.045124
18 0.548364 0.475255 0.061166 0.065502
19 0.534139 0.857351 0.075391 0.069869
19 0.241110 0.481077 0.072546 0.045124
20 0.775960 0.524017 0.078236 0.046579
20 0.344239 0.287482 0.065434 0.045124
21 0.549787 0.423581 0.046942 0.066958
21 0.431721 0.768559 0.064011 0.055313
22 0.433855 0.332606 0.105263 0.106259
22 0.775249 0.385735 0.076814 0.139738