0 0.519669 0.698694 0.173913 0.158582
0 0.365424 0.631530 0.142857 0.300373
1 0.204969 0.494403 0.240166 0.149254
1 0.226708 0.331157 0.291925 0.128731
2 0.640787 0.804104 0.213251 0.152985
2 0.313665 0.453358 0.204969 0.149254
3 0.626294 0.695896 0.242236 0.186567
3 0.698758 0.506530 0.233954 0.173507
4 0.286749 0.357276 0.159420 0.255597
4 0.539337 0.226679 0.097308 0.244403
5 0.503106 0.532649 0.223602 0.125000
5 0.543478 0.376866 0.258799 0.130597
6 0.292961 0.111007 0.238095 0.143657
6 0.156315 0.559701 0.175983 0.182836
7 0.524845 0.601679 0.204969 0.061567
7 0.319876 0.883396 0.134576 0.180970
8 0.632505 0.350746 0.146998 0.126866
8 0.187371 0.357276 0.101449 0.147388
9 0.729814 0.388993 0.080745 0.162313
9 0.638716 0.233209 0.126294 0.141791
10 0.336439 0.614739 0.200828 0.083955
10 0.649068 0.490672 0.113872 0.167910
11 0.250518 0.785448 0.082816 0.182836
11 0.726708 0.849813 0.211180 0.128731
12 0.302277 0.231343 0.095238 0.130597
12 0.506211 0.581157 0.118012 0.128731
13 0.259834 0.692164 0.118012 0.111940
13 0.368530 0.711754 0.115942 0.132463
14 0.185300 0.752799 0.093168 0.136194
14 0.414079 0.273321 0.132505 0.113806
15 0.400621 0.125000 0.134576 0.100746
15 0.467909 0.480410 0.140787 0.061567
16 0.394410 0.246269 0.130435 0.059701
16 0.898551 0.649254 0.078675 0.138060
17 0.431677 0.158582 0.122153 0.078358
17 0.775362 0.328358 0.084886 0.111940
18 0.494824 0.287313 0.074534 0.097015
18 0.433747 0.377799 0.084886 0.065299
19 0.767081 0.702425 0.109731 0.076493
19 0.674948 0.571828 0.086957 0.076493
20 0.138716 0.642724 0.095238 0.076493
20 0.403727 0.530784 0.057971 0.076493
21 0.644928 0.723881 0.084886 0.089552
21 0.789855 0.484142 0.072464 0.091418
22 0.296066 0.275187 0.169772 0.147388
22 0.497930 0.208022 0.250518 0.057836