0 0.583912 0.772939 0.211806 0.158631
0 0.658565 0.539658 0.192130 0.183515
1 0.375000 0.704510 0.129630 0.164852
1 0.537037 0.195956 0.127315 0.239502
2 0.696181 0.695956 0.121528 0.209953
2 0.685185 0.501555 0.150463 0.135303
3 0.330440 0.487558 0.163194 0.079316
3 0.724537 0.339036 0.125000 0.130638
4 0.572338 0.328149 0.153935 0.099533
4 0.598380 0.129860 0.125000 0.175739
5 0.469329 0.633748 0.079861 0.163297
5 0.604167 0.423017 0.150463 0.071540
6 0.645833 0.358476 0.131944 0.094868
6 0.912616 0.673406 0.151620 0.077760
7 0.467014 0.751166 0.079861 0.124417
7 0.596065 0.203733 0.085648 0.102644
8 0.385417 0.589425 0.087963 0.149300
8 0.678241 0.240280 0.094907 0.110420
9 0.226852 0.657076 0.085648 0.107309
9 0.259838 0.343701 0.126157 0.077760
10 0.557292 0.489114 0.123843 0.069984
10 0.717593 0.613530 0.074074 0.141524
11 0.640625 0.129860 0.107639 0.110420
11 0.157407 0.382582 0.118056 0.074650
12 0.439236 0.849145 0.105324 0.080871
12 0.353009 0.324261 0.106481 0.073095
13 0.546875 0.882582 0.089120 0.113530
13 0.420139 0.429238 0.101852 0.062208
14 0.925926 0.846812 0.085648 0.076205
14 0.572917 0.346812 0.101852 0.059098
15 0.700231 0.134526 0.083333 0.113530
15 0.571181 0.687403 0.045139 0.108865
16 0.708912 0.265163 0.096065 0.057543
16 0.810764 0.618974 0.065972 0.090202
17 0.772569 0.053655 0.086806 0.073095
17 0.321759 0.567652 0.050926 0.096423
18 0.063079 0.454121 0.049769 0.108865
18 0.803241 0.443235 0.078704 0.059098
19 0.537037 0.744168 0.048611 0.094868
19 0.905671 0.916796 0.065972 0.069984
20 0.748843 0.335925 0.050926 0.052877
20 0.554398 0.947123 0.048611 0.068429
21 0.276620 0.685848 0.060185 0.065319
21 0.363426 0.690513 0.053241 0.074650
22 0.611111 0.223173 0.106481 0.132193
23 0.768519 0.576205 0.039352 0.082426