0 0.719178 0.430860 0.162861 0.328836
0 0.641553 0.580944 0.114155 0.342327
1 0.461187 0.084317 0.246575 0.145025
1 0.687215 0.469646 0.333333 0.092749
2 0.500761 0.772344 0.179604 0.091062
2 0.850837 0.241990 0.152207 0.231029
3 0.449772 0.215852 0.135464 0.185497
3 0.539574 0.224283 0.068493 0.161889
4 0.744292 0.130691 0.130898 0.180438
4 0.643836 0.085160 0.264840 0.092749
5 0.476408 0.912310 0.203957 0.111298
5 0.282344 0.793423 0.238965 0.096121
6 0.665906 0.787521 0.190259 0.148398
6 0.157534 0.435076 0.141553 0.097808
7 0.334855 0.569983 0.140030 0.128162
7 0.843988 0.543845 0.114155 0.102867
8 0.898782 0.590219 0.083714 0.198988
8 0.157534 0.763069 0.141553 0.133221
9 0.770928 0.343170 0.089802 0.102867
9 0.564688 0.597808 0.070015 0.150084
10 0.289954 0.413153 0.120244 0.097808
10 0.863775 0.323777 0.098935 0.141653
11 0.494673 0.694772 0.112633 0.094435
11 0.344749 0.801012 0.077626 0.188870
12 0.145358 0.644182 0.114155 0.084317
12 0.224505 0.596121 0.126332 0.062395
13 0.086758 0.479764 0.115677 0.096121
13 0.458143 0.319562 0.124810 0.065767
14 0.885845 0.238617 0.136986 0.059022
14 0.159056 0.540472 0.117199 0.086003
15 0.337900 0.643339 0.103501 0.062395
15 0.734399 0.610455 0.108067 0.070826
16 0.518265 0.488196 0.120244 0.065767
16 0.687976 0.659359 0.109589 0.080944
17 0.492390 0.362563 0.077626 0.064081
17 0.760274 0.127319 0.056317 0.102867
18 0.682648 0.206577 0.065449 0.069140
18 0.499239 0.559022 0.070015 0.069140
19 0.502283 0.233558 0.048706 0.082631
19 0.388128 0.675379 0.063927 0.072513
20 0.401065 0.080101 0.074581 0.055649
20 0.229833 0.413153 0.066971 0.040472
21 0.504566 0.682125 0.062405 0.059022
21 0.527397 0.799325 0.050228 0.067454
22 0.185693 0.500843 0.124810 0.151771
22 0.230594 0.786678 0.141553 0.089376