0 0.138752 0.690713 0.221675 0.220564
0 0.175698 0.574627 0.246305 0.197347
1 0.763547 0.334992 0.262726 0.192371
1 0.274220 0.459370 0.220033 0.129353
2 0.588670 0.129353 0.192118 0.195688
2 0.599343 0.640962 0.233169 0.114428
3 0.441708 0.397181 0.233169 0.081260
3 0.193760 0.561360 0.206897 0.131012
4 0.627258 0.850746 0.131363 0.182421
4 0.812808 0.293532 0.114943 0.195688
5 0.665846 0.568823 0.116585 0.155887
5 0.495074 0.306799 0.126437 0.122720
6 0.307882 0.824212 0.087028 0.202322
6 0.202791 0.783582 0.110016 0.180763
7 0.826765 0.786899 0.126437 0.137645
7 0.177340 0.280265 0.124795 0.172471
8 0.823481 0.536484 0.155993 0.131012
8 0.313629 0.644279 0.078818 0.174129
9 0.798030 0.549751 0.180624 0.094527
9 0.828407 0.312604 0.188834 0.084577
10 0.426108 0.833333 0.146141 0.097844
10 0.407225 0.648425 0.088670 0.116086
11 0.486864 0.902156 0.110016 0.162521
11 0.649425 0.104478 0.155993 0.119403
12 0.772578 0.229685 0.142857 0.111111
12 0.156814 0.381426 0.139573 0.086235
13 0.261084 0.188226 0.124795 0.111111
13 0.626437 0.500829 0.077176 0.132670
14 0.381773 0.540630 0.116585 0.116086
14 0.425287 0.878939 0.095238 0.126036
15 0.738916 0.503317 0.091954 0.111111
15 0.180624 0.300995 0.131363 0.097844
16 0.465517 0.615257 0.077176 0.119403
16 0.834975 0.888060 0.083744 0.117745
17 0.258621 0.823383 0.106732 0.058043
17 0.378489 0.739635 0.113300 0.066335
18 0.478654 0.174129 0.106732 0.072968
18 0.645320 0.842454 0.085386 0.086235
19 0.926929 0.368159 0.077176 0.106136
19 0.262726 0.858209 0.101806 0.054726
20 0.674056 0.572968 0.070608 0.051410
20 0.271757 0.897181 0.073892 0.056385
21 0.590312 0.420398 0.060755 0.101161
21 0.432677 0.398839 0.070608 0.097844
22 0.528736 0.717247 0.154351 0.111111
22 0.292282 0.630182 0.190476 0.069652