0 0.343023 0.281997 0.097674 0.226442
0 0.251163 0.632208 0.165116 0.164557
1 0.488372 0.451477 0.153488 0.154712
1 0.225000 0.814346 0.156977 0.104079
2 0.303488 0.789733 0.109302 0.192686
2 0.451744 0.836850 0.075581 0.101266
3 0.405814 0.932489 0.181395 0.073136
3 0.463372 0.181435 0.117442 0.157525
4 0.536047 0.245429 0.141860 0.085795
4 0.579651 0.789733 0.163953 0.068917
5 0.616860 0.123769 0.066279 0.174402
5 0.473256 0.471167 0.127907 0.126582
6 0.138372 0.417018 0.125581 0.127989
6 0.317442 0.178622 0.132558 0.112518
7 0.676744 0.300985 0.041860 0.157525
7 0.068605 0.638537 0.072093 0.101266
8 0.235465 0.507032 0.068605 0.136428
8 0.337791 0.620956 0.084884 0.136428
9 0.345930 0.391702 0.115116 0.080169
9 0.114535 0.255274 0.103488 0.144866
10 0.491860 0.215893 0.113953 0.102672
10 0.362209 0.478903 0.089535 0.108298
11 0.531977 0.332630 0.112791 0.071730
11 0.368605 0.829114 0.111628 0.091421
12 0.697093 0.584388 0.091860 0.082982
12 0.622093 0.606188 0.058140 0.120956
13 0.582558 0.465541 0.058140 0.118143
13 0.350000 0.471871 0.060465 0.105485
14 0.092442 0.372714 0.050000 0.143460
14 0.156395 0.312940 0.047674 0.119550
15 0.268023 0.416315 0.052326 0.109705
15 0.467442 0.069620 0.069767 0.088608
16 0.473837 0.348805 0.054651 0.090014
16 0.726163 0.306610 0.050000 0.104079
17 0.562791 0.582278 0.074419 0.070323
17 0.458140 0.694093 0.081395 0.057665
18 0.631395 0.474684 0.055814 0.077356
18 0.530233 0.129395 0.065116 0.064698
19 0.853488 0.696203 0.060465 0.090014
19 0.130814 0.477496 0.068605 0.057665
20 0.939535 0.689873 0.062791 0.063291
20 0.437209 0.303094 0.051163 0.054852
21 0.679651 0.613221 0.052326 0.064698
21 0.410465 0.369902 0.037209 0.075949
22 0.286628 0.239803 0.136047 0.082982
23 0.239535 0.755977 0.060465 0.049226