0 0.657986 0.858733 0.250000 0.241438
0 0.364583 0.600171 0.104167 0.166096
1 0.367188 0.819349 0.286458 0.111301
1 0.263021 0.333904 0.144097 0.212329
2 0.105903 0.401541 0.166667 0.145548
2 0.717882 0.242295 0.144097 0.183219
3 0.256076 0.458048 0.185764 0.083904
3 0.444444 0.869863 0.177083 0.195205
4 0.264757 0.170377 0.154514 0.186644
4 0.622396 0.377568 0.098958 0.196918
5 0.488715 0.098459 0.119792 0.152397
5 0.394097 0.328767 0.215278 0.106164
6 0.715278 0.663527 0.159722 0.131849
6 0.203993 0.771404 0.081597 0.186644
7 0.509549 0.595890 0.053819 0.174658
7 0.191840 0.613870 0.098958 0.172945
8 0.653646 0.680651 0.119792 0.131849
8 0.312500 0.214041 0.100694 0.157534
9 0.423611 0.388699 0.135417 0.078767
9 0.688368 0.250856 0.116319 0.148973
10 0.421875 0.225171 0.118056 0.107877
10 0.565972 0.811644 0.170139 0.095890
11 0.577257 0.797089 0.126736 0.114726
11 0.596354 0.896404 0.168403 0.073630
12 0.289062 0.319349 0.116319 0.070205
12 0.438368 0.461473 0.151042 0.053082
13 0.743056 0.460616 0.138889 0.068493
13 0.306424 0.686644 0.105903 0.119863
14 0.616319 0.401541 0.111111 0.087329
14 0.341146 0.551370 0.147569 0.037671
15 0.434028 0.663527 0.062500 0.111301
15 0.130208 0.666952 0.093750 0.107877
16 0.595486 0.595890 0.100694 0.078767
16 0.526910 0.576199 0.112847 0.073630
17 0.362847 0.913527 0.104167 0.063356
17 0.829861 0.690925 0.076389 0.063356
18 0.554688 0.314212 0.067708 0.073630
18 0.329861 0.668664 0.059028 0.094178
19 0.884549 0.738870 0.092014 0.066781
19 0.893229 0.504281 0.095486 0.053082
20 0.767361 0.804795 0.069444 0.065068
20 0.522569 0.166096 0.069444 0.061644
21 0.703993 0.673801 0.057292 0.073630
21 0.848958 0.386130 0.086806 0.046233
22 0.769097 0.418664 0.100694 0.183219
22 0.170139 0.520548 0.104167 0.095890