0 0.488327 0.220627 0.099870 0.219321
0 0.323606 0.457572 0.239948 0.100522
1 0.472114 0.351828 0.243839 0.100522
1 0.893645 0.601828 0.108949 0.211488
2 0.667315 0.469321 0.156939 0.139687
2 0.791180 0.727154 0.114137 0.151436
3 0.646563 0.106397 0.156939 0.113577
3 0.634241 0.367493 0.075227 0.168407
4 0.871595 0.400131 0.137484 0.108355
4 0.405318 0.118146 0.076524 0.155352
5 0.474060 0.627937 0.151751 0.114883
5 0.510376 0.655352 0.146563 0.140992
6 0.709468 0.774804 0.140078 0.110966
6 0.070039 0.336815 0.085603 0.148825
7 0.596628 0.664491 0.070039 0.146214
7 0.702983 0.169060 0.147860 0.048303
8 0.370947 0.425587 0.083009 0.112272
8 0.723087 0.279373 0.123217 0.096606
9 0.645266 0.221932 0.112840 0.109661
9 0.861868 0.746736 0.151751 0.052219
10 0.471466 0.400131 0.112840 0.118799
10 0.230869 0.719321 0.075227 0.140992
11 0.550584 0.739556 0.063554 0.150131
11 0.294423 0.626632 0.134890 0.078329
12 0.197795 0.324413 0.084306 0.113577
12 0.645914 0.627285 0.093385 0.092689
13 0.646563 0.891645 0.123217 0.057441
13 0.771077 0.801567 0.102464 0.078329
14 0.378080 0.582898 0.073930 0.110966
14 0.218547 0.509791 0.089494 0.105744
15 0.803502 0.323760 0.050584 0.104439
15 0.666018 0.499347 0.102464 0.048303
16 0.411154 0.285248 0.070039 0.095300
16 0.374838 0.815927 0.095979 0.080940
17 0.570687 0.237598 0.051881 0.093995
17 0.315175 0.628590 0.075227 0.079634
18 0.847601 0.486945 0.076524 0.049608
18 0.285344 0.508486 0.077821 0.050914
19 0.712062 0.838773 0.080415 0.056136
19 0.645914 0.936684 0.044099 0.087467
20 0.706874 0.704308 0.067445 0.045692
20 0.356031 0.246084 0.058366 0.053525
21 0.593385 0.323107 0.068742 0.045692
21 0.798314 0.557441 0.060960 0.062663
22 0.809987 0.500653 0.092088 0.142298
22 0.678988 0.210183 0.159533 0.052219