0 0.121145 0.664040 0.080764 0.230659
0 0.256241 0.547278 0.189427 0.140401
1 0.753304 0.514327 0.143906 0.143266
1 0.703377 0.615330 0.170338 0.184814
2 0.452276 0.397564 0.190896 0.087393
2 0.317181 0.808023 0.193833 0.065903
3 0.319383 0.542980 0.118943 0.148997
3 0.439060 0.375358 0.167401 0.140401
4 0.453010 0.295129 0.139501 0.146132
4 0.372981 0.285100 0.152717 0.103152
5 0.080029 0.714183 0.080764 0.179083
5 0.301762 0.893983 0.186490 0.100287
6 0.403084 0.525788 0.080764 0.148997
6 0.638032 0.457020 0.069016 0.163324
7 0.564611 0.868911 0.160059 0.078797
7 0.425110 0.674785 0.083700 0.131805
8 0.447871 0.922636 0.126285 0.083095
8 0.455947 0.647564 0.124816 0.085960
9 0.453010 0.207020 0.116006 0.110315
9 0.323054 0.727794 0.120411 0.077364
10 0.339941 0.675501 0.118943 0.073066
10 0.416300 0.664756 0.116006 0.100287
11 0.380323 0.880372 0.126285 0.127507
11 0.309104 0.838825 0.139501 0.050143
12 0.102056 0.557307 0.092511 0.120344
12 0.656388 0.205587 0.085169 0.116046
13 0.486050 0.589542 0.064611 0.118911
13 0.737885 0.186963 0.051395 0.124642
14 0.244493 0.762178 0.104258 0.063037
14 0.242291 0.586676 0.046990 0.118911
15 0.671072 0.074499 0.108664 0.068768
15 0.905286 0.260029 0.063142 0.110315
16 0.772394 0.404728 0.099853 0.078797
16 0.690896 0.741404 0.060206 0.113181
17 0.176946 0.585244 0.057269 0.084527
17 0.709985 0.421203 0.054332 0.097421
18 0.763583 0.507163 0.067548 0.080229
18 0.189427 0.711318 0.052863 0.081662
19 0.296623 0.396132 0.064611 0.084527
19 0.187959 0.815186 0.085169 0.057307
20 0.662261 0.139685 0.064611 0.061605
20 0.110866 0.825215 0.071953 0.063037
21 0.723201 0.701289 0.060206 0.078797
21 0.735683 0.269341 0.052863 0.077364
22 0.193833 0.679083 0.114537 0.117479
22 0.382526 0.509312 0.118943 0.127507