0 0.833692 0.722222 0.130248 0.188552
0 0.807320 0.728114 0.187298 0.200337
1 0.937029 0.686027 0.074273 0.260943
1 0.310011 0.473064 0.165770 0.124579
2 0.706674 0.907407 0.091496 0.111111
2 0.318084 0.583333 0.054898 0.244108
3 0.353606 0.390572 0.130248 0.121212
3 0.604413 0.812290 0.054898 0.217172
4 0.786868 0.760943 0.139935 0.138047
4 0.639935 0.489899 0.059203 0.205387
5 0.086652 0.668350 0.123789 0.077441
5 0.607643 0.400673 0.110872 0.151515
6 0.215285 0.212963 0.107643 0.072391
6 0.100646 0.580808 0.095802 0.148148
7 0.228202 0.268519 0.103337 0.085859
7 0.328310 0.712121 0.111948 0.080808
8 0.493003 0.221380 0.064586 0.092593
8 0.204521 0.287037 0.094726 0.099327
9 0.462863 0.730640 0.071044 0.134680
9 0.722820 0.678451 0.104413 0.101010
10 0.616792 0.300505 0.092573 0.146465
10 0.477395 0.111953 0.069968 0.143098
11 0.735199 0.207912 0.077503 0.139731
11 0.335307 0.069865 0.097955 0.092593
12 0.545748 0.803872 0.081808 0.109428
12 0.625404 0.879630 0.058127 0.132997
13 0.246502 0.849327 0.094726 0.085859
13 0.554898 0.832492 0.076426 0.112795
14 0.611410 0.154882 0.094726 0.084175
14 0.637244 0.515152 0.075350 0.117845
15 0.269645 0.357744 0.039828 0.116162
15 0.145856 0.678451 0.050592 0.124579
16 0.745425 0.283670 0.087191 0.052189
16 0.772336 0.508418 0.039828 0.124579
17 0.388052 0.771044 0.072121 0.063973
17 0.307320 0.223906 0.069968 0.063973
18 0.602260 0.363636 0.046286 0.067340
18 0.413886 0.091751 0.041981 0.099327
19 0.548439 0.437710 0.050592 0.084175
19 0.491927 0.716330 0.043057 0.089226
20 0.678149 0.098485 0.060280 0.069024
20 0.497309 0.090909 0.036598 0.070707
21 0.573735 0.090909 0.032293 0.097643
21 0.677072 0.518519 0.034446 0.094276
22 0.789020 0.591751 0.064586 0.129630
22 0.328310 0.712121 0.111948 0.080808
23 0.306781 0.756734 0.045210 0.079125