0 0.373462 0.134328 0.226714 0.179104
0 0.428822 0.587065 0.133568 0.242123
1 0.425308 0.352405 0.151142 0.213930
1 0.565905 0.264511 0.119508 0.194030
2 0.288225 0.692371 0.214411 0.107794
2 0.684534 0.670813 0.142355 0.184080
3 0.234622 0.369818 0.163445 0.172471
3 0.711775 0.320896 0.151142 0.150912
4 0.557996 0.199834 0.181019 0.094527
4 0.498243 0.850746 0.212654 0.092869
5 0.869947 0.202322 0.137083 0.182421
5 0.190685 0.528192 0.103691 0.147595
6 0.314587 0.479270 0.137083 0.079602
6 0.859402 0.499171 0.087873 0.182421
7 0.205624 0.610282 0.165202 0.059701
7 0.760105 0.403814 0.117750 0.117745
8 0.784710 0.616915 0.103691 0.129353
8 0.717047 0.796849 0.115993 0.121061
9 0.372583 0.577114 0.165202 0.079602
9 0.239016 0.278607 0.094903 0.086235
10 0.594025 0.615257 0.084359 0.132670
10 0.575571 0.510779 0.075571 0.126036
11 0.136204 0.159204 0.145870 0.149254
11 0.137961 0.747098 0.103691 0.144279
12 0.314587 0.421227 0.098418 0.102819
12 0.761863 0.497512 0.072056 0.132670
13 0.428822 0.745439 0.101933 0.071310
13 0.465729 0.800166 0.045694 0.094527
14 0.565905 0.117745 0.126538 0.059701
14 0.193322 0.425373 0.098418 0.127695
15 0.459578 0.683250 0.107206 0.053068
15 0.302285 0.640133 0.080844 0.063018
16 0.604569 0.359867 0.094903 0.069652
16 0.391916 0.780265 0.101933 0.081260
17 0.537786 0.953566 0.115993 0.066335
17 0.138840 0.413765 0.052724 0.111111
18 0.580844 0.440299 0.093146 0.048093
18 0.519332 0.526534 0.072056 0.067993
19 0.413884 0.438640 0.072056 0.077944
19 0.624780 0.526534 0.050967 0.081260
20 0.382250 0.285240 0.086116 0.053068
20 0.688049 0.300995 0.061511 0.084577
21 0.639719 0.250415 0.077329 0.053068
21 0.624780 0.526534 0.050967 0.081260
22 0.688049 0.609453 0.142355 0.114428
22 0.555360 0.716418 0.130053 0.092869