0 0.317396 0.359001 0.089522 0.195630
0 0.236521 0.294485 0.198372 0.087409
1 0.925229 0.509365 0.108850 0.130073
1 0.328586 0.536941 0.113937 0.156087
2 0.623601 0.543704 0.093591 0.111342
2 0.501526 0.498959 0.085453 0.130073
3 0.180570 0.452653 0.070193 0.156087
3 0.405900 0.711238 0.087487 0.134235
4 0.274669 0.292404 0.085453 0.141519
4 0.473042 0.529657 0.063072 0.122789
5 0.649034 0.377732 0.144456 0.052029
5 0.276704 0.335588 0.099695 0.096774
6 0.649034 0.483351 0.103764 0.084287
6 0.592065 0.426639 0.087487 0.079084
7 0.579858 0.693028 0.048830 0.122789
7 0.665310 0.570760 0.109868 0.063476
8 0.662258 0.595734 0.105799 0.071800
8 0.535097 0.500000 0.079349 0.061394
9 0.451170 0.479709 0.043744 0.112383
9 0.379959 0.475026 0.090539 0.067638
10 0.770600 0.354839 0.096643 0.064516
10 0.308749 0.767950 0.070193 0.112383
11 0.589013 0.587409 0.075280 0.088450
11 0.379959 0.508845 0.084435 0.087409
12 0.500509 0.332986 0.065107 0.097815
12 0.863174 0.550468 0.082401 0.095734
13 0.736521 0.475026 0.093591 0.055151
13 0.530010 0.238293 0.083418 0.079084
14 0.424720 0.118626 0.047813 0.097815
14 0.459308 0.190947 0.043744 0.092612
15 0.757375 0.395942 0.051882 0.078044
15 0.433367 0.048387 0.059003 0.065557
16 0.728383 0.533819 0.081384 0.041623
16 0.475585 0.714880 0.078332 0.037461
17 0.514242 0.704475 0.049847 0.072841
17 0.330112 0.512487 0.062055 0.053070
18 0.047304 0.632674 0.062055 0.062435
18 0.702442 0.437045 0.060020 0.045786
19 0.404883 0.164932 0.059003 0.069719
19 0.727874 0.509886 0.055951 0.033299
20 0.692777 0.258585 0.065107 0.040583
20 0.356562 0.948491 0.035605 0.059313
21 0.812818 0.403226 0.046796 0.059313
21 0.124110 0.193548 0.044761 0.060354
22 0.413530 0.467742 0.080366 0.088450
22 0.125636 0.658169 0.112920 0.075963