0 0.387597 0.724080 0.133333 0.247492
0 0.604651 0.176421 0.136434 0.232441
1 0.701550 0.889632 0.153488 0.180602
1 0.522481 0.243311 0.065116 0.192308
2 0.124806 0.432274 0.175194 0.102007
2 0.524806 0.863712 0.091473 0.178930
3 0.248837 0.804348 0.144186 0.127090
3 0.880620 0.647157 0.173643 0.076923
4 0.637209 0.369565 0.093023 0.167224
4 0.408527 0.681438 0.156589 0.085284
5 0.398450 0.346154 0.120930 0.147157
5 0.489147 0.653010 0.122481 0.138796
6 0.196899 0.538462 0.102326 0.143813
6 0.656589 0.139632 0.094574 0.155518
7 0.727132 0.214883 0.074419 0.152174
7 0.368992 0.474080 0.089922 0.142140
8 0.262016 0.622074 0.111628 0.093645
8 0.448062 0.799331 0.136434 0.073579
9 0.755039 0.142140 0.133333 0.103679
9 0.478295 0.285953 0.057364 0.137124
10 0.191473 0.341973 0.125581 0.078595
10 0.531008 0.620401 0.100775 0.080268
11 0.265891 0.307692 0.134884 0.093645
11 0.431008 0.517559 0.130233 0.065217
12 0.269767 0.762542 0.080620 0.117057
12 0.658140 0.788462 0.113178 0.055184
13 0.197674 0.265050 0.100775 0.095318
13 0.324806 0.623746 0.097674 0.086957
13 0.575969 0.222408 0.106977 0.066890
14 0.196124 0.193980 0.066667 0.120401
14 0.631783 0.749164 0.088372 0.090301
15 0.630233 0.826087 0.094574 0.053512
16 0.593023 0.642140 0.057364 0.090301
16 0.594574 0.265050 0.069767 0.135452
17 0.441085 0.851171 0.091473 0.060201
17 0.866667 0.324415 0.096124 0.056856
18 0.317054 0.684783 0.057364 0.081940
18 0.735659 0.091137 0.088372 0.065217
19 0.141085 0.464883 0.077519 0.083612
20 0.606202 0.863712 0.068217 0.051839
20 0.440310 0.219064 0.052713 0.070234
21 0.238760 0.392977 0.068217 0.056856
21 0.856589 0.362876 0.072868 0.060201
21 0.026357 0.183946 0.052713 0.076923
22 0.693798 0.386288 0.137984 0.080268
22 0.141860 0.739130 0.119380 0.113712