0 0.846477 0.516746 0.138801 0.258373
0 0.868034 0.540072 0.194532 0.113636
1 0.497371 0.510167 0.113565 0.116029
1 0.109359 0.805622 0.212408 0.080144
2 0.254995 0.678230 0.099895 0.105263
2 0.627234 0.320574 0.141956 0.100478
3 0.467928 0.930622 0.115668 0.100478
3 0.468980 0.344498 0.109359 0.107656
4 0.499474 0.749402 0.094637 0.178230
4 0.605152 0.639354 0.110410 0.132775
5 0.700841 0.349282 0.127234 0.157895
5 0.789169 0.331938 0.101998 0.142344
6 0.699264 0.277512 0.096740 0.093301
6 0.855415 0.485646 0.120925 0.098086
7 0.347529 0.351675 0.097792 0.081340
7 0.576236 0.269737 0.060988 0.058612
8 0.760252 0.766148 0.090431 0.154306
8 0.455836 0.232057 0.087277 0.076555
9 0.379075 0.665072 0.076761 0.110048
9 0.824395 0.448565 0.086225 0.145933
10 0.660883 0.467703 0.108307 0.062201
10 0.516299 0.500598 0.056782 0.092105
11 0.532597 0.657297 0.087277 0.106459
11 0.295478 0.436005 0.124080 0.056220
12 0.213985 0.061005 0.116719 0.081340
12 0.410095 0.513158 0.039958 0.100478
13 0.479495 0.388158 0.092534 0.070574
13 0.144059 0.181220 0.107256 0.075359
14 0.443743 0.747608 0.096740 0.069378
14 0.657729 0.406699 0.059937 0.066986
15 0.245531 0.514354 0.051525 0.083732
15 0.227129 0.925837 0.071504 0.076555
16 0.372766 0.473086 0.074658 0.053828
16 0.557834 0.510167 0.064143 0.082536
17 0.933228 0.732656 0.076761 0.096890
17 0.342797 0.302033 0.075710 0.044258
18 0.381703 0.744617 0.056782 0.058612
18 0.392219 0.391746 0.060988 0.051435
19 0.316509 0.404306 0.063091 0.040670
19 0.162461 0.520335 0.064143 0.059809
20 0.592534 0.511364 0.045216 0.053828
20 0.360147 0.657297 0.047319 0.044258
21 0.590431 0.564593 0.053628 0.047847
21 0.896425 0.414474 0.057834 0.053828
22 0.191377 0.528110 0.079916 0.116029
23 0.773922 0.385766 0.046267 0.061005