0 0.508264 0.528814 0.107438 0.233898
0 0.290289 0.352542 0.183884 0.261017
1 0.178719 0.545763 0.150826 0.244068
1 0.222107 0.671186 0.328512 0.057627
2 0.429752 0.066102 0.260331 0.105085
2 0.721074 0.570339 0.152893 0.116949
3 0.645661 0.883051 0.142562 0.206780
3 0.236570 0.274576 0.258264 0.088136
4 0.434917 0.852542 0.208678 0.135593
4 0.740702 0.401695 0.225207 0.071186
5 0.910124 0.384746 0.113636 0.183051
5 0.632231 0.299153 0.169421 0.133898
6 0.427686 0.163559 0.231405 0.066102
6 0.556818 0.255085 0.212810 0.066102
7 0.555785 0.086441 0.169421 0.074576
7 0.620868 0.799153 0.134298 0.133898
8 0.311983 0.756780 0.078512 0.161017
8 0.200413 0.462712 0.185950 0.057627
9 0.192149 0.764407 0.140496 0.135593
9 0.791322 0.312712 0.128099 0.110169
10 0.806818 0.160169 0.159091 0.110169
10 0.288223 0.271186 0.188017 0.074576
11 0.381198 0.397458 0.163223 0.076271
11 0.846074 0.531356 0.196281 0.049153
12 0.461777 0.754237 0.142562 0.081356
12 0.667355 0.634746 0.161157 0.045763
13 0.308884 0.612712 0.113636 0.093220
13 0.722107 0.444068 0.105372 0.094915
14 0.092975 0.410169 0.061983 0.132203
14 0.233471 0.803390 0.066116 0.125424
15 0.613636 0.206780 0.107438 0.077966
15 0.533058 0.294068 0.078512 0.079661
16 0.581612 0.495763 0.076446 0.096610
16 0.600207 0.328814 0.068182 0.098305
17 0.549587 0.432203 0.066116 0.091525
17 0.539256 0.824576 0.066116 0.093220
18 0.413223 0.722881 0.090909 0.066102
18 0.408058 0.571186 0.064050 0.081356
19 0.354339 0.799153 0.055785 0.086441
19 0.259298 0.767797 0.055785 0.088136
20 0.635331 0.155932 0.068182 0.067797
20 0.473140 0.900000 0.090909 0.071186
21 0.619835 0.375424 0.074380 0.076271
21 0.729339 0.376271 0.070248 0.061017
22 0.247934 0.471186 0.095041 0.138983
23 0.431818 0.269492 0.095041 0.047458