0 0.326667 0.223975 0.138667 0.082019
0 0.572667 0.172450 0.185333 0.119874
1 0.601333 0.378023 0.114667 0.066246
1 0.721333 0.282860 0.066667 0.166141
2 0.468667 0.398528 0.124000 0.086225
2 0.621333 0.242902 0.098667 0.134595
3 0.372000 0.114090 0.098667 0.112513
3 0.292667 0.137750 0.092000 0.115668
4 0.394667 0.254995 0.141333 0.080967
4 0.506667 0.441115 0.061333 0.127234
5 0.771333 0.250789 0.057333 0.123028
5 0.378000 0.098843 0.150667 0.084122
6 0.504000 0.124080 0.053333 0.111462
6 0.596667 0.248160 0.140000 0.065195
7 0.642000 0.111462 0.118667 0.060988
7 0.626667 0.204522 0.112000 0.083070
8 0.557333 0.331230 0.098667 0.050473
8 0.770000 0.310200 0.092000 0.071504
9 0.708000 0.103575 0.069333 0.101998
9 0.900000 0.969506 0.128000 0.042061
10 0.481333 0.311251 0.074667 0.075710
10 0.396667 0.233438 0.102667 0.069401
11 0.224000 0.197687 0.069333 0.082019
11 0.816667 0.299159 0.084000 0.085174
12 0.106667 0.200841 0.082667 0.079916
12 0.152667 0.225552 0.113333 0.041009
13 0.456667 0.241325 0.062667 0.068349
13 0.459333 0.050999 0.073333 0.057834
14 0.602000 0.309674 0.076000 0.062040
14 0.494667 0.274448 0.040000 0.077813
15 0.226667 0.664038 0.085333 0.064143
15 0.160000 0.448475 0.066667 0.064143
16 0.446667 0.171399 0.077333 0.067298
16 0.222000 0.391693 0.065333 0.068349
17 0.296667 0.634069 0.068000 0.054679
17 0.078000 0.440063 0.094667 0.030494
18 0.108000 0.470032 0.074667 0.044164
18 0.249333 0.149317 0.058667 0.054679
19 0.626000 0.873817 0.049333 0.065195
19 0.204667 0.201367 0.057333 0.045216
20 0.109333 0.297581 0.066667 0.037855
20 0.080667 0.402734 0.046667 0.039958
21 0.768000 0.126709 0.056000 0.051525
21 0.517333 0.783386 0.064000 0.044164
22 0.153333 0.216614 0.066667 0.105152
23 0.266667 0.083070 0.061333 0.044164