0 0.732598 0.527539 0.151104 0.177281
0 0.612054 0.626506 0.195246 0.182444
1 0.761460 0.296902 0.232598 0.135972
1 0.191002 0.714286 0.168081 0.216867
2 0.565365 0.611876 0.118846 0.139415
2 0.726655 0.178141 0.207131 0.118761
3 0.401528 0.232358 0.171477 0.148021
3 0.831919 0.532702 0.091681 0.225473
4 0.606112 0.514630 0.115450 0.223752
4 0.185908 0.726334 0.134126 0.144578
5 0.289474 0.882100 0.178268 0.142857
5 0.438879 0.098967 0.246180 0.070568
6 0.318336 0.783993 0.117148 0.132530
6 0.106961 0.266781 0.091681 0.148021
7 0.072156 0.415663 0.086587 0.184165
7 0.432937 0.712565 0.122241 0.123924
8 0.270798 0.481928 0.127334 0.134251
8 0.539049 0.444062 0.137521 0.106713
9 0.556876 0.303787 0.132428 0.122203
9 0.212224 0.338210 0.159593 0.104991
10 0.128183 0.472461 0.140917 0.125645
10 0.268251 0.147160 0.084890 0.160069
11 0.538200 0.786575 0.084890 0.148021
11 0.346350 0.626506 0.112054 0.113597
12 0.209677 0.550775 0.151104 0.058520
12 0.188455 0.288296 0.125637 0.077453
13 0.830221 0.406196 0.129032 0.061962
13 0.241087 0.598107 0.135823 0.049914
14 0.720713 0.390706 0.106961 0.106713
14 0.531409 0.189329 0.105263 0.099828
15 0.410866 0.771084 0.108659 0.061962
15 0.802207 0.349398 0.083192 0.086059
16 0.390492 0.489673 0.064516 0.111876
16 0.393888 0.400172 0.098472 0.077453
17 0.446520 0.858003 0.115450 0.056799
17 0.477080 0.438898 0.074703 0.099828
18 0.669779 0.765921 0.066214 0.099828
18 0.227504 0.691050 0.101868 0.053356
19 0.262309 0.452668 0.069610 0.092943
19 0.303905 0.402754 0.081494 0.082616
20 0.750424 0.668675 0.047538 0.087780
20 0.679966 0.336489 0.062818 0.067126
21 0.742784 0.723752 0.093379 0.053356
21 0.477080 0.313253 0.074703 0.068847
22 0.898132 0.418244 0.105263 0.130809
23 0.189304 0.219449 0.069610 0.070568