0 0.635561 0.430556 0.088272 0.214912
0 0.390921 0.317251 0.163934 0.099415
1 0.658890 0.813596 0.160151 0.150585
1 0.604035 0.432749 0.085750 0.146199
2 0.669609 0.565789 0.080706 0.207602
2 0.734552 0.236111 0.089533 0.150585
3 0.643758 0.729532 0.147541 0.090643
3 0.559899 0.135965 0.105927 0.198830
4 0.426230 0.935673 0.146280 0.096491
4 0.428121 0.070906 0.157629 0.089181
5 0.522068 0.201754 0.146280 0.105263
5 0.515763 0.779240 0.131148 0.137427
6 0.085120 0.467105 0.119798 0.159357
6 0.767970 0.739035 0.080706 0.150585
7 0.265448 0.692251 0.079445 0.130117
7 0.414880 0.260234 0.080706 0.146199
8 0.424968 0.158626 0.110971 0.092105
8 0.523960 0.407895 0.066835 0.131579
9 0.807692 0.364766 0.114754 0.077485
9 0.635561 0.241959 0.073140 0.121345
10 0.912358 0.458333 0.056747 0.127193
10 0.679697 0.388889 0.128625 0.049708
11 0.894073 0.534357 0.078184 0.135965
11 0.368222 0.111111 0.113493 0.093567
12 0.431904 0.594298 0.071879 0.112573
12 0.757251 0.440058 0.099622 0.084795
13 0.732661 0.114035 0.083228 0.114035
13 0.854351 0.638158 0.104666 0.068713
14 0.441992 0.317251 0.056747 0.114035
14 0.828499 0.288012 0.047919 0.087719
15 0.272383 0.497076 0.058008 0.096491
15 0.151955 0.558480 0.099622 0.067251
16 0.704918 0.241228 0.095839 0.055556
16 0.644388 0.246345 0.052963 0.097953
17 0.310845 0.456140 0.064313 0.084795
17 0.807692 0.589181 0.071879 0.070175
18 0.849937 0.434211 0.073140 0.064327
18 0.436948 0.518275 0.064313 0.065789
19 0.808323 0.676170 0.040353 0.080409
19 0.585120 0.537281 0.065574 0.068713
20 0.955233 0.443713 0.049180 0.083333
20 0.713745 0.550439 0.068096 0.054094
21 0.835435 0.541667 0.056747 0.054094
21 0.474149 0.417398 0.060530 0.048246
22 0.843632 0.739766 0.052963 0.152047
22 0.632409 0.752193 0.064313 0.165205