0 0.662016 0.878968 0.260465 0.174603
0 0.338760 0.746032 0.094574 0.222222
1 0.690698 0.514881 0.069767 0.319444
1 0.890698 0.369048 0.088372 0.178571
2 0.283721 0.319444 0.114729 0.214286
2 0.270543 0.562500 0.085271 0.136905
3 0.449612 0.354167 0.170543 0.180556
3 0.644186 0.216270 0.106977 0.190476
4 0.796124 0.661706 0.103876 0.148810
4 0.606977 0.502976 0.110078 0.140873
5 0.178295 0.501984 0.111628 0.174603
5 0.295349 0.863095 0.110078 0.146825
6 0.865891 0.267857 0.159690 0.115079
6 0.588372 0.630952 0.100775 0.123016
7 0.231008 0.193452 0.130233 0.117063
7 0.332558 0.792659 0.131783 0.101190
8 0.643411 0.731151 0.102326 0.128968
8 0.441860 0.701389 0.071318 0.152778
9 0.205426 0.749008 0.144186 0.113095
9 0.478295 0.280754 0.054264 0.140873
10 0.786047 0.235119 0.083721 0.152778
10 0.499225 0.454365 0.089922 0.166667
11 0.441860 0.295635 0.093023 0.095238
11 0.154264 0.386905 0.079070 0.126984
12 0.810078 0.443452 0.106977 0.121032
12 0.276744 0.448413 0.116279 0.071429
13 0.710853 0.769841 0.103876 0.103175
13 0.713178 0.177579 0.130233 0.065476
14 0.614729 0.462302 0.063566 0.146825
14 0.620930 0.193452 0.079070 0.065476
15 0.071318 0.582341 0.089922 0.101190
15 0.423256 0.816468 0.052713 0.121032
16 0.449612 0.602183 0.096124 0.061508
16 0.537984 0.083333 0.096124 0.095238
17 0.336434 0.395833 0.058915 0.077381
17 0.566667 0.359127 0.051163 0.119048
18 0.616279 0.338294 0.048062 0.089286
18 0.445736 0.494048 0.041860 0.063492
19 0.174419 0.587302 0.066667 0.079365
19 0.657364 0.345238 0.046512 0.063492
20 0.558140 0.462302 0.052713 0.071429
20 0.210078 0.344246 0.057364 0.085317
21 0.368992 0.320437 0.055814 0.077381
21 0.295349 0.654762 0.057364 0.067460
22 0.917054 0.492063 0.106977 0.130952
22 0.402326 0.312500 0.122481 0.140873