0 0.608987 0.629161 0.250478 0.187750
0 0.563098 0.290280 0.323136 0.087883
1 0.307839 0.258988 0.214149 0.217044
1 0.481836 0.906125 0.206501 0.142477
2 0.812620 0.270306 0.145315 0.159787
2 0.587954 0.221039 0.066922 0.210386
3 0.456023 0.155792 0.185468 0.162450
3 0.766730 0.679760 0.156788 0.187750
4 0.869025 0.456059 0.185468 0.150466
4 0.872849 0.709720 0.082218 0.170439
5 0.233270 0.205060 0.256214 0.109188
5 0.647228 0.693742 0.185468 0.149134
6 0.410134 0.197736 0.219885 0.075899
6 0.108031 0.403462 0.105163 0.170439
7 0.810707 0.381491 0.198853 0.091877
7 0.785851 0.482024 0.114723 0.133156
8 0.631931 0.490679 0.158700 0.097204
8 0.620459 0.822237 0.200765 0.049268
9 0.484704 0.520639 0.170172 0.095872
9 0.488528 0.510652 0.097514 0.097204
10 0.378585 0.342876 0.130019 0.094541
10 0.396750 0.059920 0.196941 0.061252
11 0.490440 0.788948 0.177820 0.057257
11 0.579350 0.327563 0.195029 0.047936
12 0.646272 0.721039 0.110899 0.099867
12 0.528681 0.461385 0.173996 0.038615
13 0.434990 0.837550 0.105163 0.106525
13 0.885277 0.482024 0.122371 0.082557
14 0.623327 0.865513 0.152964 0.071904
14 0.521033 0.600533 0.135755 0.087883
15 0.377629 0.768975 0.135755 0.059920
15 0.705545 0.695739 0.065010 0.091877
16 0.515296 0.549933 0.089866 0.079893
16 0.381453 0.396804 0.139579 0.050599
17 0.736138 0.601864 0.107075 0.063915
17 0.361377 0.843542 0.065010 0.083888
18 0.705545 0.195739 0.110899 0.045273
18 0.471319 0.437417 0.108987 0.046605
19 0.647228 0.367510 0.112811 0.042610
19 0.909178 0.498668 0.093690 0.051931
20 0.493308 0.945406 0.076482 0.061252
20 0.759082 0.264980 0.095602 0.042610
21 0.642447 0.404128 0.103250 0.043941
21 0.609943 0.557257 0.087954 0.067909
22 0.686424 0.185087 0.152964 0.087883
22 0.758126 0.124501 0.173996 0.121172