0 0.366781 0.454680 0.106746 0.115271
0 0.047822 0.341379 0.078565 0.160591
1 0.406063 0.251724 0.169940 0.089655
1 0.159693 0.323645 0.073442 0.168473
2 0.451324 0.078818 0.139197 0.072906
2 0.611016 0.689655 0.105038 0.137931
3 0.486336 0.040887 0.144321 0.046305
3 0.771563 0.910345 0.065756 0.120197
4 0.514091 0.487192 0.112724 0.087685
4 0.315969 0.082759 0.064902 0.108374
5 0.584543 0.876847 0.072588 0.092611
5 0.434244 0.372414 0.134073 0.066995
6 0.601196 0.592118 0.090521 0.072906
6 0.942357 0.825123 0.108454 0.062069
7 0.556362 0.782759 0.081127 0.079803
7 0.942784 0.506404 0.087105 0.072906
8 0.460290 0.721675 0.075149 0.101478
8 0.315115 0.170443 0.104184 0.088670
9 0.825363 0.765517 0.053800 0.088670
9 0.344577 0.364532 0.060632 0.074877
10 0.539283 0.878325 0.040137 0.107389
10 0.532451 0.623153 0.093083 0.052217
11 0.371050 0.946305 0.079419 0.097537
11 0.663108 0.669951 0.077711 0.098522
12 0.278395 0.745320 0.070026 0.066010
12 0.522203 0.617734 0.052092 0.096552
13 0.266439 0.802463 0.061486 0.093596
13 0.344150 0.847783 0.075149 0.075862
14 0.149872 0.723645 0.045260 0.105419
14 0.116994 0.364532 0.052946 0.074877
15 0.379590 0.311330 0.067464 0.043350
15 0.642613 0.033005 0.052092 0.056158
16 0.176345 0.492611 0.058924 0.066995
16 0.880871 0.941379 0.064048 0.050246
17 0.235269 0.466995 0.058924 0.061084
17 0.222459 0.837438 0.036721 0.084729
18 0.274552 0.859113 0.045260 0.051232
18 0.181896 0.619704 0.054654 0.045320
19 0.231426 0.648768 0.052946 0.046305
19 0.936379 0.656158 0.041845 0.057143
20 0.436379 0.661576 0.042699 0.032512
20 0.382579 0.662562 0.047822 0.036453
21 0.105465 0.312808 0.060632 0.040394
21 0.516652 0.164532 0.040991 0.057143
22 0.647310 0.814286 0.078565 0.099507
22 0.408625 0.351724 0.058924 0.063054