0 0.356383 0.674136 0.138298 0.096031
0 0.319149 0.548656 0.146572 0.098592
1 0.414303 0.505122 0.067376 0.160051
1 0.619385 0.630602 0.156028 0.060179
2 0.460402 0.363636 0.088652 0.110115
2 0.489953 0.326504 0.107565 0.099872
3 0.290780 0.615237 0.113475 0.062740
3 0.806738 0.561460 0.114657 0.047375
4 0.430260 0.246479 0.113475 0.101152
4 0.561466 0.753521 0.085106 0.106274
5 0.445626 0.099232 0.087470 0.129321
5 0.166076 0.543534 0.102837 0.078105
6 0.076832 0.563380 0.099291 0.076825
6 0.846927 0.371959 0.074468 0.106274
7 0.726950 0.414853 0.092199 0.061460
7 0.552600 0.488476 0.053191 0.101152
8 0.406619 0.168374 0.104019 0.052497
8 0.408392 0.914853 0.076832 0.070423
9 0.749409 0.373239 0.068558 0.070423
9 0.526005 0.698464 0.092199 0.042254
10 0.086879 0.481434 0.098109 0.069142
11 0.250000 0.313700 0.074468 0.097311
11 0.300827 0.290653 0.074468 0.071703
12 0.613475 0.580666 0.073286 0.065301
12 0.623522 0.299616 0.046099 0.084507
13 0.138298 0.479513 0.066194 0.065301
13 0.680260 0.752241 0.065012 0.067862
14 0.375296 0.802177 0.088652 0.052497
14 0.725177 0.510883 0.065012 0.053777
15 0.711584 0.762484 0.042553 0.072983
15 0.656619 0.318182 0.034279 0.057618
16 0.099291 0.520487 0.044917 0.072983
16 0.360520 0.466069 0.054374 0.069142
17 0.278960 0.491677 0.042553 0.069142
17 0.387116 0.957746 0.062648 0.035851
18 0.696809 0.193342 0.048463 0.074264
18 0.417849 0.465429 0.053191 0.057618
19 0.430851 0.539052 0.039007 0.061460
19 0.192671 0.489757 0.044917 0.062740
20 0.935579 0.407810 0.057920 0.047375
20 0.427305 0.943662 0.041371 0.053777
21 0.430260 0.405890 0.037825 0.051216
21 0.503546 0.351472 0.049645 0.047375
22 0.628842 0.521767 0.070922 0.108835
23 0.468676 0.935980 0.055556 0.046095