0 0.701493 0.298233 0.208955 0.166421
0 0.522388 0.151694 0.143284 0.100147
1 0.322388 0.840943 0.182090 0.191458
1 0.479104 0.172312 0.125373 0.167894
2 0.763433 0.902798 0.222388 0.159057
2 0.262687 0.402798 0.083582 0.216495
3 0.210448 0.845361 0.179104 0.106038
3 0.175373 0.771723 0.186567 0.120766
4 0.906716 0.314433 0.100000 0.195876
4 0.462687 0.536819 0.176119 0.095729
5 0.927612 0.494109 0.111940 0.154639
5 0.466418 0.569219 0.189552 0.104566
6 0.743284 0.072165 0.173134 0.114875
6 0.568657 0.519146 0.128358 0.107511
7 0.600000 0.932253 0.104478 0.120766
7 0.071642 0.435935 0.110448 0.073638
8 0.394776 0.329161 0.061194 0.125184
8 0.409701 0.690722 0.126866 0.067747
9 0.163433 0.360825 0.067164 0.132548
9 0.120896 0.673785 0.143284 0.075110
10 0.414925 0.249632 0.128358 0.063328
10 0.243284 0.480854 0.086567 0.139912
11 0.341791 0.783505 0.116418 0.097202
11 0.617164 0.865979 0.132836 0.070692
12 0.144776 0.478645 0.044776 0.120766
12 0.235821 0.697349 0.119403 0.057437
13 0.379851 0.670103 0.058209 0.111929
13 0.247015 0.645066 0.088060 0.067747
14 0.373134 0.500000 0.086567 0.095729
14 0.424627 0.675994 0.079104 0.100147
15 0.557463 0.656848 0.094030 0.076583
15 0.488060 0.688513 0.065672 0.083947
16 0.772388 0.396171 0.088060 0.085420
16 0.616418 0.124448 0.053731 0.122239
17 0.795522 0.829161 0.050746 0.097202
17 0.238060 0.256259 0.097015 0.053019
18 0.517910 0.596465 0.071642 0.053019
18 0.479104 0.305596 0.071642 0.066274
19 0.614179 0.793078 0.073134 0.063328
19 0.770896 0.607511 0.064179 0.072165
20 0.296269 0.653903 0.040299 0.076583
20 0.702239 0.853461 0.049254 0.063328
21 0.714179 0.518409 0.055224 0.076583
21 0.379851 0.173049 0.070149 0.063328
22 0.542537 0.069219 0.138806 0.073638
22 0.619403 0.502946 0.095522 0.110457