0 0.231707 0.371990 0.175166 0.069708
0 0.050998 0.358048 0.075388 0.110266
1 0.634146 0.634981 0.126386 0.121673
1 0.366962 0.235741 0.097561 0.096324
2 0.233370 0.094423 0.125277 0.145754
2 0.588692 0.254119 0.075388 0.135615
3 0.262195 0.273764 0.069845 0.164766
3 0.400776 0.688213 0.074279 0.157161
4 0.693459 0.892269 0.038803 0.159696
4 0.402993 0.274398 0.118625 0.097592
5 0.790466 0.407478 0.082040 0.133080
5 0.834812 0.338403 0.104213 0.116603
6 0.871397 0.388466 0.079823 0.130545
6 0.762195 0.688847 0.092018 0.069708
7 0.711197 0.125475 0.072062 0.088720
7 0.515521 0.887833 0.082040 0.084918
8 0.197339 0.331432 0.064302 0.102662
8 0.763304 0.628644 0.078714 0.093790
9 0.539911 0.518378 0.046563 0.126743
9 0.377494 0.231305 0.100887 0.072243
10 0.730044 0.280735 0.092018 0.074778
10 0.231153 0.799747 0.096452 0.068441
11 0.833149 0.268061 0.098670 0.077313
11 0.130266 0.160963 0.049889 0.114068
12 0.722284 0.536122 0.074279 0.068441
12 0.386364 0.167300 0.074279 0.083650
13 0.745565 0.235741 0.069845 0.058302
13 0.382483 0.598859 0.075388 0.072243
14 0.947339 0.148923 0.076497 0.087452
14 0.670732 0.947402 0.044346 0.074778
15 0.056541 0.216730 0.059867 0.076046
15 0.144678 0.138150 0.041020 0.073511
16 0.356984 0.678707 0.042129 0.087452
16 0.532151 0.139417 0.055432 0.065906
17 0.888027 0.307985 0.055432 0.060837
17 0.740576 0.271229 0.068736 0.040558
18 0.197894 0.205957 0.056541 0.062104
18 0.269956 0.352345 0.058758 0.038023
19 0.818182 0.214829 0.050998 0.054499
19 0.312084 0.254753 0.056541 0.038023
20 0.570953 0.311153 0.053215 0.041825
20 0.595344 0.166667 0.044346 0.059569
21 0.504989 0.336502 0.054324 0.041825
21 0.398004 0.188213 0.050998 0.044360
22 0.552106 0.826362 0.097561 0.068441
23 0.525499 0.536755 0.033259 0.049430