0 0.668563 0.127240 0.139607 0.106332
0 0.658738 0.225806 0.076525 0.136201
1 0.736298 0.093190 0.113754 0.131422
1 0.819545 0.655914 0.118925 0.124253
2 0.789038 0.502389 0.084798 0.113501
2 0.533609 0.707885 0.119959 0.053763
3 0.437952 0.312425 0.044467 0.113501
3 0.488108 0.678017 0.099276 0.053763
4 0.931231 0.563919 0.089969 0.107527
4 0.548604 0.092593 0.100310 0.056153
5 0.556360 0.696535 0.043433 0.117085
5 0.356774 0.557945 0.097208 0.066906
6 0.453464 0.417563 0.046536 0.101553
6 0.545502 0.470131 0.046536 0.096774
7 0.888314 0.614695 0.049638 0.103943
7 0.430196 0.506571 0.086867 0.047790
8 0.741468 0.222820 0.055843 0.072879
8 0.640641 0.788530 0.081696 0.074074
9 0.698552 0.692951 0.063082 0.083632
9 0.536194 0.259857 0.069286 0.072879
10 0.841779 0.238351 0.066184 0.087216
10 0.446225 0.734170 0.075491 0.082437
11 0.530507 0.215651 0.080662 0.051374
11 0.450879 0.639188 0.043433 0.090800
12 0.829369 0.450418 0.053775 0.078853
12 0.499483 0.379331 0.057911 0.082437
13 0.394519 0.332736 0.046536 0.075269
13 0.779214 0.347073 0.058945 0.063321
14 0.709411 0.572879 0.035160 0.082437
14 0.630817 0.487455 0.068252 0.045400
15 0.619959 0.263441 0.042399 0.065711
15 0.498449 0.583035 0.062048 0.040621
16 0.605481 0.913978 0.048604 0.076464
16 0.653051 0.642174 0.036194 0.075269
17 0.662358 0.333931 0.054809 0.039427
17 0.731644 0.509558 0.044467 0.058542
18 0.579628 0.935484 0.044467 0.071685
18 0.369700 0.695938 0.052740 0.032258
19 0.474147 0.172043 0.048604 0.059737
19 0.758532 0.394863 0.048604 0.048984
20 0.419338 0.301673 0.029990 0.051374
20 0.327818 0.949223 0.041365 0.060932
21 0.508790 0.462366 0.043433 0.045400
21 0.047570 0.638590 0.049638 0.039427
22 0.578594 0.345878 0.061013 0.058542
22 0.464323 0.810633 0.047570 0.113501