0 0.141636 0.566667 0.117216 0.120000
0 0.197802 0.376970 0.163614 0.067879
1 0.073871 0.786667 0.084249 0.116364
1 0.771673 0.615758 0.105006 0.169697
2 0.849206 0.439394 0.150183 0.090909
2 0.795482 0.666061 0.084249 0.134545
3 0.935897 0.584848 0.086691 0.149091
3 0.172772 0.396364 0.125763 0.111515
4 0.465201 0.921818 0.126984 0.086061
4 0.639194 0.243030 0.096459 0.105455
5 0.541514 0.193333 0.076923 0.153939
5 0.688645 0.712121 0.083028 0.136970
6 0.603175 0.470303 0.100122 0.082424
6 0.741758 0.474545 0.045177 0.146667
7 0.406593 0.327879 0.107448 0.100606
7 0.280220 0.779394 0.091575 0.060606
8 0.621490 0.412121 0.065934 0.118788
8 0.437729 0.547879 0.074481 0.109091
9 0.275946 0.567273 0.075702 0.116364
9 0.459707 0.653939 0.076923 0.086061
10 0.244811 0.433333 0.106227 0.095758
10 0.603785 0.513939 0.106227 0.065455
11 0.384615 0.347879 0.107448 0.082424
11 0.693529 0.373333 0.051282 0.111515
12 0.155678 0.745455 0.101343 0.050909
12 0.176435 0.696970 0.064713 0.092121
13 0.536020 0.518788 0.046398 0.094545
13 0.110501 0.552727 0.059829 0.070303
14 0.221001 0.821818 0.097680 0.070303
14 0.324786 0.069697 0.068376 0.095758
15 0.341270 0.886061 0.059829 0.075152
15 0.741758 0.734545 0.042735 0.082424
16 0.526862 0.393939 0.086691 0.065455
16 0.549451 0.822424 0.061050 0.064242
17 0.639194 0.580000 0.052503 0.071515
17 0.688034 0.824848 0.069597 0.042424
18 0.410867 0.410303 0.067155 0.047273
18 0.454212 0.464848 0.048840 0.066667
19 0.594628 0.776364 0.053724 0.064242
19 0.492674 0.300606 0.062271 0.050909
20 0.516484 0.761818 0.056166 0.042424
20 0.647741 0.813939 0.037851 0.061818
21 0.407204 0.625455 0.067155 0.048485
21 0.424298 0.487879 0.054945 0.042424
22 0.322955 0.294545 0.108669 0.084848
22 0.205128 0.921212 0.102564 0.089697