0 0.155259 0.625000 0.233723 0.127953
0 0.681135 0.343504 0.217028 0.151575
1 0.227880 0.255906 0.131886 0.244094
1 0.653589 0.411417 0.175292 0.228346
2 0.451586 0.469488 0.191987 0.084646
2 0.416528 0.071850 0.208681 0.068898
3 0.732053 0.745079 0.098497 0.194882
3 0.660267 0.751969 0.131886 0.177165
4 0.482471 0.197835 0.173623 0.108268
4 0.168614 0.244094 0.156928 0.114173
5 0.213689 0.685039 0.166945 0.078740
5 0.477462 0.692913 0.170284 0.074803
6 0.106010 0.214567 0.108514 0.106299
6 0.671953 0.732283 0.168614 0.062992
7 0.631886 0.233268 0.148581 0.100394
7 0.385643 0.840551 0.120200 0.129921
8 0.540902 0.442913 0.140234 0.066929
8 0.515860 0.580709 0.066778 0.145669
9 0.580968 0.856299 0.123539 0.102362
9 0.099332 0.516732 0.088481 0.147638
10 0.719533 0.608268 0.126878 0.086614
10 0.898164 0.762795 0.133556 0.120079
11 0.477462 0.643701 0.126878 0.094488
11 0.390651 0.171260 0.103506 0.125984
12 0.780467 0.636811 0.071786 0.143701
12 0.338898 0.107283 0.116861 0.076772
13 0.859766 0.678150 0.120200 0.068898
13 0.560935 0.328740 0.053422 0.133858
14 0.171953 0.500000 0.116861 0.066929
14 0.707846 0.393701 0.083472 0.118110
15 0.357262 0.393701 0.083472 0.102362
15 0.600167 0.546260 0.095159 0.072835
16 0.297162 0.744094 0.096828 0.086614
16 0.211185 0.131890 0.071786 0.125984
17 0.484975 0.873031 0.051753 0.104331
17 0.566778 0.821850 0.081803 0.057087
18 0.546745 0.753937 0.065109 0.086614
18 0.447412 0.866142 0.053422 0.086614
19 0.570952 0.181102 0.073456 0.082677
19 0.677796 0.556102 0.086811 0.064961
20 0.444908 0.296260 0.071786 0.068898
20 0.737896 0.450787 0.053422 0.082677
21 0.451586 0.512795 0.055092 0.080709
21 0.774624 0.753937 0.053422 0.078740
22 0.725376 0.903543 0.121870 0.129921
23 0.627713 0.495079 0.060100 0.084646