0 0.390511 0.762111 0.270073 0.095156
0 0.562956 0.254325 0.125912 0.145329
1 0.133212 0.617647 0.229927 0.128028
1 0.170620 0.679066 0.122263 0.219723
2 0.691606 0.522491 0.131387 0.179931
2 0.193431 0.558824 0.153285 0.183391
3 0.710766 0.769896 0.169708 0.138408
3 0.303832 0.245675 0.180657 0.141869
4 0.551095 0.759516 0.087591 0.152249
4 0.517336 0.224048 0.155109 0.119377
5 0.354015 0.519896 0.062044 0.192042
5 0.507299 0.187716 0.156934 0.112457
6 0.705292 0.214533 0.184307 0.079585
6 0.361314 0.169550 0.160584 0.086505
7 0.316606 0.819204 0.136861 0.091696
7 0.431569 0.073529 0.107664 0.129758
8 0.641423 0.689446 0.151460 0.053633
8 0.208029 0.381488 0.127737 0.067474
9 0.794708 0.325260 0.111314 0.134948
9 0.226277 0.490484 0.080292 0.136678
10 0.236314 0.322664 0.104015 0.140138
10 0.597628 0.612457 0.063869 0.134948
11 0.366788 0.325260 0.142336 0.079585
11 0.353102 0.589100 0.133212 0.074394
12 0.314781 0.508651 0.136861 0.055363
12 0.845803 0.756920 0.082117 0.136678
13 0.152372 0.260381 0.071168 0.133218
13 0.188869 0.484429 0.085766 0.110727
14 0.895985 0.646194 0.116788 0.115917
14 0.560219 0.558824 0.069343 0.103806
15 0.505474 0.294118 0.080292 0.096886
15 0.708029 0.435121 0.098540 0.081315
16 0.581204 0.413495 0.104015 0.079585
16 0.437044 0.322664 0.063869 0.105536
17 0.265511 0.461073 0.100365 0.050173
17 0.286496 0.119377 0.105839 0.051903
18 0.392336 0.238754 0.062044 0.083045
18 0.537409 0.650519 0.071168 0.072664
19 0.447080 0.443772 0.054745 0.088235
19 0.124088 0.507785 0.087591 0.060554
20 0.481752 0.590830 0.076642 0.077855
20 0.788321 0.429931 0.072993 0.060554
21 0.485401 0.467993 0.062044 0.084775
21 0.765511 0.502595 0.085766 0.057093
22 0.408759 0.896194 0.131387 0.148789
22 0.694343 0.514706 0.162409 0.112457