0 0.393895 0.530283 0.098837 0.193809
0 0.689680 0.650067 0.129360 0.166891
1 0.729651 0.672948 0.113372 0.188425
1 0.291424 0.672948 0.109012 0.102288
2 0.325581 0.261104 0.186047 0.115747
2 0.707849 0.330417 0.084302 0.173620
3 0.311773 0.553163 0.138081 0.123822
3 0.208576 0.405114 0.126453 0.142665
4 0.162791 0.529610 0.095930 0.141319
4 0.678052 0.121131 0.120640 0.129206
5 0.840116 0.267833 0.098837 0.126514
5 0.277616 0.318304 0.165698 0.063257
6 0.267442 0.452894 0.133721 0.090175
6 0.479651 0.094213 0.130814 0.083445
7 0.655523 0.465680 0.127907 0.078062
7 0.771076 0.554509 0.091570 0.121131
8 0.298692 0.942127 0.126453 0.080754
8 0.552326 0.698520 0.095930 0.075370
9 0.423692 0.477120 0.091570 0.100942
9 0.640988 0.423957 0.113372 0.107672
10 0.404797 0.919246 0.109012 0.104980
10 0.434593 0.295424 0.052326 0.130552
11 0.492006 0.271198 0.091570 0.092867
11 0.763081 0.277927 0.125000 0.092867
12 0.101744 0.637281 0.119186 0.100942
12 0.727471 0.406460 0.065407 0.110363
13 0.699855 0.537012 0.085756 0.080754
13 0.594477 0.471063 0.072674 0.075370
14 0.610465 0.613055 0.095930 0.092867
14 0.611919 0.766487 0.058140 0.098250
15 0.380814 0.774563 0.101744 0.060565
15 0.705669 0.088156 0.079942 0.076716
16 0.492733 0.598250 0.055233 0.100942
16 0.180959 0.709960 0.085756 0.082100
17 0.430233 0.832436 0.090116 0.063257
17 0.398983 0.685734 0.094477 0.047106
18 0.253634 0.423957 0.050872 0.078062
18 0.479651 0.233513 0.058140 0.068641
19 0.278343 0.752355 0.065407 0.053836
19 0.228198 0.701884 0.072674 0.060565
20 0.225291 0.513459 0.072674 0.039031
20 0.447674 0.746299 0.078488 0.044415
21 0.329215 0.595559 0.053779 0.057873
21 0.914244 0.082100 0.055233 0.086137
22 0.460029 0.426649 0.079942 0.104980
23 0.661337 0.407806 0.058140 0.059219