0 0.893726 0.507853 0.169014 0.204188
0 0.137644 0.287304 0.241997 0.231675
1 0.454545 0.414921 0.104994 0.167539
1 0.312420 0.863874 0.240717 0.094241
2 0.688860 0.431937 0.079385 0.204188
2 0.658131 0.814136 0.220230 0.099476
3 0.564661 0.337696 0.081946 0.170157
3 0.155570 0.760471 0.147247 0.143979
4 0.542894 0.077880 0.153649 0.082461
4 0.225352 0.750654 0.189501 0.071990
5 0.327785 0.288613 0.061460 0.200262
5 0.814981 0.681937 0.185659 0.104712
6 0.259923 0.446335 0.174136 0.089005
6 0.106274 0.609293 0.179257 0.051047
7 0.676697 0.916885 0.124200 0.106021
7 0.357875 0.566099 0.093470 0.132199
8 0.652369 0.751309 0.144686 0.049738
8 0.124840 0.197644 0.126761 0.078534
9 0.367478 0.142670 0.084507 0.151832
9 0.707426 0.179974 0.157490 0.071990
10 0.622279 0.473822 0.053777 0.146597
10 0.688860 0.250000 0.158771 0.057592
11 0.236236 0.293848 0.078105 0.116492
11 0.685019 0.678010 0.133163 0.091623
12 0.770807 0.515052 0.081946 0.129581
12 0.424456 0.524215 0.124200 0.045812
13 0.778489 0.347513 0.125480 0.069372
13 0.537132 0.504581 0.072983 0.113874
14 0.393726 0.683246 0.093470 0.081152
14 0.491037 0.778796 0.108835 0.083770
15 0.278489 0.255236 0.060179 0.104712
15 0.539693 0.456152 0.057618 0.106021
16 0.606274 0.615838 0.101152 0.066754
16 0.280410 0.600785 0.071703 0.086387
17 0.360435 0.469241 0.052497 0.074607
17 0.508323 0.348168 0.046095 0.094241
18 0.391805 0.622382 0.061460 0.066754
18 0.218310 0.378272 0.088348 0.044503
19 0.677977 0.632853 0.080666 0.045812
19 0.501921 0.560209 0.048656 0.070681
20 0.387324 0.841623 0.072983 0.062827
20 0.736876 0.395942 0.042254 0.071990
21 0.211908 0.672120 0.060179 0.064136
21 0.485915 0.226440 0.085787 0.039267
22 0.311780 0.744110 0.108835 0.126963
22 0.495519 0.165576 0.087068 0.103403