0 0.125493 0.433083 0.161629 0.162406
0 0.198423 0.337594 0.228647 0.082707
1 0.444152 0.361654 0.107753 0.248120
1 0.649803 0.390226 0.082786 0.281203
2 0.557162 0.168421 0.178712 0.123308
2 0.643890 0.319549 0.078844 0.196992
3 0.488173 0.889474 0.067017 0.200000
3 0.873193 0.827068 0.180026 0.054135
4 0.315375 0.209023 0.147175 0.177444
4 0.437582 0.073684 0.173456 0.096241
5 0.564389 0.476692 0.088042 0.195489
5 0.589356 0.617293 0.069645 0.193985
6 0.359396 0.166917 0.132720 0.144361
6 0.371879 0.299248 0.152431 0.090226
7 0.329829 0.693985 0.118265 0.109774
7 0.218134 0.610526 0.081472 0.156391
8 0.329172 0.605263 0.053876 0.145865
8 0.911301 0.670677 0.114323 0.123308
9 0.187254 0.225564 0.080158 0.150376
9 0.550591 0.278947 0.052562 0.139850
10 0.252957 0.866165 0.095926 0.123308
10 0.280552 0.563158 0.072273 0.145865
11 0.178055 0.499248 0.082786 0.144361
11 0.389619 0.648872 0.059133 0.127820
12 0.124836 0.551128 0.094612 0.100752
12 0.607753 0.614286 0.119580 0.082707
13 0.555848 0.703759 0.070959 0.120301
13 0.315375 0.175188 0.086728 0.112782
14 0.356767 0.872932 0.072273 0.121805
14 0.540736 0.739850 0.059133 0.123308
15 0.403417 0.570677 0.070959 0.088722
15 0.563732 0.307519 0.097240 0.067669
16 0.536794 0.359398 0.085414 0.087218
16 0.529566 0.440602 0.042050 0.105263
17 0.360053 0.515038 0.086728 0.052632
17 0.842313 0.657143 0.063075 0.084211
18 0.161629 0.581955 0.049934 0.090226
18 0.309461 0.448872 0.072273 0.076692
19 0.436268 0.412782 0.073587 0.073684
19 0.275296 0.859398 0.077530 0.067669
20 0.304862 0.593233 0.042050 0.079699
20 0.647175 0.669173 0.048620 0.072180
21 0.314717 0.272180 0.040736 0.075188
21 0.492116 0.418797 0.048620 0.067669
22 0.645861 0.786466 0.127464 0.102256