0 0.202668 0.347694 0.115629 0.253641
0 0.698221 0.362257 0.148666 0.161408
1 0.351970 0.462985 0.203304 0.112864
1 0.339263 0.497573 0.094028 0.242718
2 0.425667 0.705097 0.175349 0.094660
2 0.787166 0.787621 0.141042 0.123786
3 0.937103 0.697816 0.105464 0.191748
3 0.714104 0.327670 0.088945 0.189320
4 0.670267 0.714806 0.064803 0.201456
4 0.421855 0.560680 0.216010 0.089806
5 0.196315 0.542476 0.128335 0.092233
5 0.495553 0.739078 0.195680 0.070388
6 0.744600 0.925364 0.155019 0.093447
6 0.757942 0.364078 0.085133 0.174757
7 0.365947 0.844053 0.124524 0.127427
7 0.473316 0.596481 0.123253 0.115291
8 0.148666 0.472087 0.144854 0.075243
8 0.296061 0.351335 0.086404 0.086165
9 0.657560 0.796723 0.118170 0.105583
9 0.772554 0.730583 0.129606 0.116505
10 0.391995 0.327670 0.110546 0.099515
10 0.740788 0.518204 0.104193 0.101942
11 0.327827 0.758495 0.104193 0.116505
11 0.252224 0.609830 0.080051 0.139563
12 0.872935 0.725728 0.081321 0.099515
12 0.742058 0.778519 0.111817 0.042476
13 0.297332 0.807646 0.076239 0.110437
13 0.799238 0.695995 0.086404 0.086165
14 0.238247 0.787621 0.102922 0.087379
14 0.298602 0.503034 0.081321 0.071602
15 0.815121 0.501820 0.069886 0.098301
15 0.565438 0.675364 0.081321 0.086165
16 0.546379 0.637136 0.086404 0.089806
16 0.470775 0.458738 0.057179 0.094660
17 0.411690 0.086165 0.055909 0.094660
17 0.141042 0.676578 0.066074 0.091019
18 0.386912 0.261529 0.090216 0.049757
18 0.549555 0.179612 0.074968 0.067961
19 0.216010 0.600121 0.066074 0.040049
19 0.766836 0.830704 0.082592 0.037621
20 0.563532 0.555825 0.049555 0.077670
20 0.286531 0.867112 0.041931 0.059466
21 0.675985 0.539442 0.058450 0.071602
21 0.745235 0.658374 0.044473 0.069175
22 0.090851 0.095267 0.120712 0.146845
22 0.846887 0.629854 0.158831 0.067961