0 0.639535 0.570588 0.172093 0.108824
0 0.513953 0.430147 0.076744 0.198529
1 0.459884 0.265441 0.117442 0.225000
1 0.559884 0.525735 0.180233 0.072059
2 0.835465 0.402941 0.147674 0.091176
2 0.577907 0.691176 0.158140 0.067647
3 0.462791 0.427941 0.051163 0.182353
3 0.616279 0.459559 0.062791 0.189706
4 0.825581 0.616912 0.137209 0.075000
4 0.681977 0.141176 0.150000 0.061765
5 0.252326 0.322059 0.130233 0.108824
5 0.233140 0.268382 0.117442 0.101471
6 0.541279 0.624265 0.096512 0.116176
6 0.602326 0.748529 0.039535 0.161765
7 0.416279 0.663235 0.039535 0.150000
7 0.570930 0.168382 0.125581 0.069118
8 0.372093 0.416176 0.090698 0.114706
8 0.455814 0.458088 0.111628 0.060294
9 0.343023 0.091912 0.113953 0.101471
9 0.337791 0.749265 0.047674 0.145588
10 0.674419 0.794118 0.067442 0.135294
10 0.540698 0.389706 0.104651 0.073529
11 0.461628 0.131618 0.048837 0.142647
11 0.665116 0.491176 0.076744 0.114706
12 0.191279 0.480147 0.101163 0.066176
12 0.523837 0.780147 0.045349 0.107353
13 0.772674 0.635294 0.087209 0.079412
13 0.647093 0.309559 0.096512 0.051471
14 0.287209 0.563235 0.093023 0.064706
14 0.473837 0.853676 0.080233 0.086765
15 0.753488 0.393382 0.058140 0.101471
15 0.513372 0.715441 0.082558 0.045588
16 0.398256 0.199265 0.080233 0.083824
16 0.756395 0.757353 0.043023 0.111765
17 0.280814 0.506618 0.063953 0.080882
17 0.347093 0.634559 0.066279 0.069118
18 0.605233 0.645588 0.047674 0.076471
18 0.568605 0.317647 0.069767 0.052941
19 0.314535 0.130882 0.043023 0.088235
19 0.655233 0.514706 0.050000 0.073529
20 0.597093 0.475735 0.040698 0.051471
20 0.789535 0.281618 0.048837 0.063235
21 0.795930 0.332353 0.047674 0.070588
21 0.676744 0.713235 0.060465 0.041176
22 0.626163 0.230147 0.119767 0.063235
22 0.450000 0.738235 0.055814 0.144118