0 0.368973 0.475242 0.161426 0.083333
0 0.830189 0.662440 0.062893 0.213768
1 0.551363 0.084541 0.153040 0.142512
1 0.609015 0.617150 0.077568 0.190821
2 0.841719 0.449275 0.136268 0.108696
2 0.557128 0.863527 0.154088 0.050725
3 0.435010 0.611715 0.083857 0.129227
3 0.440252 0.702899 0.125786 0.082126
4 0.393082 0.155797 0.132075 0.082126
4 0.709119 0.179952 0.105870 0.120773
5 0.244759 0.647947 0.114256 0.076087
5 0.328616 0.893116 0.040881 0.158213
6 0.559224 0.416063 0.059748 0.107488
6 0.091195 0.487923 0.060797 0.144928
7 0.626834 0.803140 0.100629 0.079710
7 0.462788 0.297705 0.093291 0.088164
8 0.485325 0.570048 0.064990 0.108696
8 0.570755 0.585749 0.103774 0.057971
9 0.193920 0.707729 0.104822 0.062802
9 0.265723 0.289251 0.093291 0.102657
10 0.403040 0.931159 0.076520 0.115942
10 0.296646 0.670290 0.058700 0.108696
11 0.873690 0.633454 0.089099 0.078502
11 0.732704 0.777174 0.092243 0.066425
12 0.123166 0.661836 0.095388 0.060386
12 0.851677 0.362923 0.099581 0.051932
13 0.446541 0.226449 0.069182 0.085749
13 0.795597 0.247585 0.085954 0.065217
14 0.748428 0.537440 0.048218 0.103865
14 0.628407 0.340580 0.091195 0.045894
15 0.607442 0.257246 0.078616 0.057971
15 0.394130 0.499396 0.046122 0.080918
16 0.161426 0.543478 0.067086 0.079710
16 0.375786 0.391908 0.055556 0.088164
17 0.404088 0.266304 0.068134 0.054348
17 0.208595 0.557367 0.041929 0.078502
18 0.544025 0.173309 0.058700 0.071256
18 0.599057 0.515700 0.066038 0.043478
19 0.127883 0.467995 0.035639 0.071256
19 0.150419 0.368961 0.068134 0.044686
20 0.108491 0.289251 0.057652 0.064010
20 0.614256 0.169686 0.052411 0.047101
21 0.339099 0.305556 0.038784 0.070048
21 0.937107 0.384662 0.052411 0.059179
22 0.178721 0.267512 0.057652 0.136473
23 0.653040 0.374396 0.060797 0.041063