0 0.878788 0.328926 0.126722 0.284298
0 0.482094 0.284298 0.214876 0.132231
1 0.419421 0.157851 0.161157 0.216529
1 0.445592 0.419835 0.194215 0.132231
2 0.259642 0.627273 0.125344 0.209917
2 0.471763 0.480992 0.125344 0.145455
3 0.487603 0.104132 0.140496 0.168595
3 0.111570 0.644628 0.170799 0.105785
4 0.487603 0.741322 0.151515 0.094215
4 0.619835 0.876860 0.168044 0.077686
5 0.398072 0.611570 0.134986 0.112397
5 0.099862 0.395041 0.095041 0.181818
6 0.598485 0.298347 0.114325 0.123967
6 0.692837 0.514050 0.159780 0.056198
7 0.392562 0.246281 0.129477 0.072727
7 0.344353 0.741322 0.063361 0.127273
8 0.154270 0.414050 0.104683 0.133884
8 0.564050 0.391736 0.139118 0.059504
9 0.429063 0.334711 0.078512 0.130579
9 0.548898 0.589256 0.078512 0.143802
10 0.391873 0.552066 0.114325 0.109091
10 0.669421 0.901653 0.068871 0.160331
11 0.625344 0.161157 0.118457 0.120661
11 0.658402 0.331405 0.088154 0.110744
12 0.745179 0.662810 0.090909 0.115702
12 0.396694 0.526446 0.060606 0.133884
13 0.262397 0.541322 0.045455 0.127273
13 0.148072 0.712397 0.111570 0.049587
14 0.874656 0.567769 0.093664 0.094215
14 0.266529 0.705785 0.078512 0.135537
15 0.587466 0.714876 0.089532 0.074380
15 0.258953 0.329752 0.077135 0.074380
16 0.211433 0.354545 0.086777 0.071074
16 0.745868 0.455372 0.097796 0.057851
17 0.703857 0.361983 0.046832 0.102479
17 0.335399 0.899174 0.061983 0.095868
18 0.732782 0.520661 0.044077 0.092562
18 0.415289 0.197521 0.067493 0.074380
19 0.147383 0.532231 0.071625 0.062810
19 0.340909 0.276860 0.073003 0.067769
20 0.496556 0.794215 0.061983 0.057851
20 0.655647 0.664463 0.052342 0.072727
21 0.772039 0.261983 0.059229 0.104132
21 0.756198 0.370248 0.057851 0.076033
22 0.523416 0.827273 0.126722 0.087603
22 0.638430 0.711570 0.086777 0.153719