0 0.214514 0.857447 0.221691 0.174468
0 0.293461 0.670213 0.290271 0.083688
1 0.553429 0.335461 0.197767 0.185816
1 0.799043 0.182270 0.178628 0.120567
2 0.780702 0.487234 0.106858 0.143262
2 0.588517 0.435461 0.111643 0.099291
3 0.369219 0.521277 0.078150 0.191489
3 0.078150 0.677305 0.066986 0.205674
4 0.427432 0.345390 0.063796 0.185816
4 0.378788 0.369504 0.103668 0.160284
5 0.486443 0.668794 0.060606 0.177305
5 0.259171 0.621986 0.119617 0.151773
6 0.722488 0.146809 0.127592 0.160284
6 0.670654 0.397872 0.068581 0.165957
7 0.252791 0.377305 0.164274 0.082270
7 0.703349 0.585816 0.114833 0.096454
8 0.532695 0.521277 0.086124 0.134752
8 0.181021 0.723404 0.071770 0.133333
9 0.271132 0.757447 0.082935 0.130496
9 0.261563 0.905674 0.089314 0.129078
10 0.654705 0.082270 0.138756 0.107801
10 0.644338 0.573050 0.140351 0.068085
11 0.673046 0.490780 0.143541 0.082270
11 0.470494 0.443262 0.156300 0.060993
12 0.186603 0.532624 0.102073 0.114894
12 0.507974 0.321986 0.090909 0.093617
13 0.648325 0.172340 0.074960 0.117730
13 0.874003 0.323404 0.066986 0.070922
14 0.429825 0.565248 0.065391 0.106383
14 0.396332 0.693617 0.090909 0.087943
15 0.349282 0.316312 0.086124 0.073759
15 0.579745 0.605674 0.078150 0.070922
16 0.494418 0.682979 0.108453 0.063830
16 0.267145 0.627660 0.097289 0.052482
17 0.561404 0.650355 0.089314 0.069504
17 0.410686 0.835461 0.081340 0.087943
18 0.334131 0.712057 0.071770 0.056738
18 0.729665 0.426950 0.071770 0.070922
19 0.354067 0.876596 0.051037 0.079433
19 0.708134 0.521986 0.066986 0.065248
20 0.723285 0.255319 0.081340 0.048227
20 0.525518 0.746809 0.074960 0.046809
21 0.488836 0.494326 0.068581 0.060993
21 0.504785 0.385816 0.062201 0.076596
22 0.133174 0.439716 0.084530 0.175887
22 0.468102 0.169504 0.090909 0.114894