0 0.281449 0.634899 0.130877 0.222819
0 0.777637 0.718792 0.144854 0.108725
1 0.434562 0.185906 0.200762 0.181208
1 0.242694 0.415436 0.078780 0.159732
2 0.095934 0.355034 0.100381 0.264430
2 0.189962 0.273154 0.143583 0.143624
3 0.749047 0.565772 0.115629 0.140940
3 0.282084 0.775168 0.213469 0.079195
4 0.627700 0.729530 0.101652 0.189262
4 0.266836 0.893289 0.198221 0.100671
5 0.635324 0.282550 0.076239 0.213423
5 0.187421 0.641611 0.163914 0.091275
6 0.216010 0.606040 0.101652 0.189262
6 0.212198 0.604698 0.106734 0.175839
7 0.503812 0.080537 0.148666 0.128859
7 0.163914 0.715436 0.142313 0.080537
8 0.148030 0.402685 0.095299 0.163758
8 0.738247 0.322819 0.149936 0.111409
9 0.513977 0.148322 0.148666 0.111409
9 0.207751 0.608725 0.125794 0.103356
10 0.432020 0.916107 0.175349 0.073826
10 0.342440 0.106711 0.115629 0.162416
11 0.819568 0.614765 0.099111 0.155705
11 0.367217 0.329530 0.086404 0.127517
12 0.899619 0.559732 0.068615 0.153020
12 0.449174 0.587919 0.069886 0.099329
13 0.348158 0.217450 0.106734 0.075168
13 0.540025 0.612081 0.071156 0.112752
14 0.344346 0.467785 0.114358 0.068456
14 0.509530 0.604027 0.068615 0.120805
15 0.288437 0.442953 0.045743 0.126174
15 0.284625 0.824832 0.083863 0.076510
16 0.674714 0.390604 0.104193 0.093960
16 0.620712 0.609396 0.105464 0.088591
17 0.305591 0.370470 0.072427 0.093960
17 0.461881 0.301342 0.085133 0.063087
18 0.599111 0.544966 0.062262 0.104698
18 0.438374 0.339597 0.071156 0.064430
19 0.261753 0.131544 0.104193 0.056376
19 0.331004 0.329530 0.072427 0.060403
20 0.884371 0.666443 0.048285 0.089933
20 0.467598 0.518792 0.053367 0.065772
21 0.416137 0.536242 0.049555 0.068456
21 0.256036 0.286577 0.090216 0.041611
22 0.416773 0.831544 0.078780 0.167785
23 0.440915 0.807383 0.053367 0.065772