0 0.283019 0.551020 0.308748 0.108844
0 0.812178 0.872449 0.135506 0.146259
1 0.550600 0.217687 0.174957 0.258503
1 0.502573 0.742347 0.171527 0.253401
2 0.264151 0.165816 0.147513 0.151361
2 0.379931 0.150510 0.169811 0.144558
3 0.156089 0.335884 0.133791 0.168367
3 0.438250 0.683673 0.125214 0.210884
4 0.660377 0.708333 0.188679 0.117347
4 0.769297 0.432823 0.145798 0.124150
5 0.414237 0.778912 0.132075 0.136054
5 0.771012 0.472789 0.156089 0.088435
6 0.844768 0.607143 0.118353 0.159864
6 0.106346 0.494898 0.082333 0.231293
7 0.296741 0.432823 0.164666 0.110544
7 0.759863 0.603741 0.089194 0.224490
8 0.708405 0.853741 0.126930 0.146259
8 0.434820 0.341837 0.108062 0.176871
9 0.679245 0.325680 0.109777 0.110544
9 0.700686 0.684524 0.145798 0.134354
10 0.603774 0.396259 0.144082 0.095238
10 0.203259 0.726190 0.121784 0.176871
11 0.566895 0.443878 0.183533 0.105442
11 0.481990 0.481293 0.198971 0.061224
12 0.500858 0.656463 0.130360 0.149660
12 0.174099 0.808673 0.169811 0.083333
13 0.585763 0.855442 0.169811 0.085034
13 0.134648 0.703231 0.070326 0.147959
14 0.539451 0.710884 0.128645 0.136054
14 0.399657 0.332483 0.157804 0.113946
15 0.649228 0.755102 0.097770 0.108844
15 0.779588 0.778912 0.149228 0.057823
16 0.562607 0.919218 0.133791 0.076531
16 0.840480 0.693878 0.065180 0.159864
17 0.180103 0.471088 0.078902 0.132653
17 0.503431 0.693878 0.084048 0.112245
18 0.540309 0.270408 0.123499 0.061224
18 0.353345 0.284864 0.061750 0.110544
19 0.675815 0.552721 0.102916 0.071429
19 0.239280 0.322279 0.080617 0.083333
20 0.637221 0.347789 0.090909 0.066327
20 0.696398 0.385204 0.082333 0.045918
21 0.680103 0.742347 0.084048 0.076531
21 0.112350 0.087585 0.094340 0.069728
22 0.168954 0.642857 0.193825 0.098639