0 0.269515 0.414241 0.073952 0.169439
0 0.403862 0.339917 0.109285 0.099792
1 0.244864 0.593555 0.095316 0.135135
1 0.116270 0.454782 0.135579 0.121622
2 0.295809 0.716216 0.073952 0.151767
2 0.877157 0.917360 0.099425 0.148649
3 0.125308 0.203222 0.078061 0.113306
3 0.393180 0.159563 0.069844 0.086279
4 0.791290 0.736486 0.111750 0.082121
4 0.254725 0.288462 0.106820 0.088358
5 0.346343 0.451663 0.073131 0.100832
5 0.452753 0.475052 0.092030 0.058212
6 0.552999 0.916320 0.083813 0.102911
6 0.757601 0.597193 0.095316 0.059252
7 0.193919 0.152807 0.073952 0.070686
7 0.244864 0.564969 0.065735 0.094595
8 0.438784 0.886175 0.103533 0.044699
8 0.138044 0.707380 0.082169 0.073805
9 0.216927 0.705301 0.047658 0.104990
9 0.369762 0.826403 0.100247 0.054054
10 0.249795 0.707380 0.041085 0.107069
10 0.251849 0.063929 0.050123 0.119543
11 0.421118 0.788981 0.076417 0.089397
11 0.702136 0.510395 0.081348 0.087318
12 0.246919 0.218815 0.046836 0.090437
12 0.078882 0.427755 0.054232 0.071726
13 0.423993 0.522349 0.075596 0.038462
13 0.108463 0.387734 0.027938 0.074844
14 0.720214 0.541060 0.043550 0.084200
14 0.429334 0.299896 0.046836 0.096674
15 0.817995 0.792100 0.046836 0.074844
15 0.292523 0.054574 0.049302 0.077963
16 0.598603 0.228170 0.063270 0.059252
16 0.464256 0.292620 0.050945 0.059252
17 0.170912 0.542620 0.044371 0.066528
17 0.162284 0.261435 0.055053 0.046778
18 0.774856 0.667360 0.054232 0.041580
18 0.581758 0.927755 0.055875 0.053015
19 0.272802 0.168399 0.057518 0.043659
19 0.335251 0.274428 0.037798 0.049896
20 0.405916 0.321726 0.032868 0.050936
20 0.965900 0.932952 0.033689 0.061331
21 0.362777 0.768191 0.043550 0.035343
21 0.751849 0.953222 0.050945 0.043659
22 0.794577 0.790541 0.065735 0.096674
22 0.676253 0.811331 0.087099 0.084200