0 0.629412 0.695246 0.117647 0.215620
0 0.847794 0.376910 0.113235 0.220713
1 0.766912 0.502547 0.151471 0.135823
1 0.416176 0.353141 0.105882 0.217317
2 0.386029 0.130730 0.160294 0.156197
2 0.248529 0.780985 0.167647 0.173175
3 0.136029 0.766553 0.175000 0.144312
3 0.341176 0.649406 0.082353 0.208829
4 0.513235 0.728353 0.088235 0.173175
4 0.144118 0.524618 0.167647 0.095076
5 0.322059 0.276740 0.100000 0.186757
5 0.932353 0.521222 0.094118 0.200340
6 0.572794 0.224109 0.119118 0.146010
6 0.351471 0.816638 0.155882 0.091681
7 0.402206 0.923599 0.136765 0.115450
7 0.114706 0.398981 0.108824 0.152801
8 0.646324 0.269100 0.060294 0.151104
8 0.683088 0.394737 0.060294 0.174873
9 0.213971 0.125637 0.066176 0.169779
9 0.587500 0.505942 0.092647 0.146010
10 0.331618 0.603565 0.139706 0.093379
10 0.274265 0.883701 0.116176 0.144312
11 0.264706 0.665535 0.129412 0.074703
11 0.344853 0.419355 0.083824 0.135823
12 0.217647 0.487267 0.097059 0.098472
12 0.154412 0.123939 0.108824 0.081494
13 0.495588 0.343803 0.073529 0.130730
13 0.319118 0.496604 0.111765 0.066214
14 0.773529 0.602716 0.114706 0.095076
14 0.451471 0.045840 0.123529 0.074703
15 0.734559 0.353990 0.072059 0.106961
15 0.532353 0.680815 0.091176 0.098472
16 0.151471 0.651952 0.111765 0.078098
16 0.661029 0.724109 0.092647 0.083192
17 0.309559 0.105263 0.104412 0.061121
17 0.717647 0.118846 0.088235 0.078098
18 0.411029 0.594228 0.057353 0.095076
18 0.504412 0.588285 0.073529 0.089983
19 0.418382 0.342105 0.057353 0.096774
19 0.664706 0.791171 0.079412 0.064516
20 0.510294 0.207980 0.076471 0.056027
20 0.500000 0.438879 0.050000 0.093379
21 0.250735 0.730051 0.060294 0.074703
21 0.461029 0.820034 0.048529 0.088285
22 0.808824 0.219864 0.161765 0.066214
23 0.192647 0.266553 0.082353 0.088285