0 0.368132 0.255760 0.244505 0.167435
0 0.544643 0.528418 0.133242 0.261137
1 0.497940 0.533026 0.196429 0.239631
1 0.107830 0.562980 0.174451 0.192012
2 0.507555 0.107527 0.105769 0.165899
2 0.728022 0.672811 0.126374 0.125960
3 0.597527 0.840246 0.181319 0.150538
3 0.633929 0.480799 0.168956 0.144393
4 0.367445 0.589094 0.086538 0.176651
4 0.245879 0.478495 0.115385 0.170507
5 0.850962 0.350230 0.119505 0.199693
5 0.335165 0.276498 0.145604 0.113671
6 0.751374 0.428571 0.148352 0.122888
6 0.517857 0.242704 0.153846 0.107527
7 0.171016 0.385561 0.081044 0.178187
7 0.678571 0.682796 0.079670 0.161290
8 0.234203 0.697389 0.133242 0.107527
8 0.640110 0.900922 0.151099 0.127496
9 0.125687 0.673579 0.056319 0.182796
9 0.731456 0.298771 0.075549 0.152074
10 0.392170 0.794163 0.114011 0.144393
10 0.607830 0.289555 0.083791 0.164363
11 0.809753 0.653610 0.094780 0.149002
11 0.668269 0.234255 0.114011 0.112135
12 0.569368 0.175115 0.075549 0.122888
12 0.572115 0.603687 0.103022 0.122888
13 0.627747 0.634409 0.049451 0.129032
13 0.370192 0.894009 0.075549 0.122888
14 0.333104 0.814132 0.059066 0.129032
14 0.490385 0.618280 0.054945 0.124424
15 0.552885 0.688172 0.092033 0.073733
15 0.417582 0.609831 0.087912 0.082949
16 0.903159 0.506912 0.105769 0.095238
16 0.846154 0.442396 0.090659 0.101382
17 0.114011 0.571429 0.060440 0.095238
17 0.372940 0.476190 0.081044 0.061444
18 0.453297 0.437788 0.052198 0.098310
18 0.758242 0.507680 0.063187 0.093702
19 0.698489 0.528418 0.050824 0.101382
19 0.601648 0.855607 0.087912 0.052227
20 0.666896 0.215822 0.050824 0.078341
20 0.732143 0.658986 0.063187 0.058372
21 0.798764 0.550691 0.067308 0.059908
21 0.421016 0.516129 0.045330 0.082949
22 0.846841 0.670507 0.155220 0.127496
22 0.769231 0.264977 0.068681 0.136713