0 0.682734 0.412500 0.162590 0.125000
0 0.336691 0.777778 0.224460 0.133333
1 0.784173 0.605556 0.092086 0.269444
1 0.179856 0.571528 0.149640 0.190278
2 0.428058 0.586806 0.217266 0.120833
2 0.800719 0.661111 0.191367 0.113889
3 0.370504 0.398611 0.136691 0.158333
3 0.565468 0.954861 0.230216 0.065278
4 0.562590 0.509028 0.080576 0.170833
4 0.587770 0.095139 0.110791 0.184722
5 0.634532 0.645139 0.141007 0.123611
5 0.692806 0.163889 0.153957 0.105556
6 0.197842 0.505556 0.070504 0.188889
6 0.100719 0.602083 0.135252 0.193056
7 0.787770 0.547917 0.148201 0.106944
7 0.360432 0.349306 0.073381 0.137500
8 0.626619 0.245139 0.151079 0.073611
8 0.410072 0.481250 0.106475 0.126389
9 0.486331 0.442361 0.077698 0.109722
9 0.835971 0.633333 0.103597 0.130556
10 0.694245 0.506250 0.082014 0.120833
10 0.707194 0.251389 0.136691 0.111111
11 0.692086 0.908333 0.135252 0.130556
11 0.405755 0.695833 0.129496 0.108333
12 0.525180 0.816667 0.129496 0.086111
12 0.633813 0.100694 0.076259 0.131944
13 0.765468 0.320833 0.094964 0.077778
13 0.510072 0.877083 0.099281 0.115278
14 0.597122 0.852083 0.120863 0.068056
14 0.558993 0.911111 0.128058 0.061111
15 0.435252 0.831944 0.105036 0.086111
15 0.512230 0.701389 0.126619 0.055556
16 0.780576 0.813194 0.110791 0.076389
16 0.930216 0.782639 0.073381 0.126389
17 0.802878 0.904861 0.086331 0.081944
17 0.717986 0.097222 0.077698 0.091667
18 0.602878 0.484722 0.060432 0.055556
18 0.500000 0.699306 0.070504 0.087500
19 0.794245 0.844444 0.057554 0.063889
19 0.358993 0.629861 0.053237 0.084722
20 0.674101 0.789583 0.056115 0.068056
20 0.489209 0.745833 0.071942 0.047222
21 0.619424 0.592361 0.067626 0.059722
21 0.702158 0.702778 0.043165 0.077778
22 0.549640 0.338889 0.066187 0.155556
22 0.876259 0.456250 0.100719 0.112500