0 0.490985 0.317694 0.183079 0.083110
0 0.578363 0.213137 0.147018 0.134048
1 0.414008 0.827078 0.148405 0.128686
1 0.336338 0.924933 0.173370 0.093834
2 0.579057 0.630697 0.087379 0.132708
2 0.579057 0.618633 0.134535 0.092493
3 0.884189 0.302279 0.104022 0.119303
3 0.234397 0.319705 0.119279 0.100536
4 0.487517 0.127346 0.120666 0.099196
4 0.287795 0.471850 0.084605 0.117962
5 0.532594 0.477882 0.124827 0.076408
5 0.667129 0.914209 0.124827 0.104558
6 0.203190 0.603887 0.101248 0.092493
6 0.741331 0.279491 0.123440 0.052279
7 0.213592 0.806300 0.113731 0.044236
7 0.236477 0.502011 0.106796 0.054960
8 0.081831 0.650134 0.069348 0.093834
8 0.547157 0.810322 0.084605 0.089812
9 0.900832 0.550268 0.095700 0.092493
9 0.872399 0.376005 0.052705 0.092493
10 0.763523 0.722520 0.081831 0.093834
10 0.669209 0.605228 0.104022 0.046917
11 0.696949 0.058311 0.101248 0.095174
11 0.660888 0.522788 0.076283 0.091153
12 0.471567 0.562332 0.091540 0.049598
12 0.433426 0.306300 0.079057 0.071046
13 0.407767 0.709115 0.094313 0.045576
13 0.701803 0.230563 0.044383 0.085791
14 0.317614 0.189678 0.099861 0.049598
14 0.355756 0.319705 0.092926 0.038874
15 0.410541 0.665550 0.077670 0.060322
15 0.697642 0.404826 0.074896 0.061662
16 0.450069 0.606568 0.070735 0.065684
16 0.099168 0.418901 0.079057 0.044236
17 0.653259 0.805630 0.061026 0.064343
17 0.595700 0.161528 0.048544 0.071046
18 0.737864 0.451072 0.074896 0.041555
18 0.148405 0.693700 0.061026 0.063003
19 0.753121 0.227212 0.066574 0.052279
19 0.554785 0.930965 0.052705 0.071046
20 0.383495 0.514745 0.048544 0.056300
20 0.239945 0.536193 0.049931 0.050938
21 0.045770 0.649464 0.058252 0.046917
21 0.389736 0.294906 0.044383 0.050938
22 0.854369 0.472520 0.049931 0.113941
22 0.701803 0.721850 0.049931 0.111260