0 0.367069 0.609580 0.187311 0.069554
0 0.341390 0.505906 0.054381 0.169291
1 0.551360 0.314961 0.190332 0.083990
1 0.282477 0.644357 0.163142 0.083990
2 0.477341 0.276247 0.102719 0.127297
2 0.220544 0.822178 0.087613 0.119423
3 0.280211 0.872703 0.149547 0.065617
3 0.429758 0.166667 0.083082 0.136483
4 0.153323 0.725722 0.067976 0.120735
4 0.215257 0.770341 0.074018 0.125984
5 0.706193 0.940289 0.149547 0.056430
5 0.160121 0.493438 0.078550 0.131234
6 0.661631 0.075459 0.078550 0.127297
6 0.608761 0.875328 0.132931 0.055118
7 0.303625 0.463255 0.051360 0.104987
7 0.119335 0.686352 0.057402 0.099738
8 0.441088 0.742126 0.108761 0.087927
8 0.618580 0.220472 0.110272 0.076115
9 0.417674 0.421260 0.080060 0.094488
9 0.407100 0.426509 0.113293 0.049869
10 0.629154 0.181759 0.119335 0.069554
10 0.568731 0.799869 0.064955 0.085302
11 0.530211 0.840551 0.054381 0.095801
11 0.650302 0.421916 0.119335 0.040682
12 0.522659 0.381234 0.093656 0.048556
12 0.366314 0.232283 0.064955 0.078740
13 0.547583 0.272966 0.101208 0.052493
13 0.891994 0.414698 0.077039 0.073491
14 0.268127 0.619423 0.074018 0.073491
14 0.699396 0.195538 0.054381 0.089239
15 0.111027 0.636483 0.067976 0.065617
15 0.218278 0.672572 0.046828 0.069554
16 0.830060 0.310367 0.092145 0.048556
16 0.322508 0.618766 0.046828 0.074803
17 0.466012 0.537402 0.070997 0.056430
17 0.830816 0.277559 0.078550 0.048556
18 0.801360 0.360236 0.061934 0.064304
18 0.908610 0.363517 0.074018 0.052493
19 0.163142 0.809055 0.045317 0.061680
19 0.808157 0.255249 0.072508 0.051181
20 0.663142 0.328084 0.051360 0.057743
20 0.756798 0.381234 0.063444 0.040682
21 0.173716 0.646982 0.069486 0.036745
21 0.753021 0.408136 0.064955 0.041995
22 0.494713 0.461942 0.074018 0.097113
23 0.734894 0.922572 0.052870 0.036745