0 0.491010 0.430472 0.204703 0.089480
0 0.701936 0.449819 0.159059 0.162031
1 0.850622 0.383918 0.149378 0.124547
1 0.778008 0.755744 0.100968 0.166868
2 0.445367 0.100363 0.116183 0.162031
2 0.517981 0.403265 0.172891 0.090689
3 0.553250 0.760580 0.143845 0.128174
3 0.861687 0.216445 0.085754 0.137848
4 0.441217 0.628779 0.060858 0.147521
4 0.757261 0.329504 0.112033 0.146312
5 0.884509 0.601572 0.139696 0.119710
5 0.095436 0.913543 0.118949 0.129383
6 0.414938 0.691052 0.047026 0.153567
6 0.464730 0.241838 0.168741 0.055623
7 0.319502 0.707981 0.141079 0.088271
7 0.377593 0.619710 0.069156 0.102781
8 0.636929 0.218863 0.087137 0.106409
8 0.748963 0.643894 0.087137 0.102781
9 0.802213 0.631197 0.080221 0.113664
9 0.663900 0.776300 0.058091 0.113664
10 0.917704 0.798670 0.098202 0.085852
10 0.567082 0.413543 0.082988 0.128174
11 0.499308 0.651753 0.074689 0.089480
11 0.484786 0.233978 0.067773 0.131802
12 0.593361 0.433495 0.088520 0.090689
12 0.677732 0.308948 0.121715 0.049577
13 0.292531 0.263603 0.067773 0.111245
13 0.532503 0.269649 0.107884 0.050786
14 0.713693 0.341596 0.107884 0.059250
14 0.588520 0.492745 0.092669 0.071342
15 0.382434 0.354293 0.081604 0.072551
15 0.581604 0.551391 0.089903 0.048368
16 0.506916 0.574365 0.076072 0.055623
16 0.679806 0.823458 0.070539 0.065296
17 0.885201 0.752721 0.080221 0.068924
17 0.929461 0.365780 0.071923 0.078597
18 0.647303 0.493954 0.066390 0.064087
18 0.679806 0.611850 0.062241 0.070133
19 0.493084 0.339782 0.070539 0.058041
19 0.495159 0.500605 0.058091 0.062878
20 0.519364 0.525998 0.053942 0.053204
20 0.959889 0.541112 0.063624 0.049577
21 0.826418 0.685611 0.051176 0.060459
21 0.735131 0.165054 0.067773 0.071342
22 0.670124 0.720073 0.134163 0.088271
23 0.415629 0.492140 0.112033 0.048368