0 0.608714 0.462677 0.057808 0.281853
0 0.239431 0.595238 0.069888 0.276705
1 0.512511 0.314028 0.084556 0.218790
1 0.238999 0.467825 0.124245 0.171171
2 0.565142 0.800515 0.162209 0.059202
2 0.120362 0.124196 0.069888 0.199485
3 0.165229 0.725225 0.081967 0.160875
3 0.446937 0.178250 0.141501 0.063063
4 0.383089 0.767696 0.100086 0.096525
4 0.083261 0.133205 0.092321 0.163449
5 0.503020 0.526384 0.108714 0.141570
5 0.641933 0.774775 0.103538 0.144144
6 0.220449 0.303732 0.106126 0.100386
6 0.233822 0.121622 0.098361 0.132561
7 0.311044 0.794723 0.080242 0.111969
7 0.298533 0.137709 0.043141 0.157014
8 0.262295 0.837838 0.101812 0.087516
8 0.150561 0.734234 0.095772 0.063063
9 0.257118 0.155727 0.079379 0.090090
9 0.443486 0.660875 0.103538 0.075933
10 0.058671 0.677606 0.091458 0.096525
10 0.449957 0.568211 0.097498 0.065637
11 0.857204 0.611969 0.100949 0.111969
11 0.669974 0.590090 0.087144 0.132561
12 0.887403 0.273488 0.095772 0.073359
12 0.446074 0.740026 0.051769 0.095238
13 0.296808 0.702703 0.072476 0.102960
13 0.463762 0.761905 0.047455 0.131274
14 0.333046 0.312098 0.056946 0.117117
14 0.553494 0.382239 0.075065 0.056628
15 0.458585 0.853282 0.073339 0.072072
15 0.367127 0.722651 0.071613 0.055341
16 0.390854 0.231660 0.067299 0.061776
16 0.506471 0.250965 0.046592 0.097812
17 0.376618 0.330116 0.049180 0.096525
17 0.957722 0.830116 0.069025 0.061776
18 0.457722 0.321750 0.037101 0.097812
18 0.243313 0.313385 0.043141 0.083655
19 0.815789 0.933719 0.052632 0.078507
19 0.308024 0.209781 0.048318 0.064350
20 0.430975 0.607465 0.044003 0.059202
20 0.475410 0.438224 0.037964 0.073359
21 0.581967 0.423423 0.042278 0.069498
21 0.390423 0.424710 0.049180 0.064350
22 0.252373 0.637709 0.111303 0.078507
23 0.566437 0.551480 0.050906 0.057915