0 0.837404 0.663075 0.101542 0.150862
0 0.287275 0.279454 0.137532 0.125000
1 0.559769 0.769397 0.086118 0.199713
1 0.294344 0.778017 0.105398 0.173851
2 0.173522 0.489943 0.082262 0.218391
2 0.573265 0.272270 0.169666 0.079023
3 0.437018 0.844828 0.077121 0.181034
3 0.699229 0.073276 0.151671 0.114943
4 0.512211 0.647270 0.150386 0.093391
4 0.834190 0.425287 0.161954 0.071839
5 0.773136 0.455460 0.150386 0.103448
5 0.643316 0.464799 0.065553 0.176724
6 0.635604 0.734195 0.137532 0.080460
6 0.645244 0.130747 0.118252 0.126437
7 0.748072 0.708333 0.097686 0.123563
7 0.703728 0.668822 0.119537 0.084770
8 0.757069 0.926006 0.100257 0.093391
8 0.660026 0.847701 0.114396 0.083333
9 0.656170 0.209770 0.106684 0.086207
9 0.891388 0.637213 0.114396 0.079023
10 0.358612 0.850575 0.074550 0.137931
10 0.674807 0.919540 0.089974 0.120690
11 0.341260 0.644397 0.078406 0.122126
11 0.699229 0.922414 0.115681 0.077586
12 0.390746 0.143678 0.046272 0.126437
12 0.919666 0.815374 0.068123 0.113506
13 0.739075 0.522989 0.097686 0.080460
13 0.621465 0.283046 0.078406 0.080460
14 0.372751 0.361351 0.069409 0.090517
14 0.120180 0.750000 0.086118 0.109195
15 0.627249 0.934626 0.048843 0.104885
15 0.062982 0.698276 0.074550 0.094828
16 0.573907 0.581897 0.091260 0.051724
16 0.643316 0.337644 0.083548 0.080460
17 0.754499 0.842672 0.079692 0.067529
17 0.649743 0.620690 0.078406 0.051724
18 0.499357 0.727011 0.055270 0.071839
18 0.329692 0.304598 0.075835 0.071839
19 0.546272 0.670977 0.069409 0.057471
19 0.108612 0.681034 0.057841 0.068966
20 0.827121 0.533764 0.042416 0.076149
20 0.661954 0.188937 0.061697 0.058908
21 0.412596 0.632902 0.046272 0.073276
21 0.319409 0.349856 0.052699 0.064655
22 0.485219 0.473420 0.109254 0.104885
22 0.579049 0.169540 0.068123 0.135057