0 0.401207 0.603650 0.183315 0.156204
0 0.266191 0.843066 0.088913 0.156204
1 0.079034 0.604380 0.092206 0.213139
1 0.267838 0.271533 0.155873 0.183942
2 0.289243 0.718978 0.093304 0.132847
2 0.170692 0.656934 0.150384 0.058394
3 0.549396 0.394891 0.121844 0.129927
3 0.532931 0.331387 0.137212 0.072993
4 0.551043 0.658394 0.125137 0.078832
4 0.319429 0.351095 0.122942 0.112409
5 0.532382 0.188321 0.118551 0.131387
5 0.546103 0.661314 0.064764 0.172263
6 0.486828 0.615328 0.097695 0.121168
6 0.147640 0.569343 0.095499 0.087591
7 0.582327 0.951095 0.113063 0.065693
7 0.290889 0.832847 0.118551 0.056934
8 0.328760 0.327737 0.088913 0.100730
8 0.584523 0.310219 0.080132 0.106569
9 0.649286 0.410219 0.108672 0.070073
9 0.436883 0.697080 0.054885 0.144526
10 0.550494 0.750365 0.088913 0.075912
10 0.368277 0.895620 0.073546 0.112409
11 0.734907 0.078102 0.097695 0.121168
11 0.510428 0.899270 0.046103 0.137226
12 0.757409 0.212409 0.081229 0.115328
12 0.288145 0.369343 0.086718 0.070073
13 0.190999 0.716788 0.065862 0.102190
13 0.364984 0.394891 0.091109 0.054015
14 0.956092 0.302920 0.054885 0.135766
14 0.549396 0.874453 0.075741 0.096350
15 0.849616 0.489781 0.068057 0.091971
15 0.298024 0.735036 0.053787 0.054015
16 0.211855 0.400730 0.083425 0.080292
16 0.651482 0.678102 0.066959 0.097810
17 0.488474 0.753285 0.043908 0.090511
17 0.486828 0.181022 0.040615 0.093431
18 0.581229 0.911679 0.066959 0.056934
18 0.415477 0.299270 0.064764 0.058394
19 0.356751 0.813139 0.063666 0.055474
19 0.369374 0.555474 0.053787 0.077372
20 0.693743 0.667153 0.054885 0.064234
20 0.290340 0.691971 0.047201 0.052555
21 0.283754 0.645985 0.038419 0.080292
21 0.344127 0.700730 0.051592 0.061314
22 0.440724 0.315328 0.093304 0.119708
23 0.216246 0.393431 0.043908 0.089051