0 0.288372 0.223460 0.113953 0.174312
0 0.388372 0.328965 0.127907 0.146789
1 0.366860 0.562910 0.147674 0.116645
1 0.161628 0.625164 0.120930 0.167759
2 0.667442 0.384010 0.141860 0.070773
2 0.176744 0.811271 0.137209 0.096986
3 0.759302 0.381389 0.109302 0.131062
3 0.379070 0.328965 0.102326 0.138925
4 0.102907 0.495413 0.108140 0.123198
4 0.175581 0.212975 0.067442 0.145478
5 0.526744 0.324377 0.053488 0.140236
5 0.551163 0.420052 0.127907 0.069463
6 0.383140 0.163827 0.105814 0.073394
6 0.085465 0.396461 0.070930 0.134993
7 0.873837 0.375491 0.054651 0.134993
7 0.575581 0.064875 0.116279 0.087811
8 0.262791 0.840105 0.072093 0.104849
8 0.307558 0.730013 0.105814 0.057667
9 0.670349 0.904980 0.073256 0.111402
9 0.691860 0.205111 0.104651 0.074705
10 0.390116 0.872215 0.094186 0.090433
10 0.202907 0.112713 0.094186 0.086501
11 0.173256 0.388598 0.081395 0.098296
11 0.649419 0.329620 0.105814 0.053735
12 0.411047 0.511796 0.066279 0.093054
12 0.730233 0.103539 0.048837 0.104849
13 0.526163 0.475754 0.084884 0.076016
13 0.289535 0.615334 0.083721 0.069463
14 0.373837 0.081913 0.089535 0.064220
14 0.312209 0.941678 0.068605 0.085190
15 0.598837 0.273919 0.069767 0.086501
15 0.494767 0.201835 0.068605 0.091743
16 0.460465 0.330275 0.044186 0.086501
16 0.442442 0.609436 0.054651 0.089122
17 0.898256 0.137615 0.056977 0.091743
17 0.085465 0.532110 0.063953 0.076016
18 0.225000 0.703145 0.052326 0.074705
18 0.372674 0.513106 0.056977 0.058978
19 0.189535 0.857143 0.069767 0.049803
19 0.750000 0.300131 0.046512 0.078637
20 0.273256 0.087156 0.055814 0.064220
20 0.762209 0.467235 0.050000 0.066841
21 0.340116 0.463303 0.052326 0.058978
21 0.282558 0.774574 0.055814 0.047182
22 0.407558 0.730013 0.089535 0.104849