0 0.486143 0.712375 0.136259 0.156076
0 0.256928 0.454849 0.100462 0.158305
1 0.468822 0.880156 0.152425 0.105909
1 0.598730 0.915831 0.155889 0.154961
2 0.407044 0.936455 0.102771 0.089186
2 0.556582 0.950948 0.140878 0.093645
3 0.766166 0.059086 0.102771 0.113712
3 0.634527 0.715719 0.084296 0.113712
4 0.300231 0.570792 0.087760 0.133779
4 0.286374 0.686734 0.115473 0.093645
5 0.168591 0.576923 0.080831 0.094760
5 0.519053 0.718506 0.125866 0.101449
6 0.201501 0.835006 0.068129 0.131550
6 0.179561 0.471572 0.095843 0.082497
7 0.259815 0.522854 0.050808 0.095875
7 0.327945 0.220736 0.050808 0.111483
8 0.515012 0.894649 0.106236 0.070234
8 0.601617 0.772018 0.050808 0.103679
9 0.204388 0.667224 0.046189 0.085842
9 0.350462 0.279822 0.109700 0.044593
10 0.297344 0.906912 0.077367 0.105909
10 0.228637 0.549610 0.055427 0.107023
11 0.925520 0.247492 0.051963 0.113712
11 0.460162 0.184504 0.070439 0.099220
12 0.562356 0.697882 0.085450 0.060201
12 0.207275 0.742475 0.075058 0.064660
13 0.265012 0.328874 0.045035 0.095875
13 0.325635 0.691750 0.103926 0.032330
14 0.515012 0.535117 0.048499 0.089186
14 0.520208 0.132664 0.056582 0.086957
15 0.459584 0.518952 0.071594 0.059086
15 0.292725 0.537904 0.045035 0.056856
16 0.379908 0.405797 0.048499 0.084727
16 0.166859 0.680602 0.056582 0.052397
17 0.958430 0.211260 0.046189 0.074693
17 0.469400 0.113712 0.047344 0.073579
18 0.442841 0.814939 0.049654 0.051282
18 0.424365 0.193423 0.045035 0.063545
19 0.445150 0.894091 0.045035 0.051282
19 0.356813 0.229654 0.053118 0.042363
20 0.347575 0.400223 0.050808 0.035674
20 0.501732 0.693980 0.035797 0.050167
21 0.074480 0.658863 0.054273 0.057971
21 0.377598 0.665552 0.046189 0.053512
22 0.050808 0.769231 0.066975 0.093645