0 0.244915 0.809160 0.116949 0.206107
0 0.182203 0.552481 0.113559 0.280534
1 0.523729 0.230916 0.210169 0.129771
1 0.626271 0.275763 0.137288 0.139313
2 0.083051 0.570611 0.098305 0.232824
2 0.362712 0.066794 0.206780 0.091603
3 0.881356 0.487595 0.128814 0.230916
3 0.767797 0.293893 0.169492 0.080153
4 0.170339 0.325382 0.123729 0.169847
4 0.199153 0.527672 0.157627 0.154580
5 0.426271 0.671756 0.116949 0.171756
5 0.525424 0.236641 0.094915 0.190840
6 0.666949 0.809160 0.144068 0.156489
6 0.390678 0.670802 0.144068 0.139313
7 0.651695 0.661260 0.123729 0.135496
7 0.601695 0.310115 0.111864 0.154580
8 0.850847 0.343511 0.138983 0.106870
8 0.745763 0.572519 0.145763 0.106870
9 0.212712 0.677481 0.079661 0.171756
9 0.851695 0.650763 0.083051 0.171756
10 0.481356 0.362595 0.108475 0.118321
10 0.250000 0.378817 0.069492 0.146947
11 0.352542 0.791985 0.128814 0.133588
11 0.356780 0.872137 0.106780 0.122137
12 0.722881 0.825382 0.113559 0.135496
12 0.535593 0.907443 0.088136 0.127863
13 0.661017 0.733779 0.077966 0.116412
13 0.515254 0.452290 0.105085 0.068702
14 0.605932 0.392176 0.093220 0.078244
14 0.416949 0.583015 0.132203 0.051527
15 0.478814 0.477099 0.059322 0.103053
15 0.361017 0.800573 0.091525 0.078244
16 0.589831 0.597328 0.115254 0.064885
16 0.377966 0.728053 0.108475 0.085878
17 0.433051 0.193702 0.093220 0.089695
17 0.493220 0.590649 0.084746 0.070611
18 0.567797 0.491412 0.064407 0.070611
18 0.250847 0.286260 0.071186 0.072519
19 0.891525 0.446565 0.054237 0.103053
19 0.433898 0.125954 0.091525 0.057252
20 0.289831 0.354962 0.074576 0.057252
20 0.436441 0.447519 0.055932 0.074427
21 0.200847 0.596374 0.066102 0.059160
21 0.336441 0.593511 0.069492 0.061069
22 0.416102 0.517176 0.133898 0.083969
22 0.213559 0.471374 0.105085 0.148855