0 0.231733 0.637331 0.096033 0.261122
0 0.843424 0.664410 0.183716 0.152805
1 0.509395 0.142166 0.121086 0.214700
1 0.464509 0.740812 0.181628 0.197292
2 0.739040 0.418762 0.133612 0.176015
2 0.659708 0.798839 0.229645 0.096712
3 0.608559 0.774662 0.106472 0.199226
3 0.672234 0.184720 0.137787 0.156673
4 0.527140 0.467118 0.118998 0.179884
4 0.221294 0.363636 0.141962 0.112186
5 0.162839 0.284333 0.125261 0.147002
5 0.155532 0.398453 0.164927 0.096712
6 0.423800 0.471954 0.150313 0.100580
6 0.471816 0.887814 0.171190 0.123791
7 0.627349 0.270793 0.093946 0.139265
7 0.728601 0.279497 0.137787 0.102515
8 0.307933 0.187621 0.093946 0.143133
8 0.776618 0.759188 0.167015 0.063830
9 0.851775 0.496132 0.079332 0.125725
9 0.393528 0.371373 0.139875 0.081238
10 0.563674 0.329787 0.075157 0.141199
10 0.836117 0.405222 0.148225 0.079304
11 0.431106 0.136364 0.160752 0.094778
11 0.771399 0.588008 0.127349 0.127660
12 0.284969 0.697292 0.077244 0.114120
12 0.178497 0.168279 0.114823 0.116054
13 0.074113 0.327853 0.093946 0.121857
13 0.300626 0.807544 0.070981 0.117988
14 0.308977 0.562863 0.091858 0.112186
14 0.494781 0.300774 0.070981 0.106383
15 0.658664 0.419729 0.093946 0.092843
15 0.396660 0.810445 0.116910 0.069632
16 0.432150 0.317215 0.100209 0.069632
16 0.644050 0.610251 0.093946 0.083172
17 0.424843 0.228240 0.093946 0.077369
17 0.209812 0.464217 0.081420 0.073501
18 0.491649 0.528046 0.073069 0.088975
18 0.503132 0.685687 0.079332 0.079304
19 0.342380 0.673114 0.066806 0.069632
19 0.324635 0.403288 0.077244 0.059961
20 0.337161 0.450677 0.073069 0.065764
20 0.248434 0.495164 0.062630 0.077369
21 0.551148 0.588008 0.079332 0.061896
21 0.640919 0.538685 0.075157 0.063830
22 0.513570 0.621857 0.162839 0.083172
23 0.242171 0.264023 0.079332 0.079304