0 0.820534 0.450970 0.205342 0.130388
0 0.550918 0.591595 0.243740 0.073276
1 0.379800 0.497306 0.125209 0.156250
1 0.136895 0.605603 0.233723 0.086207
2 0.235392 0.439655 0.156928 0.129310
2 0.296327 0.645474 0.105175 0.153017
3 0.516694 0.724138 0.225376 0.079741
3 0.582638 0.672953 0.123539 0.104526
4 0.758765 0.172414 0.188648 0.053879
4 0.771285 0.463901 0.086811 0.123922
5 0.570117 0.490302 0.205342 0.047414
5 0.540902 0.554957 0.143573 0.092672
6 0.677796 0.705280 0.100167 0.087284
6 0.586811 0.448815 0.181970 0.033405
7 0.638564 0.119073 0.131886 0.052802
7 0.582638 0.264009 0.180301 0.032328
8 0.635225 0.382543 0.148581 0.051724
8 0.534224 0.601832 0.116861 0.037716
9 0.698664 0.598599 0.148581 0.065733
9 0.517529 0.368534 0.110184 0.049569
10 0.346411 0.395474 0.105175 0.092672
10 0.358932 0.670259 0.086811 0.086207
11 0.576795 0.223060 0.125209 0.071121
11 0.570117 0.697198 0.095159 0.066810
12 0.706177 0.397629 0.100167 0.077586
12 0.750417 0.230065 0.108514 0.078664
13 0.366444 0.434267 0.118531 0.062500
13 0.839733 0.566810 0.153589 0.034483
14 0.416528 0.649246 0.085142 0.085129
14 0.426544 0.567349 0.105175 0.063578
15 0.598497 0.537177 0.101836 0.050647
15 0.658598 0.372306 0.061770 0.074353
16 0.474124 0.783944 0.110184 0.042026
16 0.486644 0.200431 0.061770 0.073276
17 0.628548 0.162716 0.098497 0.049569
17 0.661102 0.039332 0.106845 0.044181
18 0.465776 0.442349 0.063439 0.054957
18 0.649416 0.523168 0.086811 0.042026
19 0.591820 0.297414 0.081803 0.038793
19 0.248748 0.780172 0.066778 0.064655
20 0.129382 0.658944 0.058431 0.052802
20 0.525042 0.824892 0.085142 0.031250
21 0.469950 0.292026 0.068447 0.047414
21 0.126043 0.618534 0.055092 0.049569
22 0.744574 0.280711 0.076795 0.126078
23 0.076795 0.561961 0.073456 0.035560