0 0.231467 0.413844 0.081694 0.279823
0 0.129349 0.494109 0.128593 0.251841
1 0.849470 0.650957 0.119516 0.144330
1 0.537821 0.673785 0.167927 0.134021
2 0.719365 0.246686 0.189107 0.131075
2 0.099849 0.854197 0.178517 0.141384
3 0.868381 0.596465 0.196672 0.111929
3 0.456127 0.877025 0.101362 0.207658
4 0.214070 0.653166 0.119516 0.092784
4 0.139939 0.743004 0.213313 0.063328
5 0.793495 0.445508 0.164902 0.072165
5 0.529501 0.097202 0.066566 0.182622
6 0.379728 0.396171 0.063540 0.162003
6 0.720121 0.770250 0.184569 0.088365
7 0.625567 0.463918 0.071104 0.150221
7 0.515885 0.563328 0.075643 0.148748
8 0.415280 0.782032 0.098336 0.138439
8 0.341906 0.751841 0.078669 0.145803
9 0.345688 0.553019 0.110439 0.134021
9 0.387292 0.505155 0.090772 0.123711
10 0.518154 0.750368 0.068079 0.142857
10 0.538578 0.568483 0.063540 0.138439
11 0.782148 0.841679 0.148260 0.113402
11 0.108926 0.683358 0.157337 0.070692
12 0.289713 0.853461 0.080182 0.095729
12 0.500756 0.368189 0.108926 0.082474
13 0.540091 0.802651 0.093797 0.111929
13 0.381241 0.407953 0.114977 0.055965
14 0.207262 0.810751 0.111952 0.089838
14 0.275340 0.572165 0.114977 0.054492
15 0.708775 0.579529 0.095310 0.095729
15 0.280635 0.726068 0.052950 0.108984
16 0.526475 0.413844 0.108926 0.061856
16 0.454614 0.794551 0.065053 0.101620
17 0.533283 0.465390 0.089259 0.047128
17 0.133132 0.465390 0.057489 0.082474
18 0.295764 0.616348 0.077156 0.051546
18 0.289713 0.936672 0.092284 0.058910
19 0.406959 0.717231 0.075643 0.073638
19 0.726172 0.650221 0.093797 0.048601
20 0.289713 0.347570 0.052950 0.064801
20 0.444024 0.429308 0.055976 0.069219
21 0.428896 0.375552 0.059002 0.064801
21 0.329803 0.379971 0.066566 0.058910
22 0.646747 0.243741 0.164902 0.083947
22 0.696672 0.443299 0.062027 0.129602