0 0.752551 0.490841 0.096939 0.110991
0 0.887245 0.144397 0.129592 0.144397
1 0.788776 0.330819 0.161224 0.146552
1 0.903061 0.081358 0.097959 0.139009
2 0.311735 0.742996 0.147959 0.110991
2 0.606122 0.192349 0.120408 0.093750
3 0.369388 0.512392 0.089796 0.091595
3 0.494898 0.197737 0.106122 0.151940
4 0.644388 0.462284 0.156122 0.090517
4 0.598469 0.398168 0.154082 0.065733
5 0.640816 0.353987 0.093878 0.065733
5 0.836735 0.306034 0.077551 0.122845
6 0.920918 0.304957 0.076531 0.107759
6 0.686224 0.554957 0.125510 0.088362
7 0.830612 0.422414 0.071429 0.079741
7 0.593878 0.199353 0.061224 0.099138
8 0.916837 0.232759 0.078571 0.086207
8 0.389796 0.860453 0.097959 0.076509
9 0.537245 0.617457 0.094898 0.077586
9 0.527551 0.207435 0.063265 0.100216
10 0.488776 0.188039 0.128571 0.046336
10 0.380612 0.656250 0.091837 0.047414
11 0.504592 0.670797 0.125510 0.074353
11 0.662755 0.693427 0.070408 0.076509
12 0.655102 0.517780 0.055102 0.091595
12 0.328571 0.935345 0.075510 0.088362
13 0.666837 0.143858 0.064286 0.080819
13 0.266837 0.649246 0.090816 0.070043
14 0.606633 0.720905 0.056122 0.088362
14 0.679082 0.597522 0.052041 0.102371
15 0.599490 0.279095 0.060204 0.056034
15 0.427041 0.368534 0.082653 0.064655
16 0.274490 0.877155 0.046939 0.086207
16 0.678061 0.889009 0.050000 0.049569
17 0.760714 0.413254 0.052041 0.061422
17 0.615816 0.561422 0.033673 0.075431
18 0.223980 0.773168 0.047959 0.065733
18 0.275510 0.816272 0.069388 0.044181
19 0.269388 0.528017 0.057143 0.068966
19 0.705102 0.610453 0.038776 0.042026
20 0.240816 0.596983 0.057143 0.047414
20 0.369388 0.815733 0.063265 0.043103
21 0.885204 0.314655 0.060204 0.045259
21 0.054082 0.914871 0.065306 0.038793
22 0.745408 0.550108 0.064286 0.093750
23 0.096429 0.928879 0.037755 0.053879