0 0.564732 0.714752 0.138393 0.074413
0 0.571429 0.616188 0.074405 0.135770
1 0.299851 0.074413 0.165179 0.112272
1 0.078125 0.513708 0.102679 0.150131
2 0.654762 0.922977 0.086310 0.120104
2 0.807292 0.505875 0.075893 0.113577
3 0.547619 0.424935 0.104167 0.090078
3 0.299851 0.195822 0.126488 0.080940
4 0.776042 0.664491 0.055060 0.112272
4 0.740327 0.138381 0.075893 0.114883
5 0.739583 0.345953 0.122024 0.046997
5 0.273065 0.614883 0.108631 0.054830
6 0.397321 0.222585 0.083333 0.095300
6 0.606399 0.236945 0.108631 0.061358
7 0.325893 0.563969 0.077381 0.088773
7 0.761905 0.419060 0.068452 0.083551
8 0.443452 0.305483 0.056548 0.083551
8 0.667411 0.330287 0.058036 0.086162
9 0.192708 0.161880 0.105655 0.075718
9 0.724702 0.695170 0.068452 0.090078
10 0.539435 0.267624 0.081845 0.073107
10 0.195685 0.612272 0.084821 0.080940
11 0.644345 0.141645 0.074405 0.090078
11 0.873512 0.480418 0.056548 0.096606
12 0.175595 0.406658 0.077381 0.069191
12 0.511161 0.061358 0.087798 0.073107
13 0.313244 0.407311 0.075893 0.070496
13 0.327381 0.744125 0.062500 0.075718
14 0.662202 0.573107 0.068452 0.067885
14 0.586310 0.866841 0.083333 0.052219
15 0.468006 0.449086 0.078869 0.046997
15 0.568452 0.795039 0.077381 0.065274
16 0.372024 0.687990 0.080357 0.046997
16 0.459821 0.501958 0.074405 0.043081
17 0.735863 0.592037 0.069940 0.053525
17 0.829613 0.329634 0.058036 0.063969
18 0.234375 0.372063 0.072917 0.049608
18 0.390625 0.603786 0.058036 0.058747
19 0.271577 0.705614 0.055060 0.063969
19 0.700149 0.056789 0.078869 0.050914
20 0.505208 0.627285 0.055060 0.053525
20 0.679315 0.439295 0.061012 0.048303
21 0.534226 0.475849 0.050595 0.048303
21 0.718750 0.241514 0.059524 0.057441
22 0.506696 0.309399 0.075893 0.086162
22 0.821429 0.241514 0.104167 0.083551
23 0.666667 0.402742 0.053571 0.053525