0 0.504000 0.528201 0.170000 0.117378
0 0.544000 0.677591 0.170000 0.153963
1 0.870500 0.746189 0.179000 0.132622
1 0.726500 0.149390 0.089000 0.265244
2 0.390000 0.822409 0.164000 0.108232
2 0.563000 0.410823 0.140000 0.138720
3 0.610000 0.353659 0.134000 0.131098
3 0.721000 0.829268 0.080000 0.204268
4 0.651000 0.245427 0.046000 0.219512
4 0.523500 0.794207 0.081000 0.155488
5 0.918500 0.346037 0.115000 0.167683
5 0.776000 0.869665 0.110000 0.150915
6 0.789500 0.663110 0.107000 0.146341
6 0.386500 0.478659 0.075000 0.152439
7 0.570000 0.924543 0.110000 0.120427
7 0.909500 0.555640 0.067000 0.169207
8 0.562000 0.532012 0.120000 0.076220
8 0.713500 0.741616 0.067000 0.163110
9 0.504000 0.681402 0.124000 0.070122
9 0.442000 0.487043 0.088000 0.150915
10 0.900000 0.507622 0.082000 0.146341
10 0.486000 0.742378 0.110000 0.118902
11 0.764500 0.773628 0.067000 0.160061
11 0.608000 0.469512 0.062000 0.161585
12 0.701500 0.298018 0.085000 0.108232
12 0.830500 0.878811 0.089000 0.117378
13 0.758000 0.497713 0.052000 0.150915
13 0.810500 0.466463 0.077000 0.125000
14 0.676500 0.598323 0.077000 0.117378
14 0.570000 0.874238 0.088000 0.105183
15 0.933500 0.799543 0.081000 0.092988
15 0.114000 0.721037 0.048000 0.131098
16 0.474500 0.814024 0.039000 0.131098
16 0.435000 0.608994 0.078000 0.074695
17 0.756000 0.385671 0.062000 0.094512
17 0.880000 0.384146 0.070000 0.073171
18 0.628500 0.887195 0.055000 0.091463
18 0.541000 0.451220 0.036000 0.085366
19 0.573000 0.745427 0.056000 0.082317
19 0.833500 0.502287 0.041000 0.096037
20 0.829000 0.661585 0.038000 0.082317
20 0.553000 0.276677 0.054000 0.056402
21 0.879500 0.330030 0.061000 0.068598
21 0.048500 0.806402 0.061000 0.082317
22 0.722000 0.230183 0.110000 0.137195
23 0.673000 0.444360 0.064000 0.074695