0 0.464338 0.547288 0.122271 0.207232
0 0.652111 0.117524 0.197962 0.134910
1 0.475255 0.918637 0.167394 0.121001
1 0.421397 0.339360 0.135371 0.205841
2 0.523290 0.187065 0.068413 0.187761
2 0.617904 0.772601 0.065502 0.184979
3 0.889374 0.238526 0.151383 0.101530
3 0.687773 0.158554 0.120815 0.119611
4 0.748180 0.219750 0.128093 0.141864
4 0.399563 0.308067 0.129549 0.129346
5 0.401019 0.497914 0.114993 0.136300
5 0.637555 0.209318 0.122271 0.132128
6 0.733624 0.063282 0.131004 0.118220
6 0.804221 0.244089 0.112082 0.121001
7 0.521834 0.171766 0.138282 0.070932
7 0.459243 0.466620 0.100437 0.109875
8 0.692868 0.588317 0.081514 0.114047
8 0.245269 0.496523 0.114993 0.108484
9 0.919942 0.301808 0.090247 0.119611
9 0.278748 0.807371 0.056769 0.137691
10 0.776565 0.415855 0.138282 0.066759
10 0.557496 0.535466 0.128093 0.063978
11 0.609898 0.604312 0.066958 0.129346
11 0.668850 0.429068 0.120815 0.082058
12 0.406114 0.645341 0.110626 0.080668
12 0.834789 0.814325 0.106259 0.070932
13 0.398108 0.190542 0.077147 0.119611
13 0.310044 0.475661 0.052402 0.102921
14 0.336245 0.675243 0.066958 0.104312
14 0.346434 0.571627 0.090247 0.089013
15 0.842067 0.516690 0.074236 0.084840
15 0.684862 0.677330 0.082969 0.086231
16 0.397380 0.536857 0.055313 0.077886
16 0.449054 0.351878 0.042213 0.094576
17 0.318049 0.269124 0.091703 0.059805
17 0.807860 0.307371 0.046579 0.089013
18 0.787482 0.684284 0.078603 0.066759
18 0.954148 0.429764 0.062591 0.072323
19 0.665211 0.493046 0.075691 0.059805
19 0.056041 0.675939 0.077147 0.066759
20 0.208151 0.899861 0.066958 0.061196
20 0.647016 0.574409 0.077147 0.044506
21 0.884279 0.470097 0.056769 0.055633
21 0.893741 0.513213 0.049491 0.061196
22 0.369723 0.567455 0.125182 0.100139
22 0.574236 0.295549 0.100437 0.121001