0 0.470476 0.854478 0.106667 0.225373
0 0.807619 0.720896 0.160000 0.211940
1 0.584762 0.428358 0.243810 0.125373
1 0.882857 0.687313 0.127619 0.207463
2 0.548571 0.168657 0.217143 0.104478
2 0.586667 0.814925 0.182857 0.101493
3 0.552381 0.519403 0.228571 0.086567
3 0.695238 0.673134 0.095238 0.167164
4 0.751429 0.099254 0.173333 0.094030
4 0.410476 0.569403 0.135238 0.144776
5 0.365714 0.379104 0.228571 0.089552
5 0.143810 0.595522 0.211429 0.083582
6 0.560000 0.238806 0.118095 0.107463
6 0.281905 0.602239 0.144762 0.150746
7 0.363810 0.796269 0.133333 0.100000
7 0.809524 0.389552 0.148571 0.101493
8 0.251429 0.508209 0.156190 0.064179
8 0.223810 0.541791 0.180952 0.050746
9 0.341905 0.462687 0.139048 0.092537
9 0.818095 0.389552 0.070476 0.122388
10 0.491429 0.685821 0.102857 0.120896
10 0.560000 0.712687 0.110476 0.097015
11 0.229524 0.402239 0.131429 0.117910
11 0.354286 0.598507 0.167619 0.068657
12 0.125714 0.705970 0.140952 0.077612
12 0.824762 0.821642 0.121905 0.070149
13 0.881905 0.249254 0.118095 0.071642
13 0.526667 0.914925 0.059048 0.101493
14 0.674286 0.600746 0.083810 0.076119
14 0.149524 0.644776 0.142857 0.056716
15 0.780952 0.344776 0.099048 0.092537
15 0.888571 0.305970 0.066667 0.095522
16 0.774286 0.725373 0.081905 0.101493
16 0.398095 0.526119 0.110476 0.076119
17 0.421905 0.248507 0.081905 0.082090
17 0.400000 0.472388 0.083810 0.067164
18 0.295238 0.666418 0.087619 0.064179
18 0.372381 0.667910 0.093333 0.058209
19 0.587619 0.503731 0.093333 0.052239
19 0.361905 0.347761 0.102857 0.041791
20 0.492381 0.596269 0.089524 0.040299
20 0.227619 0.736567 0.081905 0.046269
21 0.813333 0.659701 0.064762 0.062687
21 0.808571 0.281343 0.093333 0.061194
22 0.321905 0.172388 0.095238 0.144776
23 0.588571 0.608209 0.072381 0.061194