0 0.298883 0.437143 0.109870 0.321905
0 0.229050 0.748571 0.294227 0.099048
1 0.097765 0.754286 0.124767 0.278095
1 0.235568 0.280952 0.143389 0.196190
2 0.337989 0.586667 0.158287 0.160000
2 0.761639 0.639048 0.160149 0.150476
3 0.581937 0.280952 0.247672 0.146667
3 0.232775 0.754286 0.208566 0.137143
4 0.506518 0.606667 0.204842 0.116190
4 0.501862 0.718095 0.232775 0.076190
5 0.345438 0.853333 0.162011 0.110476
5 0.158287 0.517143 0.085661 0.226667
6 0.771881 0.226667 0.158287 0.114286
6 0.208566 0.878095 0.126629 0.118095
7 0.418063 0.367619 0.202980 0.068571
7 0.564246 0.277143 0.186220 0.120000
8 0.736499 0.569524 0.132216 0.118095
8 0.543762 0.804762 0.178771 0.104762
9 0.881750 0.292381 0.128492 0.165714
9 0.170391 0.215238 0.117318 0.171429
10 0.697393 0.161905 0.117318 0.179048
10 0.240223 0.717143 0.126629 0.112381
11 0.394786 0.309524 0.141527 0.104762
11 0.097765 0.497143 0.072626 0.167619
12 0.442272 0.773333 0.135940 0.087619
12 0.382682 0.485714 0.109870 0.114286
13 0.459963 0.162857 0.137803 0.135238
13 0.400372 0.663810 0.126629 0.070476
14 0.571695 0.227619 0.108007 0.146667
14 0.600559 0.114286 0.106145 0.099048
15 0.411546 0.442857 0.122905 0.097143
15 0.751397 0.374286 0.072626 0.116190
16 0.364991 0.244762 0.134078 0.081905
16 0.588454 0.494286 0.059590 0.139048
17 0.583799 0.878095 0.106145 0.091429
17 0.653631 0.829524 0.059590 0.116190
18 0.449721 0.406667 0.094972 0.070476
18 0.286778 0.520952 0.104283 0.055238
19 0.093110 0.341905 0.067039 0.097143
19 0.851955 0.277143 0.068901 0.093333
20 0.495345 0.683810 0.081937 0.060952
20 0.233706 0.676190 0.050279 0.072381
21 0.646182 0.390476 0.104283 0.068571
21 0.040037 0.504762 0.076350 0.076190
22 0.676909 0.505714 0.080074 0.207619