0 0.572763 0.907407 0.091445 0.161220
0 0.777778 0.411220 0.161259 0.105664
1 0.417896 0.385076 0.149459 0.118736
1 0.670600 0.896514 0.039331 0.198257
2 0.411013 0.253813 0.076696 0.102397
2 0.457719 0.867647 0.087512 0.094771
3 0.409046 0.151416 0.084562 0.137255
3 0.224189 0.205882 0.080629 0.132898
4 0.623402 0.708061 0.074730 0.135076
4 0.354966 0.646514 0.051131 0.129630
5 0.398722 0.094771 0.085546 0.130719
5 0.294494 0.522331 0.079646 0.077342
6 0.637168 0.591503 0.098328 0.091503
6 0.223206 0.503813 0.047198 0.120915
7 0.554081 0.253268 0.103245 0.042484
7 0.552606 0.797930 0.088496 0.053377
8 0.394789 0.569172 0.091445 0.053377
8 0.711898 0.699346 0.051131 0.106754
9 0.102262 0.625817 0.082596 0.088235
9 0.365290 0.186275 0.081613 0.069717
10 0.338250 0.765795 0.058997 0.102397
10 0.114061 0.178649 0.055064 0.119826
11 0.046706 0.207516 0.067847 0.116558
11 0.279253 0.742375 0.080629 0.090414
12 0.825959 0.703704 0.074730 0.071895
12 0.935103 0.397059 0.104228 0.051198
13 0.546706 0.383987 0.080629 0.053377
13 0.699115 0.190087 0.084562 0.055556
14 0.357424 0.364379 0.040315 0.090414
14 0.245821 0.281046 0.082596 0.061002
15 0.241396 0.863834 0.071780 0.058824
15 0.432645 0.808824 0.055064 0.066449
16 0.455752 0.658497 0.050147 0.072985
16 0.732547 0.538671 0.070796 0.042484
17 0.377089 0.760349 0.061947 0.039216
17 0.509833 0.435185 0.040315 0.059913
18 0.772370 0.717865 0.046214 0.065359
18 0.556047 0.218410 0.046214 0.055556
19 0.235497 0.408497 0.059980 0.043573
19 0.359882 0.681373 0.058997 0.035948
20 0.501475 0.077342 0.037365 0.056645
20 0.631268 0.410131 0.043265 0.044662
21 0.628810 0.645969 0.044248 0.054466
21 0.069322 0.314815 0.044248 0.056645
22 0.680924 0.456427 0.097345 0.056645
22 0.116519 0.440087 0.097345 0.089325