0 0.566860 0.410330 0.127907 0.215208
0 0.254360 0.512195 0.110465 0.220947
1 0.430959 0.501435 0.091570 0.225251
1 0.826308 0.243185 0.138081 0.113343
2 0.346657 0.919656 0.161337 0.143472
2 0.253634 0.593257 0.167151 0.107604
3 0.263808 0.765423 0.132267 0.113343
3 0.115552 0.394548 0.062500 0.169297
4 0.789971 0.893113 0.187500 0.101865
4 0.689680 0.784075 0.091570 0.170732
5 0.188953 0.876614 0.148256 0.086083
5 0.207849 0.591822 0.154070 0.087518
6 0.677326 0.160689 0.061047 0.157819
6 0.284884 0.229555 0.063953 0.160689
7 0.721657 0.392396 0.082849 0.139168
7 0.418605 0.192970 0.125000 0.084648
8 0.936047 0.544476 0.069767 0.136298
8 0.279070 0.182209 0.139535 0.080344
9 0.639535 0.576040 0.095930 0.110473
9 0.119186 0.629842 0.069767 0.123386
10 0.321221 0.430416 0.066860 0.146341
10 0.129360 0.478479 0.119186 0.116212
11 0.862645 0.695839 0.143895 0.074605
11 0.511628 0.782640 0.090116 0.090387
12 0.718023 0.260402 0.110465 0.078910
12 0.858285 0.748207 0.111919 0.058824
13 0.528343 0.904591 0.111919 0.076040
13 0.688227 0.527977 0.079942 0.117647
14 0.585756 0.642755 0.061047 0.120516
14 0.505814 0.469871 0.081395 0.098996
15 0.819767 0.430416 0.063953 0.097561
15 0.478198 0.562410 0.084302 0.083214
16 0.454215 0.703730 0.085756 0.093257
16 0.176599 0.845768 0.079942 0.067432
17 0.194041 0.180775 0.085756 0.063128
17 0.728198 0.092539 0.093023 0.058824
18 0.478924 0.088235 0.062500 0.078910
18 0.409884 0.511478 0.055233 0.061693
19 0.079942 0.379484 0.075581 0.070301
19 0.603198 0.194405 0.055233 0.078910
20 0.626453 0.041607 0.072674 0.057389
20 0.783430 0.279053 0.058140 0.061693
21 0.318314 0.943329 0.069767 0.050215
21 0.640988 0.476327 0.069767 0.057389
22 0.506541 0.053802 0.140988 0.107604
22 0.072674 0.287661 0.061047 0.144907