0 0.408764 0.408840 0.090517 0.218232
0 0.862787 0.401934 0.145115 0.223757
1 0.582615 0.736878 0.139368 0.158840
1 0.834052 0.334945 0.076149 0.208564
2 0.405891 0.558702 0.104885 0.106354
2 0.437500 0.773481 0.136494 0.116022
3 0.447557 0.636740 0.107759 0.077348
3 0.735632 0.318370 0.163793 0.092541
4 0.513649 0.928177 0.165230 0.118785
4 0.844109 0.569061 0.093391 0.149171
5 0.698994 0.732044 0.130747 0.085635
5 0.650144 0.899862 0.176724 0.075967
6 0.503592 0.265193 0.116379 0.129834
6 0.374282 0.513122 0.070402 0.136740
7 0.315374 0.781077 0.102011 0.111878
7 0.440374 0.459254 0.110632 0.067680
8 0.379310 0.162293 0.129310 0.053867
8 0.392241 0.879834 0.097701 0.113260
9 0.934626 0.615331 0.104885 0.111878
9 0.184626 0.709254 0.076149 0.084254
10 0.716954 0.483425 0.071839 0.129834
10 0.446839 0.291436 0.057471 0.132597
11 0.076149 0.726519 0.103448 0.118785
11 0.408764 0.683011 0.119253 0.059392
12 0.530172 0.878453 0.089080 0.063536
12 0.710489 0.637431 0.096264 0.067680
13 0.441092 0.717541 0.112069 0.056630
13 0.533764 0.639503 0.099138 0.077348
14 0.556034 0.831492 0.083333 0.069061
14 0.293103 0.627072 0.054598 0.118785
15 0.276580 0.227210 0.096264 0.064917
15 0.812500 0.674033 0.096264 0.063536
16 0.703305 0.410221 0.099138 0.044199
16 0.667385 0.315608 0.087644 0.053867
17 0.629310 0.484807 0.074713 0.071823
17 0.267960 0.044199 0.058908 0.080110
18 0.583333 0.403315 0.080460 0.049724
18 0.647270 0.605663 0.076149 0.053867
19 0.507902 0.381215 0.070402 0.069061
19 0.317529 0.074586 0.074713 0.052486
20 0.395115 0.845304 0.057471 0.046961
20 0.686782 0.883978 0.066092 0.055249
21 0.750000 0.358425 0.077586 0.042818
21 0.530172 0.587707 0.051724 0.051105
22 0.290948 0.634669 0.107759 0.073204
23 0.336925 0.200276 0.104885 0.049724