0 0.772432 0.797525 0.145644 0.139604
0 0.363459 0.721782 0.136541 0.089109
1 0.366710 0.372277 0.223667 0.053465
1 0.719116 0.381683 0.202861 0.060396
2 0.319246 0.660891 0.170351 0.082178
2 0.646294 0.696040 0.171651 0.033663
3 0.825098 0.583168 0.102731 0.104950
3 0.583225 0.769307 0.100130 0.108911
4 0.779584 0.733168 0.058518 0.117822
4 0.488947 0.622772 0.078023 0.118812
5 0.181404 0.613861 0.105332 0.071287
5 0.270481 0.523267 0.135241 0.054455
6 0.546814 0.292079 0.144343 0.051485
6 0.345904 0.582673 0.143043 0.030693
7 0.744473 0.568317 0.123537 0.047525
7 0.320546 0.639109 0.068921 0.101980
8 0.886216 0.767822 0.076723 0.092079
8 0.408973 0.672772 0.058518 0.088119
9 0.823797 0.959901 0.133940 0.078218
9 0.780884 0.474257 0.102731 0.067327
10 0.841352 0.864851 0.093628 0.058416
10 0.347854 0.618317 0.123537 0.056436
11 0.402471 0.304950 0.097529 0.089109
11 0.411573 0.795545 0.131339 0.052475
12 0.436281 0.315842 0.087126 0.065347
12 0.419376 0.670792 0.089727 0.068317
13 0.874512 0.099505 0.107932 0.062376
13 0.648895 0.733663 0.072822 0.069307
14 0.514954 0.574257 0.049415 0.075248
14 0.561769 0.650495 0.091027 0.041584
15 0.453186 0.484158 0.092328 0.035644
15 0.608583 0.547030 0.044213 0.070297
16 0.723667 0.521287 0.089727 0.032673
16 0.846554 0.779703 0.041612 0.068317
17 0.294538 0.538119 0.076723 0.048515
17 0.829649 0.891584 0.085826 0.042574
18 0.531209 0.762376 0.055917 0.055446
18 0.940182 0.946535 0.059818 0.055446
19 0.090377 0.589109 0.079324 0.051485
19 0.367360 0.356931 0.074122 0.032673
20 0.687256 0.274257 0.058518 0.047525
20 0.188557 0.480693 0.062419 0.046535
21 0.401821 0.543564 0.067620 0.031683
21 0.904421 0.045050 0.053316 0.052475
22 0.873862 0.656436 0.062419 0.102970
22 0.438882 0.397525 0.118336 0.068317