0 0.490964 0.628028 0.153012 0.192618
0 0.745783 0.765283 0.132530 0.169550
1 0.568072 0.453287 0.160241 0.140715
1 0.349398 0.487313 0.127711 0.081892
2 0.427711 0.351788 0.093976 0.143022
2 0.396988 0.662630 0.049398 0.183391
3 0.576506 0.895617 0.172289 0.102653
3 0.399398 0.516148 0.107229 0.077278
4 0.342169 0.427336 0.156627 0.068051
4 0.263253 0.735871 0.140964 0.087659
5 0.465060 0.698385 0.096386 0.125721
5 0.330723 0.688005 0.116867 0.107266
6 0.690361 0.487313 0.113253 0.121107
6 0.463253 0.561130 0.145783 0.051903
7 0.312651 0.866205 0.131325 0.076125
7 0.771084 0.510381 0.069880 0.100346
8 0.325904 0.775087 0.107229 0.087659
8 0.339157 0.367935 0.066265 0.064591
9 0.180723 0.653979 0.067470 0.126874
9 0.578916 0.675894 0.095181 0.064591
10 0.448193 0.773356 0.127711 0.049596
10 0.600602 0.647059 0.124096 0.036909
11 0.594578 0.769319 0.085542 0.083045
11 0.188554 0.651096 0.114458 0.061130
12 0.225301 0.577855 0.057831 0.069204
12 0.699398 0.832180 0.080723 0.088812
13 0.807229 0.618800 0.084337 0.081892
13 0.287349 0.684544 0.068675 0.056517
14 0.588554 0.558247 0.044578 0.106113
14 0.497590 0.467705 0.089157 0.068051
15 0.190964 0.817186 0.097590 0.049596
15 0.825904 0.725490 0.080723 0.071511
16 0.453012 0.886390 0.077108 0.068051
16 0.288554 0.618800 0.042169 0.081892
17 0.791566 0.806228 0.065060 0.073818
17 0.465663 0.826413 0.042169 0.079585
18 0.324096 0.550750 0.060241 0.054210
18 0.569277 0.060554 0.059036 0.054210
19 0.501205 0.436563 0.067470 0.054210
19 0.172289 0.753749 0.057831 0.044983
20 0.265060 0.768743 0.043373 0.056517
20 0.765663 0.668973 0.054217 0.046136
21 0.238554 0.533449 0.053012 0.058824
21 0.556627 0.783737 0.038554 0.065744
23 0.240361 0.613033 0.063855 0.038062