0 0.575910 0.203521 0.173149 0.195775
0 0.765997 0.323944 0.129235 0.200000
1 0.757842 0.409155 0.183187 0.136620
1 0.700125 0.235915 0.132999 0.212676
2 0.165621 0.766197 0.120452 0.169014
2 0.569009 0.469718 0.184442 0.097183
3 0.684442 0.541549 0.184442 0.116901
3 0.907779 0.426761 0.053952 0.208451
4 0.914053 0.778169 0.154329 0.125352
4 0.429109 0.557042 0.175659 0.097183
5 0.606023 0.071831 0.170640 0.118310
5 0.800502 0.259155 0.115433 0.160563
6 0.677541 0.634507 0.158093 0.057746
6 0.823714 0.249296 0.131744 0.154930
7 0.528858 0.072535 0.141782 0.054930
7 0.804893 0.282394 0.134253 0.111268
8 0.710163 0.537324 0.097867 0.100000
8 0.365119 0.459859 0.082811 0.111268
9 0.818695 0.924648 0.124216 0.105634
9 0.106023 0.709155 0.074028 0.145070
10 0.199498 0.498592 0.138018 0.095775
10 0.624216 0.600000 0.131744 0.056338
11 0.831242 0.655634 0.074028 0.108451
11 0.834379 0.521831 0.085320 0.088732
12 0.900878 0.856338 0.045169 0.126761
12 0.722710 0.600704 0.102886 0.052113
13 0.459849 0.204930 0.051443 0.125352
13 0.560226 0.100000 0.116688 0.053521
14 0.601631 0.411268 0.066499 0.104225
14 0.804893 0.419014 0.069009 0.116901
15 0.856964 0.402817 0.042660 0.112676
15 0.564617 0.311268 0.097867 0.061972
16 0.289210 0.395775 0.048934 0.109859
16 0.531368 0.395070 0.053952 0.094366
17 0.839398 0.154225 0.085320 0.083099
17 0.570891 0.347183 0.085320 0.043662
18 0.496236 0.392254 0.074028 0.057746
18 0.548306 0.452817 0.060226 0.074648
19 0.476161 0.162676 0.051443 0.080282
19 0.185696 0.857746 0.075282 0.056338
20 0.331870 0.057746 0.058971 0.061972
20 0.506274 0.570423 0.046424 0.064789
21 0.084065 0.240141 0.072773 0.069014
21 0.481179 0.459859 0.058971 0.071831
22 0.341280 0.493662 0.132999 0.105634
22 0.796738 0.405634 0.097867 0.109859