0 0.374038 0.914706 0.119231 0.164706
0 0.487500 0.343382 0.107692 0.154412
1 0.218750 0.719853 0.133654 0.127941
1 0.385577 0.574265 0.134615 0.066176
2 0.169712 0.493382 0.112500 0.072059
2 0.728365 0.620588 0.127885 0.105882
3 0.375962 0.164706 0.119231 0.061765
3 0.409135 0.666912 0.058654 0.160294
4 0.062981 0.436029 0.089423 0.113235
4 0.144231 0.577941 0.088462 0.135294
5 0.551442 0.447794 0.095192 0.092647
5 0.325962 0.483088 0.050000 0.154412
6 0.643269 0.244118 0.098077 0.085294
6 0.425481 0.099265 0.064423 0.130882
7 0.220192 0.255882 0.036538 0.144118
7 0.395673 0.661765 0.089423 0.082353
8 0.944712 0.465441 0.072115 0.130882
8 0.690865 0.401471 0.081731 0.085294
9 0.166346 0.572794 0.055769 0.125000
9 0.206731 0.423529 0.075000 0.073529
10 0.278365 0.175000 0.079808 0.070588
10 0.343750 0.855882 0.077885 0.105882
11 0.532692 0.655147 0.090385 0.069118
11 0.530769 0.807353 0.042308 0.132353
12 0.207692 0.568382 0.032692 0.119118
12 0.562019 0.569853 0.039423 0.110294
13 0.579327 0.205147 0.037500 0.116176
13 0.306250 0.472059 0.041346 0.097059
14 0.539423 0.101471 0.075000 0.079412
14 0.486538 0.561029 0.065385 0.086765
15 0.040865 0.380882 0.049038 0.076471
15 0.464904 0.830147 0.037500 0.104412
16 0.246154 0.213235 0.046154 0.076471
16 0.454808 0.699265 0.038462 0.095588
17 0.805288 0.497059 0.060577 0.073529
17 0.163942 0.119118 0.035577 0.097059
18 0.457212 0.194118 0.054808 0.058824
18 0.521154 0.388971 0.034615 0.054412
19 0.417788 0.910294 0.049038 0.070588
19 0.537500 0.519118 0.038462 0.073529
20 0.238462 0.613235 0.050000 0.050000
20 0.157212 0.407353 0.045192 0.061765
21 0.036538 0.513235 0.042308 0.076471
21 0.083173 0.491912 0.037500 0.075000
22 0.458173 0.686029 0.093269 0.060294
22 0.360096 0.490441 0.083654 0.060294