0 0.674242 0.438992 0.169697 0.140584
0 0.397727 0.189655 0.140909 0.185676
1 0.274242 0.637931 0.109091 0.209549
1 0.656818 0.547745 0.268182 0.129973
2 0.271970 0.254642 0.189394 0.119363
2 0.380303 0.620027 0.251515 0.054377
3 0.842424 0.612069 0.175758 0.136605
3 0.544697 0.088196 0.204545 0.123342
4 0.277273 0.372679 0.206061 0.071618
4 0.478788 0.849469 0.184848 0.070292
5 0.290152 0.881963 0.074242 0.190981
5 0.828030 0.600796 0.083333 0.193634
6 0.418939 0.143236 0.192424 0.061008
6 0.276515 0.287798 0.089394 0.177719
7 0.495455 0.347480 0.169697 0.066313
7 0.659848 0.848143 0.128788 0.144562
8 0.550758 0.759284 0.168182 0.046419
8 0.520455 0.413793 0.153030 0.050398
9 0.798485 0.754642 0.145455 0.111406
9 0.548485 0.206233 0.112121 0.094164
10 0.151515 0.492706 0.115152 0.136605
10 0.119697 0.447613 0.069697 0.163130
11 0.229545 0.834218 0.177273 0.090186
11 0.518182 0.099469 0.157576 0.079576
12 0.345455 0.872016 0.084848 0.110080
12 0.186364 0.633289 0.078788 0.131300
13 0.830303 0.382626 0.139394 0.057029
13 0.225758 0.744032 0.139394 0.045093
14 0.563636 0.884615 0.109091 0.090186
14 0.568939 0.522546 0.046970 0.100796
15 0.519697 0.388594 0.093939 0.050398
15 0.582576 0.603448 0.113636 0.082228
16 0.464394 0.515915 0.095455 0.084881
16 0.541667 0.295756 0.080303 0.087533
17 0.692424 0.280504 0.100000 0.041114
17 0.741667 0.547082 0.095455 0.046419
18 0.386364 0.397878 0.057576 0.076923
18 0.742424 0.362732 0.051515 0.072944
19 0.313636 0.496021 0.096970 0.045093
19 0.103030 0.612069 0.075758 0.078249
20 0.637879 0.344828 0.072727 0.061008
20 0.782576 0.453581 0.043939 0.068966
21 0.289394 0.665119 0.078788 0.054377
21 0.630303 0.307029 0.051515 0.062334
22 0.475000 0.297082 0.095455 0.087533
23 0.887879 0.392573 0.069697 0.047745