0 0.622093 0.909400 0.238372 0.106455
0 0.514535 0.849943 0.127907 0.100793
1 0.289244 0.741789 0.125000 0.129105
1 0.760174 0.628539 0.223837 0.058890
2 0.732558 0.659683 0.107558 0.155153
2 0.284157 0.290487 0.193314 0.091733
3 0.457122 0.624575 0.152616 0.096263
3 0.465843 0.465459 0.132267 0.110985
4 0.218023 0.437146 0.078488 0.135900
4 0.856105 0.826161 0.104651 0.132503
5 0.285610 0.531144 0.071221 0.122310
5 0.508721 0.790487 0.165698 0.052095
6 0.625000 0.406569 0.145349 0.072480
6 0.138808 0.067384 0.129360 0.107588
7 0.887355 0.639864 0.091570 0.106455
7 0.633721 0.598528 0.133721 0.055493
8 0.132994 0.765572 0.109012 0.088335
8 0.844477 0.754813 0.098837 0.096263
9 0.164244 0.591733 0.104651 0.098528
9 0.199128 0.808607 0.095930 0.095130
10 0.329942 0.467157 0.075581 0.103058
10 0.602471 0.787089 0.056686 0.104190
11 0.666424 0.381087 0.106105 0.093998
11 0.223110 0.543601 0.082849 0.077010
12 0.846657 0.564553 0.071221 0.089468
12 0.123547 0.683465 0.116279 0.062288
13 0.611192 0.678935 0.079942 0.075878
13 0.308140 0.644960 0.058140 0.089468
14 0.620640 0.729332 0.098837 0.061155
14 0.231831 0.090600 0.065407 0.092865
15 0.404797 0.502265 0.085756 0.057758
15 0.752180 0.560023 0.077035 0.073613
16 0.101744 0.242356 0.113372 0.043035
16 0.471657 0.380521 0.068314 0.070215
17 0.685320 0.846546 0.085756 0.046433
17 0.225291 0.342016 0.087209 0.049830
18 0.376453 0.681767 0.052326 0.065685
18 0.611192 0.862401 0.062500 0.060023
19 0.635901 0.947905 0.074128 0.061155
19 0.752180 0.488109 0.062500 0.058890
20 0.635901 0.635334 0.062500 0.052095
20 0.380087 0.384485 0.062500 0.053228
21 0.521802 0.690827 0.061047 0.047565
21 0.361919 0.836920 0.058140 0.047565
22 0.710029 0.443375 0.140988 0.064553
23 0.091570 0.185730 0.055233 0.052095