0 0.349147 0.844978 0.111940 0.222707
0 0.251599 0.480349 0.117271 0.148472
1 0.878998 0.288210 0.141791 0.197962
1 0.331557 0.622999 0.061834 0.218341
2 0.376333 0.451965 0.095949 0.117904
2 0.423774 0.478166 0.092751 0.149927
3 0.411514 0.385735 0.085288 0.136827
3 0.229211 0.443959 0.110874 0.104803
4 0.474947 0.538574 0.071429 0.171761
4 0.552239 0.416303 0.121535 0.075691
5 0.164179 0.396652 0.078891 0.135371
5 0.356610 0.568413 0.116205 0.091703
6 0.499467 0.685590 0.124733 0.061135
6 0.421642 0.179039 0.084222 0.101892
7 0.418443 0.238719 0.101279 0.064047
7 0.062367 0.121543 0.097015 0.085881
8 0.377399 0.238719 0.057569 0.133916
8 0.620469 0.561135 0.072495 0.109170
9 0.280384 0.763464 0.051173 0.149927
9 0.259062 0.799127 0.070362 0.125182
10 0.245203 0.903202 0.098081 0.088792
10 0.586887 0.084425 0.056503 0.133916
11 0.621535 0.493450 0.066098 0.122271
11 0.415245 0.719068 0.099147 0.081514
12 0.585288 0.374818 0.074627 0.074236
12 0.950426 0.128821 0.043710 0.138282
13 0.212154 0.586608 0.076759 0.101892
13 0.402452 0.644833 0.084222 0.058224
14 0.552239 0.225619 0.078891 0.058224
14 0.270256 0.549491 0.073561 0.085881
15 0.344883 0.485444 0.065032 0.077147
15 0.512260 0.795488 0.082090 0.050946
16 0.492004 0.583697 0.047974 0.093159
16 0.563433 0.330422 0.058635 0.061135
17 0.248934 0.422853 0.065032 0.068413
17 0.472281 0.326055 0.074627 0.064047
18 0.528252 0.587336 0.050107 0.068413
18 0.677505 0.289665 0.052239 0.084425
19 0.554371 0.273654 0.061834 0.055313
19 0.287313 0.580786 0.056503 0.040757
20 0.346482 0.812227 0.044776 0.066958
20 0.339019 0.759825 0.040512 0.058224
21 0.227612 0.563319 0.033049 0.081514
21 0.476546 0.156477 0.057569 0.045124
22 0.173241 0.499272 0.109808 0.096070
22 0.490938 0.740175 0.094883 0.085881