0 0.192381 0.551807 0.179048 0.221687
0 0.194286 0.220482 0.194286 0.151807
1 0.684762 0.103614 0.283810 0.192771
1 0.181905 0.628916 0.264762 0.202410
2 0.572381 0.844578 0.180952 0.253012
2 0.254286 0.769880 0.142857 0.175904
3 0.712381 0.673494 0.137143 0.281928
3 0.495238 0.171084 0.167619 0.245783
4 0.571429 0.869880 0.255238 0.120482
4 0.537143 0.265060 0.137143 0.216867
5 0.902857 0.312048 0.148571 0.156627
5 0.808571 0.639759 0.180952 0.151807
6 0.360000 0.440964 0.140952 0.260241
6 0.393333 0.140964 0.123810 0.243373
7 0.904762 0.507229 0.118095 0.214458
7 0.476190 0.656627 0.171429 0.156627
8 0.640952 0.444578 0.089524 0.233735
8 0.834286 0.404819 0.140952 0.236145
9 0.780952 0.684337 0.068571 0.250602
9 0.536190 0.328916 0.158095 0.190361
10 0.779048 0.312048 0.152381 0.243373
10 0.840000 0.463855 0.148571 0.200000
11 0.321905 0.219277 0.175238 0.207229
11 0.731429 0.461446 0.156190 0.195181
12 0.442857 0.777108 0.089524 0.209639
12 0.371429 0.690361 0.083810 0.219277
13 0.687619 0.826506 0.175238 0.134940
13 0.376190 0.425301 0.165714 0.079518
14 0.460000 0.526506 0.108571 0.166265
14 0.636190 0.412048 0.114286 0.168675
15 0.686667 0.177108 0.142857 0.113253
15 0.572381 0.659036 0.070476 0.103614
16 0.271429 0.116867 0.070476 0.113253
16 0.692381 0.190361 0.127619 0.106024
17 0.341905 0.751807 0.051429 0.163855
17 0.609524 0.662651 0.072381 0.149398
18 0.107619 0.350602 0.078095 0.118072
18 0.660000 0.238554 0.100952 0.106024
19 0.533333 0.615663 0.064762 0.113253
19 0.243810 0.113253 0.080000 0.057831
20 0.600952 0.826506 0.066667 0.081928
20 0.499048 0.438554 0.095238 0.086747
21 0.661905 0.689157 0.081905 0.101205
21 0.533333 0.368675 0.110476 0.077108