0 0.550260 0.237252 0.136915 0.205382
0 0.859619 0.632436 0.117851 0.131728
1 0.584922 0.681303 0.116118 0.212465
1 0.491334 0.247167 0.289428 0.066572
2 0.570191 0.434136 0.235702 0.097734
2 0.441075 0.169263 0.185442 0.120397
3 0.628250 0.318697 0.227036 0.076487
3 0.361352 0.723796 0.216638 0.076487
4 0.340555 0.901558 0.168111 0.145892
4 0.357019 0.826487 0.214905 0.055241
5 0.486135 0.497875 0.206239 0.063739
5 0.214905 0.679178 0.218371 0.058074
6 0.640381 0.086402 0.181976 0.070822
6 0.293761 0.218130 0.143847 0.067989
7 0.902080 0.444759 0.057192 0.147309
7 0.638648 0.606232 0.126516 0.113314
8 0.830156 0.486544 0.142114 0.106232
8 0.753033 0.667139 0.098787 0.130312
9 0.293761 0.136686 0.102253 0.123229
9 0.471404 0.146601 0.065858 0.145892
10 0.367418 0.077904 0.114385 0.118980
10 0.357019 0.504249 0.090121 0.127479
11 0.324090 0.753541 0.138648 0.067989
11 0.569324 0.813739 0.157712 0.055241
12 0.623917 0.677054 0.128250 0.073654
12 0.693241 0.728045 0.131716 0.073654
13 0.571057 0.200425 0.129983 0.063739
13 0.382149 0.252125 0.126516 0.079320
14 0.529463 0.590652 0.095321 0.096317
14 0.448873 0.573654 0.093588 0.093484
15 0.080589 0.597025 0.095321 0.089235
15 0.719237 0.516997 0.090121 0.062323
16 0.412478 0.354108 0.117851 0.059490
16 0.570191 0.374646 0.110919 0.058074
17 0.834489 0.312323 0.074523 0.086402
17 0.474870 0.311615 0.055459 0.082153
18 0.302426 0.516997 0.088388 0.065156
18 0.453206 0.558782 0.084922 0.066572
19 0.787695 0.835694 0.081456 0.059490
19 0.730503 0.359065 0.081456 0.058074
20 0.738302 0.444051 0.069324 0.066572
20 0.540728 0.752833 0.048527 0.072238
21 0.514731 0.410057 0.083189 0.046742
21 0.325823 0.796742 0.079723 0.038244
22 0.306759 0.378895 0.145581 0.126062
23 0.238302 0.466714 0.112652 0.046742