0 0.884886 0.590449 0.159930 0.138929
0 0.739016 0.460203 0.142355 0.147612
1 0.797012 0.350217 0.163445 0.101302
1 0.361160 0.217077 0.244288 0.095514
2 0.519332 0.727931 0.205624 0.089725
2 0.499121 0.420405 0.200351 0.094067
3 0.335677 0.759768 0.165202 0.127352
3 0.515817 0.871925 0.195079 0.105644
4 0.689807 0.721418 0.173989 0.091172
4 0.644112 0.261216 0.181019 0.076700
5 0.797891 0.558611 0.126538 0.138929
5 0.401582 0.096237 0.089631 0.157742
6 0.340070 0.544863 0.142355 0.108538
6 0.598418 0.459479 0.114236 0.102750
7 0.617750 0.684515 0.149385 0.060781
7 0.547452 0.295224 0.138840 0.075253
8 0.282074 0.437771 0.131810 0.062229
8 0.186292 0.673661 0.165202 0.050651
9 0.143234 0.448625 0.107206 0.112880
9 0.565026 0.953690 0.135325 0.072359
10 0.195958 0.764110 0.079086 0.133140
10 0.471002 0.371201 0.144112 0.053546
11 0.586116 0.332851 0.142355 0.057887
11 0.258348 0.568017 0.101933 0.111433
12 0.473638 0.622287 0.114236 0.086831
12 0.229350 0.219247 0.114236 0.085384
13 0.682777 0.636035 0.131810 0.041968
13 0.509666 0.476122 0.126538 0.049204
14 0.497364 0.577424 0.123023 0.046310
14 0.118629 0.189580 0.110721 0.075253
15 0.190685 0.111433 0.082601 0.083936
15 0.577329 0.534009 0.096661 0.069465
16 0.503515 0.334298 0.100176 0.063676
16 0.810193 0.396527 0.105448 0.049204
17 0.453427 0.743126 0.101933 0.044863
17 0.672232 0.442113 0.086116 0.062229
18 0.425308 0.280029 0.070299 0.065123
18 0.648506 0.594790 0.091388 0.046310
19 0.266257 0.162084 0.086116 0.054993
19 0.321617 0.278582 0.080844 0.068017
20 0.182777 0.276411 0.080844 0.049204
20 0.789982 0.659190 0.079086 0.044863
21 0.412127 0.502894 0.086116 0.041968
21 0.152900 0.575253 0.084359 0.059334
22 0.644112 0.523878 0.124780 0.098408
22 0.315466 0.705499 0.079086 0.137482
23 0.871705 0.607815 0.066784 0.043415