0 0.137097 0.653195 0.120072 0.193609
0 0.439068 0.774436 0.186380 0.131579
1 0.362007 0.929511 0.146953 0.092105
1 0.185484 0.834586 0.137993 0.142857
2 0.539427 0.570489 0.161290 0.144737
2 0.613799 0.758459 0.084229 0.208647
3 0.745520 0.447368 0.129032 0.157895
3 0.379928 0.738722 0.150538 0.154135
4 0.351254 0.266917 0.093190 0.165414
4 0.354839 0.530075 0.121864 0.150376
5 0.217742 0.298872 0.062724 0.176692
5 0.140681 0.397556 0.163082 0.058271
6 0.660394 0.777256 0.084229 0.148496
6 0.552867 0.400376 0.094982 0.154135
7 0.661290 0.431391 0.136201 0.084586
7 0.206989 0.676692 0.134409 0.082707
8 0.469534 0.656015 0.103943 0.124060
8 0.663978 0.205827 0.109319 0.118421
9 0.443548 0.553571 0.109319 0.103383
9 0.094982 0.486842 0.093190 0.120301
10 0.839606 0.491541 0.094982 0.122180
10 0.428315 0.342105 0.064516 0.139098
11 0.928315 0.480263 0.078853 0.129699
11 0.708781 0.628759 0.120072 0.092105
12 0.441756 0.874060 0.091398 0.105263
12 0.485663 0.305451 0.075269 0.107143
13 0.683692 0.312030 0.062724 0.127820
13 0.562724 0.502820 0.121864 0.058271
14 0.662186 0.587406 0.069892 0.110902
14 0.600358 0.243421 0.078853 0.107143
15 0.389785 0.062030 0.094982 0.093985
15 0.150538 0.553571 0.075269 0.092105
16 0.513441 0.851504 0.073477 0.071429
16 0.827061 0.591165 0.073477 0.088346
17 0.478495 0.374060 0.060932 0.090226
17 0.551971 0.189850 0.089606 0.060150
18 0.753584 0.799812 0.073477 0.069549
18 0.482975 0.729323 0.048387 0.090226
19 0.225806 0.605263 0.064516 0.078947
19 0.259857 0.338346 0.053763 0.082707
20 0.312724 0.353383 0.059140 0.082707
20 0.341398 0.045113 0.051971 0.075188
21 0.613799 0.575188 0.066308 0.056391
21 0.547491 0.753759 0.051971 0.075188
22 0.275090 0.490602 0.077061 0.127820
23 0.742832 0.729323 0.069892 0.075188