0 0.396067 0.415000 0.132959 0.190000
0 0.254682 0.835000 0.112360 0.226000
1 0.747191 0.305000 0.108614 0.246000
1 0.271536 0.622000 0.093633 0.204000
2 0.271536 0.584000 0.176030 0.096000
2 0.880150 0.480000 0.194757 0.120000
3 0.475655 0.287000 0.149813 0.158000
3 0.207865 0.262000 0.112360 0.188000
4 0.792135 0.681000 0.146067 0.154000
4 0.276217 0.097000 0.177903 0.098000
5 0.590824 0.294000 0.140449 0.144000
5 0.178839 0.574000 0.132959 0.144000
6 0.207865 0.882000 0.112360 0.148000
6 0.730337 0.748000 0.067416 0.172000
7 0.606742 0.172000 0.112360 0.136000
7 0.104869 0.604000 0.101124 0.112000
8 0.081461 0.681000 0.136704 0.090000
8 0.351124 0.400000 0.132959 0.068000
9 0.720037 0.443000 0.140449 0.098000
9 0.364232 0.219000 0.106742 0.106000
10 0.150749 0.714000 0.102996 0.120000
10 0.679775 0.882000 0.131086 0.080000
11 0.359551 0.484000 0.089888 0.128000
11 0.317416 0.475000 0.106742 0.122000
12 0.113296 0.882000 0.102996 0.104000
12 0.345506 0.317000 0.106742 0.082000
13 0.512172 0.617000 0.076779 0.110000
13 0.480337 0.418000 0.061798 0.124000
14 0.274345 0.255000 0.073034 0.110000
14 0.474719 0.780000 0.102996 0.092000
15 0.845506 0.583000 0.061798 0.114000
15 0.598315 0.359000 0.091760 0.098000
16 0.501873 0.870000 0.071161 0.100000
16 0.533708 0.717000 0.078652 0.086000
17 0.317416 0.764000 0.080524 0.092000
17 0.278090 0.349000 0.054307 0.098000
18 0.529026 0.556000 0.073034 0.072000
18 0.338015 0.257000 0.080524 0.062000
19 0.576779 0.901000 0.078652 0.078000
19 0.630150 0.814000 0.073034 0.084000
20 0.555243 0.498000 0.065543 0.076000
20 0.469101 0.343000 0.069288 0.054000
21 0.774345 0.563000 0.061798 0.074000
21 0.425094 0.519000 0.067416 0.070000
22 0.472846 0.727000 0.147940 0.090000
23 0.547753 0.400000 0.095506 0.080000