0 0.355164 0.606019 0.143577 0.205198
0 0.066751 0.380985 0.090680 0.225718
1 0.301637 0.830369 0.129723 0.145007
1 0.406801 0.315321 0.125945 0.203830
2 0.535894 0.241450 0.114610 0.129959
2 0.316751 0.216142 0.149874 0.145007
3 0.163728 0.653215 0.153652 0.108071
3 0.414358 0.076607 0.158690 0.049248
4 0.221033 0.606703 0.071788 0.157319
4 0.700882 0.137483 0.137280 0.067031
5 0.129723 0.613543 0.065491 0.154583
5 0.516373 0.560192 0.065491 0.162791
6 0.283375 0.575923 0.115869 0.125855
6 0.505038 0.142271 0.110831 0.093023
7 0.227330 0.477428 0.074307 0.128591
7 0.697103 0.318741 0.081864 0.128591
8 0.321159 0.421341 0.075567 0.128591
8 0.136650 0.296854 0.069270 0.117647
9 0.775189 0.450752 0.124685 0.061560
9 0.670655 0.214090 0.122166 0.069767
10 0.397985 0.652531 0.105793 0.082079
10 0.420025 0.457592 0.074307 0.083447
11 0.928841 0.668947 0.091940 0.114911
11 0.295340 0.138167 0.114610 0.054720
12 0.490554 0.380985 0.051637 0.108071
12 0.436398 0.041040 0.107053 0.046512
13 0.558564 0.221614 0.049118 0.101231
13 0.361461 0.590287 0.090680 0.083447
14 0.600756 0.306430 0.093199 0.071135
14 0.172544 0.415869 0.078086 0.084815
15 0.297859 0.471272 0.074307 0.077975
15 0.935139 0.528044 0.089421 0.079343
16 0.749370 0.511628 0.065491 0.090287
16 0.566121 0.462380 0.044081 0.101231
17 0.176322 0.714090 0.070529 0.079343
17 0.343829 0.291382 0.073048 0.054720
18 0.204660 0.266758 0.044081 0.079343
18 0.360202 0.427497 0.045340 0.069767
19 0.329345 0.951436 0.056675 0.080711
19 0.396096 0.381669 0.056675 0.071135
20 0.422544 0.212722 0.056675 0.072503
20 0.239295 0.347469 0.040302 0.062927
21 0.445214 0.548564 0.049118 0.060192
21 0.520781 0.369357 0.059194 0.038304
22 0.260705 0.606703 0.090680 0.119015
23 0.163728 0.372777 0.055416 0.053352