0 0.679967 0.541506 0.236156 0.156371
0 0.215798 0.193050 0.177524 0.289575
1 0.757329 0.752896 0.140065 0.196911
1 0.538274 0.501931 0.079805 0.312741
2 0.574104 0.271236 0.138436 0.191120
2 0.775244 0.410232 0.100977 0.175676
3 0.190554 0.593629 0.140065 0.264479
3 0.466612 0.153475 0.226384 0.090734
4 0.580619 0.889961 0.236156 0.104247
4 0.605049 0.193050 0.203583 0.123552
5 0.565147 0.335907 0.192182 0.115830
5 0.371336 0.599421 0.140065 0.187259
6 0.659609 0.402510 0.153094 0.164093
6 0.811075 0.239382 0.107492 0.158301
7 0.767101 0.091699 0.169381 0.156371
7 0.623779 0.532819 0.107492 0.196911
8 0.402280 0.093629 0.162866 0.125483
8 0.242671 0.267375 0.172638 0.067568
9 0.324104 0.652510 0.123779 0.142857
9 0.357492 0.369691 0.144951 0.094595
10 0.783388 0.592664 0.120521 0.138996
10 0.265472 0.092664 0.166124 0.073359
11 0.429967 0.888996 0.100977 0.191120
11 0.308632 0.225869 0.109121 0.173745
12 0.497557 0.533784 0.083062 0.148649
12 0.365635 0.406371 0.122150 0.086873
13 0.103420 0.263514 0.144951 0.094595
13 0.194625 0.696911 0.079805 0.142857
14 0.453583 0.291506 0.122150 0.096525
14 0.626221 0.609073 0.096091 0.117761
15 0.681596 0.633205 0.063518 0.135135
15 0.658795 0.124517 0.112378 0.086873
16 0.362378 0.713320 0.122150 0.075290
16 0.338762 0.243243 0.100977 0.077220
17 0.162052 0.624517 0.083062 0.121622
17 0.211726 0.388031 0.084691 0.115830
18 0.394137 0.524131 0.084691 0.090734
18 0.498371 0.465251 0.074919 0.092664
19 0.460912 0.450772 0.055375 0.102317
19 0.075733 0.336873 0.073290 0.110039
20 0.937296 0.631274 0.083062 0.084942
20 0.743485 0.299228 0.050489 0.108108
21 0.553746 0.266409 0.087948 0.061776
21 0.295603 0.488417 0.057003 0.104247
22 0.179967 0.193050 0.102606 0.123552
22 0.684039 0.662162 0.175896 0.127413