0 0.314570 0.283571 0.208609 0.175714
0 0.841887 0.502143 0.087748 0.221429
1 0.641556 0.746429 0.230132 0.115714
1 0.800497 0.473571 0.256623 0.104286
2 0.648179 0.898571 0.130795 0.182857
2 0.597682 0.714286 0.172185 0.094286
3 0.301325 0.679286 0.201987 0.078571
3 0.619205 0.657857 0.142384 0.150000
4 0.370033 0.612143 0.177152 0.101429
4 0.704470 0.263571 0.187086 0.084286
5 0.209437 0.451429 0.077815 0.165714
5 0.094371 0.427857 0.139073 0.141429
6 0.311258 0.200000 0.185430 0.065714
6 0.443709 0.791429 0.102649 0.128571
7 0.502483 0.688571 0.134106 0.111429
7 0.343543 0.620714 0.054636 0.132857
8 0.711093 0.197857 0.087748 0.127143
8 0.532285 0.397857 0.150662 0.055714
9 0.532285 0.530000 0.091060 0.120000
9 0.719371 0.343571 0.107616 0.112857
10 0.644040 0.388571 0.119205 0.100000
10 0.202815 0.457143 0.153974 0.057143
11 0.863411 0.711429 0.147351 0.054286
11 0.899834 0.670000 0.140728 0.085714
12 0.493377 0.121429 0.119205 0.082857
12 0.478477 0.068571 0.122517 0.051429
13 0.283113 0.590714 0.109272 0.072857
13 0.479305 0.207857 0.124172 0.087143
14 0.574503 0.467857 0.086093 0.092857
14 0.625000 0.585000 0.114238 0.058571
15 0.394868 0.789286 0.114238 0.050000
15 0.580298 0.463571 0.097682 0.078571
16 0.755795 0.545714 0.057947 0.094286
16 0.722682 0.580000 0.084437 0.062857
17 0.422185 0.466429 0.072848 0.084286
17 0.327815 0.404286 0.082781 0.082857
18 0.243377 0.287143 0.092715 0.054286
18 0.685430 0.502143 0.059603 0.078571
19 0.674669 0.324286 0.051325 0.077143
19 0.410596 0.292857 0.086093 0.065714
20 0.571192 0.202143 0.056291 0.075714
20 0.408940 0.522857 0.079470 0.048571
21 0.733444 0.393571 0.079470 0.052857
21 0.372517 0.074286 0.086093 0.062857
22 0.216887 0.558571 0.158940 0.080000
23 0.578642 0.336429 0.051325 0.064286