0 0.190415 0.650750 0.150259 0.264666
0 0.577720 0.682128 0.139896 0.185539
1 0.231865 0.396999 0.145078 0.180082
1 0.701425 0.239427 0.086788 0.236016
2 0.620466 0.663711 0.158031 0.145975
2 0.539508 0.098226 0.099741 0.133697
3 0.193005 0.209413 0.163212 0.135061
3 0.542746 0.682810 0.132124 0.151432
4 0.340674 0.770805 0.119171 0.152797
4 0.889896 0.300819 0.168394 0.113233
5 0.408031 0.735334 0.129534 0.144611
5 0.777850 0.390177 0.159326 0.087312
6 0.402850 0.193724 0.132124 0.117326
6 0.387306 0.086630 0.160622 0.058663
7 0.672927 0.407913 0.058290 0.139154
7 0.758420 0.396999 0.076425 0.141883
8 0.391839 0.501364 0.104922 0.110505
8 0.708549 0.428377 0.137306 0.054570
9 0.766839 0.673943 0.124352 0.084584
9 0.327073 0.467940 0.081606 0.125512
10 0.475389 0.417462 0.051813 0.139154
10 0.074482 0.335607 0.068653 0.150068
11 0.382124 0.358799 0.124352 0.106412
11 0.548575 0.190996 0.128238 0.062756
12 0.605570 0.804911 0.115285 0.073670
12 0.865933 0.627558 0.045337 0.117326
13 0.216321 0.858799 0.088083 0.107776
13 0.552461 0.115962 0.081606 0.095498
14 0.397021 0.479536 0.068653 0.099591
14 0.540803 0.563438 0.079016 0.081855
15 0.743523 0.474761 0.101036 0.043656
15 0.608808 0.442019 0.041451 0.098226
16 0.261658 0.663711 0.056995 0.094134
16 0.820596 0.219645 0.053109 0.106412
17 0.915155 0.596180 0.076425 0.076398
17 0.572539 0.492497 0.088083 0.040928
18 0.450130 0.548431 0.068653 0.068213
18 0.437176 0.608458 0.084197 0.043656
19 0.417098 0.815825 0.051813 0.079127
19 0.749352 0.318554 0.042746 0.080491
20 0.619819 0.841746 0.060881 0.046385
20 0.685881 0.657572 0.058290 0.054570
21 0.451425 0.885402 0.084197 0.051842
21 0.522021 0.417462 0.041451 0.070941
22 0.535622 0.607094 0.115285 0.109141
22 0.570596 0.384720 0.060881 0.144611