0 0.508053 0.592618 0.163982 0.204735
0 0.622987 0.538301 0.142020 0.254875
1 0.540996 0.905292 0.174231 0.136490
1 0.557833 0.703343 0.128843 0.222841
2 0.791362 0.509749 0.109810 0.186630
2 0.136164 0.270195 0.152269 0.133705
3 0.442899 0.788997 0.218155 0.112813
3 0.169107 0.207521 0.139092 0.206128
4 0.702050 0.192201 0.068814 0.189415
4 0.112738 0.561978 0.087848 0.201950
5 0.531479 0.096797 0.122987 0.126741
5 0.776720 0.283426 0.127379 0.132312
6 0.191801 0.790390 0.134700 0.098886
6 0.766471 0.623259 0.054173 0.171309
7 0.478038 0.144150 0.077599 0.165738
7 0.143485 0.458914 0.166911 0.076602
8 0.824305 0.149025 0.158126 0.083565
8 0.180820 0.348886 0.147877 0.068245
9 0.568082 0.611421 0.070278 0.130919
9 0.618594 0.622563 0.065886 0.130919
10 0.763543 0.110724 0.130307 0.096100
10 0.686676 0.458914 0.076135 0.112813
11 0.352855 0.331476 0.084919 0.122563
11 0.359444 0.807103 0.142020 0.079387
12 0.251830 0.743036 0.134700 0.059889
12 0.174963 0.426184 0.124451 0.083565
13 0.666179 0.280641 0.090776 0.093315
13 0.367496 0.300836 0.137628 0.052925
14 0.278184 0.451950 0.125915 0.068245
14 0.448023 0.499304 0.108346 0.073816
15 0.457540 0.426184 0.074671 0.077994
15 0.739385 0.530641 0.043924 0.100279
16 0.399707 0.584262 0.073206 0.096100
16 0.603221 0.179666 0.076135 0.083565
17 0.260615 0.123259 0.070278 0.093315
17 0.240117 0.608635 0.090776 0.080780
18 0.703514 0.570334 0.062958 0.076602
18 0.243777 0.511838 0.086384 0.051532
19 0.400439 0.490947 0.083455 0.048747
19 0.918009 0.268106 0.087848 0.054318
20 0.629575 0.479805 0.055637 0.054318
20 0.516105 0.461003 0.048316 0.064067
21 0.431918 0.052228 0.079063 0.059889
21 0.522694 0.513231 0.040996 0.059889
22 0.278917 0.225627 0.121523 0.119777
23 0.202782 0.411560 0.062958 0.054318