0 0.082844 0.821705 0.111633 0.178295
0 0.454172 0.551034 0.052879 0.179587
1 0.433608 0.502584 0.133960 0.111111
1 0.530552 0.252584 0.168038 0.058140
2 0.238543 0.907623 0.143361 0.050388
2 0.417156 0.894057 0.119859 0.105943
3 0.760870 0.695736 0.097532 0.096899
3 0.152174 0.926357 0.099882 0.124031
4 0.259694 0.799096 0.054054 0.127907
4 0.679788 0.622739 0.132785 0.038760
5 0.146886 0.687984 0.058754 0.145995
5 0.615746 0.550388 0.110458 0.069767
6 0.229142 0.209948 0.126910 0.052972
6 0.429495 0.906977 0.066980 0.124031
7 0.547004 0.711886 0.081081 0.093023
7 0.226792 0.090439 0.110458 0.067183
8 0.614571 0.176357 0.115159 0.047804
8 0.550529 0.608527 0.036428 0.108527
9 0.569330 0.847545 0.083431 0.087855
9 0.586957 0.781008 0.097532 0.040052
10 0.495887 0.208010 0.103408 0.064599
10 0.217391 0.718992 0.077556 0.089147
11 0.361927 0.879845 0.054054 0.108527
11 0.345476 0.348837 0.084606 0.064599
12 0.311986 0.924419 0.038778 0.094315
12 0.690364 0.337855 0.085781 0.040052
13 0.147474 0.581395 0.081081 0.056848
13 0.566980 0.330103 0.083431 0.042636
14 0.210341 0.850775 0.091657 0.042636
14 0.491187 0.667959 0.075206 0.069767
15 0.168038 0.445090 0.047004 0.081395
15 0.498825 0.317829 0.074031 0.038760
16 0.541128 0.784238 0.048179 0.077519
16 0.390717 0.600775 0.048179 0.077519
17 0.640423 0.811370 0.044653 0.072351
17 0.199765 0.484496 0.035253 0.074935
18 0.129260 0.453488 0.065805 0.041344
18 0.592244 0.892765 0.054054 0.056848
19 0.167450 0.528424 0.043478 0.064599
19 0.362515 0.653747 0.057579 0.049096
20 0.655699 0.724806 0.058754 0.038760
20 0.335488 0.672481 0.050529 0.047804
21 0.715629 0.836563 0.039953 0.065891
21 0.672150 0.600129 0.061105 0.037468
22 0.419506 0.072351 0.089307 0.080103
23 0.964160 0.633721 0.048179 0.058140