0 0.707577 0.459375 0.104972 0.290625
0 0.685478 0.301563 0.090766 0.318750
1 0.623125 0.739844 0.153907 0.076563
1 0.523678 0.258594 0.114444 0.132812
2 0.753749 0.914844 0.140489 0.101562
2 0.373717 0.655469 0.133386 0.085938
3 0.249803 0.392188 0.127072 0.125000
3 0.726519 0.415625 0.101815 0.115625
4 0.835438 0.411719 0.095501 0.179688
4 0.697711 0.263281 0.050513 0.226562
5 0.393449 0.344531 0.086030 0.101562
5 0.355170 0.582812 0.072612 0.093750
6 0.800316 0.585938 0.094712 0.125000
6 0.613260 0.557813 0.059984 0.140625
7 0.524467 0.529687 0.084451 0.103125
7 0.586819 0.886719 0.093923 0.104688
8 0.405288 0.117969 0.082873 0.098437
8 0.311365 0.474219 0.095501 0.082812
9 0.942778 0.323437 0.100237 0.093750
9 0.857537 0.437500 0.037096 0.162500
10 0.559984 0.396875 0.093923 0.087500
10 0.544594 0.639844 0.085241 0.129688
11 0.210734 0.709375 0.077348 0.131250
11 0.659826 0.743750 0.050513 0.150000
12 0.744278 0.842187 0.056827 0.128125
12 0.654301 0.393750 0.025257 0.137500
13 0.907656 0.489063 0.039463 0.159375
13 0.889897 0.635938 0.049724 0.137500
14 0.760458 0.574219 0.060773 0.110937
14 0.574191 0.859375 0.041831 0.150000
15 0.541436 0.592969 0.041042 0.107813
15 0.461326 0.420312 0.041831 0.100000
16 0.369771 0.678125 0.067088 0.065625
16 0.815706 0.524219 0.056038 0.076563
17 0.147593 0.495312 0.047356 0.112500
17 0.896212 0.576562 0.060773 0.065625
18 0.831492 0.689844 0.040253 0.076563
18 0.556433 0.112500 0.048934 0.084375
19 0.495659 0.068750 0.036306 0.096875
19 0.376480 0.473438 0.052092 0.081250
20 0.045383 0.553125 0.049724 0.062500
20 0.649566 0.532813 0.033149 0.087500
21 0.956985 0.563281 0.027624 0.101562
21 0.631413 0.698438 0.047356 0.046875
22 0.527624 0.264844 0.073402 0.148438
23 0.074586 0.360156 0.029203 0.070312