0 0.645604 0.242486 0.102564 0.121585
0 0.770147 0.571721 0.122711 0.154372
1 0.940934 0.212432 0.107143 0.252732
1 0.719322 0.534836 0.094322 0.203552
2 0.927198 0.494536 0.054029 0.196721
2 0.792582 0.939891 0.121795 0.092896
3 0.751832 0.108607 0.130037 0.094262
3 0.819139 0.420765 0.088828 0.155738
4 0.799908 0.721995 0.088828 0.135246
4 0.894231 0.440574 0.072344 0.113388
5 0.240842 0.356557 0.142857 0.098361
5 0.307692 0.482923 0.082418 0.096995
6 0.711081 0.903689 0.103480 0.096995
6 0.344780 0.541667 0.061355 0.137978
7 0.521062 0.379781 0.080586 0.065574
7 0.642399 0.344262 0.046703 0.106557
8 0.816850 0.127732 0.098901 0.064208
8 0.372253 0.318306 0.099817 0.051913
9 0.497711 0.316940 0.083333 0.062842
9 0.486264 0.260246 0.106227 0.045082
10 0.396520 0.527322 0.054945 0.117486
10 0.890568 0.415301 0.086996 0.106557
11 0.847070 0.079918 0.078755 0.118852
11 0.426740 0.212432 0.091575 0.077869
12 0.399267 0.385929 0.080586 0.047814
12 0.739469 0.611339 0.054029 0.075137
13 0.529762 0.093579 0.057692 0.099727
13 0.081502 0.331284 0.075092 0.091530
14 0.875458 0.689208 0.076923 0.072404
14 0.686355 0.319672 0.054029 0.079235
15 0.854853 0.517077 0.050366 0.080601
15 0.782967 0.450137 0.042125 0.058743
16 0.593864 0.366803 0.039377 0.091530
16 0.778388 0.221311 0.053114 0.084699
17 0.569139 0.135929 0.046703 0.077869
17 0.804487 0.278689 0.052198 0.073770
18 0.894689 0.575820 0.032967 0.086066
18 0.701007 0.399590 0.054029 0.050546
19 0.623168 0.086066 0.050366 0.068306
19 0.696886 0.566940 0.043956 0.060109
20 0.519231 0.045082 0.047619 0.060109
20 0.576465 0.066940 0.043040 0.057377
21 0.750000 0.518443 0.032967 0.056011
21 0.038919 0.461749 0.046703 0.060109
22 0.707418 0.691257 0.072344 0.092896
22 0.778846 0.581967 0.050366 0.109290