0 0.719328 0.629707 0.164706 0.185495
0 0.752941 0.356346 0.221849 0.168759
1 0.231092 0.553696 0.206723 0.153417
1 0.639496 0.188285 0.310924 0.131102
2 0.407563 0.321478 0.176471 0.193863
2 0.788235 0.360530 0.184874 0.154812
3 0.510084 0.094142 0.159664 0.157601
3 0.141176 0.797768 0.225210 0.097629
4 0.826891 0.737796 0.110924 0.220363
4 0.518487 0.405160 0.075630 0.216179
5 0.644538 0.842399 0.163025 0.170153
5 0.498319 0.876569 0.152941 0.193863
6 0.201681 0.425384 0.094118 0.206416
6 0.337815 0.461646 0.154622 0.161785
7 0.404202 0.839609 0.078992 0.175732
7 0.283193 0.806137 0.115966 0.100418
8 0.875630 0.335425 0.087395 0.168759
8 0.265546 0.495816 0.221849 0.096234
9 0.391597 0.156904 0.164706 0.107392
9 0.182353 0.706416 0.095798 0.146444
10 0.827731 0.667364 0.099160 0.185495
10 0.739496 0.832636 0.077311 0.167364
11 0.330252 0.357741 0.112605 0.154812
11 0.628571 0.820084 0.110924 0.114365
12 0.378151 0.398187 0.151261 0.099024
12 0.825210 0.500000 0.174790 0.076709
13 0.631933 0.435844 0.087395 0.124128
13 0.391597 0.709902 0.063866 0.150628
14 0.665546 0.252441 0.073950 0.128312
14 0.330252 0.796374 0.105882 0.108787
15 0.865546 0.567643 0.127731 0.078103
15 0.242857 0.726639 0.102521 0.064156
16 0.536975 0.858438 0.102521 0.071130
16 0.908403 0.695955 0.092437 0.114365
17 0.811765 0.502092 0.124370 0.086471
17 0.542857 0.770572 0.104202 0.082287
18 0.378992 0.259414 0.072269 0.103208
18 0.509244 0.670851 0.094118 0.061367
19 0.516807 0.608787 0.095798 0.059972
19 0.522689 0.458856 0.114286 0.052999
20 0.444538 0.699442 0.085714 0.062762
20 0.436134 0.566248 0.062185 0.080893
21 0.306723 0.611576 0.085714 0.059972
21 0.612605 0.719665 0.055462 0.083682
22 0.533613 0.713389 0.139496 0.146444
22 0.718487 0.518828 0.115966 0.161785