0 0.589161 0.562500 0.122378 0.084596
0 0.360140 0.541035 0.142191 0.069444
1 0.587413 0.720328 0.132867 0.077020
1 0.738928 0.917298 0.128205 0.069444
2 0.781469 0.614268 0.071096 0.099747
2 0.709790 0.415404 0.109557 0.075758
3 0.668415 0.461490 0.108392 0.039141
3 0.502914 0.599747 0.040793 0.118687
4 0.546037 0.757576 0.064103 0.098485
4 0.614219 0.830808 0.118881 0.068182
5 0.734848 0.576389 0.089744 0.084596
5 0.601399 0.839646 0.095571 0.073232
6 0.069930 0.052399 0.081585 0.089646
6 0.678322 0.910354 0.095571 0.037879
7 0.797203 0.455177 0.053613 0.102273
7 0.543124 0.772096 0.065268 0.074495
8 0.648601 0.633838 0.075758 0.073232
8 0.630536 0.753157 0.044289 0.089646
9 0.738345 0.959596 0.082751 0.045455
9 0.576340 0.839015 0.045455 0.097222
10 0.639277 0.503157 0.071096 0.079545
10 0.587995 0.917298 0.082751 0.046717
11 0.733100 0.758207 0.067599 0.069444
11 0.456876 0.650253 0.055944 0.085859
12 0.734848 0.468434 0.031469 0.083333
12 0.545455 0.806187 0.076923 0.029040
13 0.061772 0.337753 0.062937 0.071970
13 0.801865 0.578914 0.062937 0.069444
14 0.462121 0.692551 0.052448 0.074495
14 0.747669 0.625000 0.075758 0.035354
15 0.584499 0.782197 0.033800 0.064394
15 0.344406 0.493687 0.071096 0.040404
16 0.689394 0.811869 0.061772 0.060606
16 0.514569 0.719697 0.068765 0.035354
17 0.938811 0.265152 0.061772 0.050505
17 0.590326 0.513889 0.045455 0.053030
18 0.634615 0.412879 0.059441 0.037879
18 0.737179 0.048611 0.052448 0.059343
19 0.201049 0.223485 0.047786 0.063131
19 0.686480 0.606061 0.034965 0.058081
20 0.835664 0.654672 0.041958 0.039141
20 0.741841 0.732323 0.031469 0.050505
21 0.681235 0.371843 0.050117 0.034091
21 0.765734 0.695076 0.048951 0.041667
22 0.460373 0.595328 0.055944 0.082071
22 0.589161 0.490530 0.094406 0.077020