0 0.440066 0.524968 0.080460 0.197183
0 0.695402 0.324584 0.070608 0.142125
1 0.930213 0.704225 0.113300 0.176697
1 0.771346 0.657490 0.087849 0.195903
2 0.754926 0.699744 0.140394 0.116517
2 0.300082 0.330986 0.066502 0.103713
3 0.747126 0.407810 0.067323 0.139565
3 0.323892 0.511524 0.115764 0.067862
4 0.863300 0.454545 0.055008 0.176697
4 0.281609 0.430218 0.116585 0.094750
5 0.535714 0.522407 0.076355 0.099872
5 0.532430 0.360435 0.096059 0.093470
6 0.048030 0.354033 0.079639 0.134443
6 0.526683 0.340589 0.040230 0.140845
7 0.759852 0.195903 0.068144 0.130602
7 0.600575 0.478873 0.051724 0.076825
8 0.595649 0.245198 0.074713 0.098592
8 0.491379 0.495519 0.036946 0.112676
9 0.951560 0.587708 0.037767 0.133163
9 0.567323 0.471191 0.052545 0.099872
10 0.687603 0.768886 0.069787 0.119078
10 0.429803 0.330346 0.084565 0.051216
11 0.653530 0.736236 0.062397 0.076825
11 0.924056 0.569782 0.027094 0.143406
12 0.266831 0.345070 0.070608 0.072983
12 0.568555 0.586428 0.059934 0.076825
13 0.525041 0.564020 0.063218 0.072983
13 0.665846 0.418054 0.062397 0.062740
14 0.777094 0.916773 0.058292 0.120359
14 0.803777 0.442382 0.064039 0.057618
15 0.687603 0.918694 0.055008 0.060179
15 0.877668 0.556338 0.042693 0.098592
16 0.745074 0.496159 0.048440 0.065301
16 0.631363 0.645967 0.029557 0.090909
17 0.724959 0.895647 0.055829 0.070423
17 0.442118 0.302817 0.050082 0.037132
18 0.897783 0.553137 0.032020 0.069142
18 0.962644 0.717670 0.056650 0.057618
19 0.271346 0.466069 0.050082 0.040973
19 0.824302 0.323944 0.026273 0.079385
20 0.578818 0.419974 0.036125 0.056338
20 0.698276 0.191421 0.028736 0.057618
21 0.870279 0.374520 0.034483 0.067862
21 0.965107 0.522407 0.027094 0.074264
22 0.129310 0.058259 0.097701 0.075544
23 0.484401 0.348271 0.036125 0.040973