0 0.552204 0.463235 0.236659 0.209559
0 0.233179 0.692096 0.192575 0.248162
1 0.455916 0.554228 0.313225 0.101103
1 0.486079 0.193934 0.132251 0.251838
2 0.477958 0.250919 0.269142 0.119485
2 0.599768 0.784926 0.071926 0.242647
3 0.643852 0.148897 0.225058 0.091912
3 0.187935 0.406250 0.092807 0.158088
4 0.475638 0.902574 0.222738 0.143382
4 0.559165 0.795956 0.255220 0.136029
5 0.834107 0.386949 0.136891 0.152574
5 0.491879 0.309743 0.236659 0.097426
6 0.834107 0.208640 0.127610 0.159926
6 0.812065 0.600184 0.116009 0.119485
7 0.258701 0.659007 0.127610 0.115809
7 0.738979 0.098346 0.192575 0.093750
8 0.631090 0.090074 0.106729 0.143382
8 0.363109 0.251838 0.136891 0.110294
9 0.400232 0.498162 0.113689 0.095588
9 0.761021 0.253676 0.083527 0.158088
10 0.861949 0.270221 0.164733 0.110294
10 0.560325 0.504596 0.113689 0.075368
11 0.715777 0.767463 0.071926 0.163603
11 0.663573 0.270221 0.111369 0.143382
12 0.103248 0.369485 0.118329 0.110294
12 0.720418 0.401654 0.113689 0.090074
13 0.651972 0.542279 0.125290 0.113971
13 0.354988 0.440257 0.120650 0.090074
14 0.338747 0.622243 0.074246 0.112132
14 0.321346 0.120404 0.164733 0.068015
15 0.145012 0.442096 0.090487 0.112132
15 0.437355 0.657169 0.127610 0.079044
16 0.625290 0.465074 0.146172 0.069853
16 0.248260 0.251838 0.102088 0.095588
17 0.583527 0.625000 0.118329 0.058824
17 0.196056 0.773897 0.109049 0.088235
18 0.406032 0.744485 0.106729 0.080882
18 0.520882 0.729779 0.081206 0.088235
19 0.269142 0.185662 0.116009 0.051471
19 0.692575 0.602941 0.090487 0.077206
20 0.113689 0.515625 0.069606 0.079044
20 0.564965 0.362132 0.104408 0.055147
21 0.306265 0.392463 0.078886 0.071691
21 0.577726 0.547794 0.092807 0.040441
22 0.365429 0.715074 0.118329 0.113971
23 0.922274 0.363971 0.099768 0.062500