0 0.139073 0.746633 0.100662 0.170034
0 0.383444 0.781145 0.205298 0.161616
1 0.152318 0.349327 0.129801 0.200337
1 0.168874 0.657407 0.141722 0.193603
2 0.717219 0.693603 0.136424 0.127946
2 0.596689 0.244108 0.086093 0.171717
3 0.712583 0.445286 0.063576 0.170034
3 0.646358 0.888889 0.153642 0.074074
4 0.526490 0.413300 0.096689 0.146465
4 0.915232 0.527778 0.143046 0.106061
5 0.607947 0.575758 0.098013 0.127946
5 0.470199 0.097643 0.103311 0.151515
6 0.115232 0.854377 0.145695 0.092593
6 0.180795 0.534512 0.131126 0.058923
7 0.660927 0.265993 0.119205 0.074074
7 0.726490 0.755892 0.043709 0.151515
8 0.448344 0.587542 0.099338 0.111111
8 0.208609 0.931818 0.128477 0.079125
9 0.394040 0.215488 0.062252 0.141414
9 0.219205 0.443603 0.101987 0.082492
10 0.065563 0.663300 0.067550 0.141414
10 0.457616 0.384680 0.067550 0.112795
11 0.289404 0.113636 0.101987 0.102694
11 0.784768 0.660774 0.086093 0.122896
12 0.366887 0.856061 0.060927 0.122896
12 0.696689 0.191919 0.092715 0.074074
13 0.584768 0.391414 0.056954 0.106061
13 0.200662 0.444444 0.072848 0.097643
14 0.560927 0.542088 0.083444 0.067340
14 0.193377 0.601852 0.042384 0.122896
15 0.434437 0.323232 0.066225 0.087542
15 0.282781 0.263468 0.049007 0.102694
16 0.678808 0.348485 0.038411 0.107744
16 0.387417 0.774411 0.049007 0.104377
17 0.341722 0.139731 0.076821 0.057239
17 0.405298 0.444444 0.058278 0.053872
18 0.349007 0.362795 0.043709 0.089226
18 0.262252 0.510101 0.063576 0.057239
19 0.727152 0.364478 0.042384 0.082492
19 0.387417 0.774411 0.049007 0.104377
20 0.834437 0.494949 0.045033 0.074074
20 0.621854 0.590067 0.043709 0.055556
21 0.368212 0.590067 0.058278 0.069024
21 0.511921 0.789562 0.046358 0.084175
22 0.760927 0.525253 0.056954 0.141414
22 0.605960 0.719697 0.070199 0.153199