0 0.289668 0.489625 0.059041 0.137352
0 0.224170 0.579545 0.142066 0.054348
1 0.264299 0.832510 0.124539 0.080040
1 0.786900 0.807312 0.097786 0.110672
2 0.589022 0.242589 0.054428 0.111660
2 0.627306 0.808794 0.105166 0.064229
3 0.297509 0.325099 0.065498 0.104743
3 0.765683 0.830040 0.077491 0.094862
4 0.192343 0.598814 0.096863 0.035573
4 0.444188 0.759881 0.082103 0.088933
5 0.449723 0.066700 0.098708 0.048419
5 0.416513 0.047431 0.085793 0.084980
6 0.235240 0.305336 0.088561 0.041502
6 0.250461 0.361166 0.091328 0.046443
7 0.248155 0.961957 0.071956 0.072134
7 0.522601 0.943182 0.085793 0.040514
8 0.174354 0.403162 0.071956 0.073123
8 0.384686 0.117589 0.081181 0.037549
9 0.490314 0.704545 0.032288 0.086957
9 0.768911 0.908597 0.054428 0.076087
10 0.388838 0.175395 0.041513 0.083992
10 0.460793 0.879941 0.052583 0.085968
11 0.545203 0.131423 0.073801 0.059289
11 0.660517 0.719368 0.081181 0.033597
12 0.039207 0.227273 0.052583 0.084980
12 0.148063 0.196146 0.037823 0.076087
13 0.184041 0.247036 0.059963 0.061265
13 0.189114 0.758399 0.051661 0.056324
14 0.208948 0.766798 0.050738 0.065217
14 0.486624 0.031126 0.069188 0.042490
15 0.559041 0.304348 0.044280 0.061265
15 0.345941 0.165514 0.064576 0.034585
16 0.555351 0.713439 0.055351 0.047431
16 0.224170 0.331028 0.057196 0.031621
17 0.373616 0.777668 0.044280 0.053360
17 0.608395 0.700099 0.030443 0.058300
18 0.310424 0.390810 0.035978 0.052372
18 0.552122 0.208498 0.032288 0.051383
19 0.321956 0.602767 0.036900 0.051383
19 0.344557 0.770257 0.043358 0.038538
20 0.117159 0.332016 0.038745 0.049407
20 0.328875 0.882905 0.034133 0.046443
21 0.967712 0.782609 0.038745 0.051383
21 0.616236 0.332510 0.031365 0.050395
22 0.617159 0.646739 0.086716 0.036561
23 0.361162 0.239130 0.037823 0.043478