0 0.275000 0.625786 0.145652 0.106918
0 0.463043 0.775157 0.067391 0.301887
1 0.529891 0.318396 0.142391 0.196541
1 0.691848 0.538522 0.070652 0.272013
2 0.460326 0.806604 0.135870 0.160377
2 0.467391 0.709119 0.154348 0.075472
3 0.422826 0.493711 0.134783 0.106918
3 0.582065 0.191824 0.125000 0.116352
4 0.652717 0.744497 0.138043 0.149371
4 0.383696 0.326258 0.073913 0.205975
5 0.231522 0.560535 0.067391 0.209119
5 0.592935 0.278302 0.085870 0.172956
6 0.266848 0.889151 0.133696 0.089623
6 0.052174 0.463836 0.045652 0.204403
7 0.913043 0.517296 0.117391 0.078616
7 0.595109 0.827044 0.118478 0.110063
8 0.347826 0.929245 0.113043 0.069182
8 0.519022 0.543239 0.105435 0.077044
9 0.215217 0.415094 0.106522 0.078616
9 0.164674 0.742925 0.098913 0.111635
10 0.582609 0.576258 0.097826 0.105346
10 0.392935 0.110849 0.053261 0.161950
11 0.175543 0.514151 0.051087 0.169811
11 0.336413 0.449686 0.068478 0.138365
12 0.498370 0.885220 0.048913 0.147799
12 0.511413 0.284591 0.046739 0.122642
13 0.451087 0.604560 0.084783 0.073899
13 0.785326 0.321541 0.092391 0.092767
14 0.425000 0.340409 0.041304 0.146226
14 0.554348 0.401730 0.086957 0.077044
15 0.455978 0.223270 0.079348 0.069182
15 0.213587 0.852201 0.070652 0.091195
16 0.569022 0.408019 0.042391 0.121069
16 0.109783 0.540094 0.082609 0.070755
17 0.437500 0.560535 0.066304 0.077044
17 0.513587 0.819969 0.064130 0.077044
18 0.285870 0.154088 0.052174 0.084906
18 0.294022 0.556604 0.061957 0.062893
19 0.348370 0.540881 0.042391 0.078616
19 0.296196 0.719340 0.068478 0.067610
20 0.476630 0.322327 0.046739 0.075472
20 0.559783 0.486635 0.047826 0.058176
21 0.336413 0.310535 0.046739 0.089623
21 0.257609 0.779088 0.045652 0.080189
22 0.633696 0.286950 0.076087 0.155660
22 0.391848 0.256289 0.081522 0.166667