0 0.275061 0.207726 0.117359 0.225948
0 0.404034 0.740525 0.101467 0.259475
1 0.715159 0.301749 0.173594 0.206997
1 0.437653 0.353499 0.119804 0.234694
2 0.729218 0.649417 0.099022 0.190962
2 0.405868 0.524052 0.163814 0.103499
3 0.566015 0.320700 0.134474 0.189504
3 0.316626 0.214286 0.176039 0.116618
4 0.145477 0.470117 0.163814 0.094752
4 0.866137 0.320700 0.086797 0.172012
5 0.186430 0.647959 0.059902 0.196793
5 0.122861 0.380466 0.179707 0.061224
6 0.723716 0.663994 0.139364 0.088921
6 0.886308 0.600583 0.105134 0.137026
7 0.153423 0.534985 0.145477 0.055394
7 0.359413 0.798105 0.132029 0.112245
8 0.220049 0.131195 0.132029 0.084548
8 0.538509 0.585277 0.133252 0.056851
9 0.073350 0.122449 0.097800 0.151603
9 0.124694 0.654519 0.092910 0.154519
10 0.139976 0.616618 0.079462 0.137026
10 0.441932 0.118805 0.133252 0.091837
11 0.135086 0.287172 0.118582 0.113703
11 0.092298 0.356414 0.113692 0.144315
12 0.472494 0.775510 0.072127 0.131195
12 0.302567 0.593294 0.067237 0.134111
13 0.932152 0.303936 0.077017 0.138484
13 0.189487 0.067784 0.100244 0.112245
14 0.887531 0.187318 0.114914 0.068513
14 0.136308 0.440962 0.103912 0.056851
15 0.569682 0.410350 0.088020 0.077259
15 0.646699 0.358601 0.085575 0.069971
16 0.242054 0.365160 0.095355 0.051020
16 0.459658 0.507289 0.075795 0.090379
17 0.264670 0.051020 0.072127 0.099125
17 0.358191 0.618076 0.090465 0.055394
18 0.411369 0.260933 0.047677 0.093294
18 0.620416 0.930029 0.059902 0.081633
19 0.418093 0.924198 0.066015 0.090379
19 0.720049 0.249271 0.061125 0.096210
20 0.348411 0.588192 0.061125 0.053936
20 0.529951 0.730321 0.050122 0.081633
21 0.186430 0.203353 0.077017 0.059767
21 0.542176 0.279155 0.052567 0.086006
22 0.255501 0.702624 0.110024 0.134111
23 0.783619 0.603499 0.041565 0.075802