0 0.375569 0.447928 0.132018 0.134378
0 0.760243 0.740761 0.230653 0.068309
1 0.393020 0.645577 0.197269 0.101904
1 0.734446 0.806271 0.224583 0.069429
2 0.888467 0.680291 0.162367 0.128779
2 0.547800 0.501120 0.094082 0.131019
3 0.342944 0.794513 0.118361 0.117581
3 0.267830 0.426652 0.165402 0.080627
4 0.261760 0.288354 0.110774 0.117581
4 0.533384 0.193729 0.095599 0.123180
5 0.352049 0.212766 0.078907 0.123180
5 0.403642 0.916573 0.097117 0.128779
6 0.748862 0.624300 0.128983 0.075028
6 0.704856 0.647816 0.153263 0.063830
7 0.821700 0.559910 0.147193 0.058231
7 0.619879 0.347144 0.147193 0.051512
8 0.407436 0.717805 0.110774 0.080627
8 0.479514 0.400896 0.109256 0.071669
9 0.579666 0.709966 0.084977 0.094065
9 0.682853 0.139978 0.124431 0.087346
10 0.715478 0.707727 0.119879 0.071669
10 0.241275 0.390258 0.075873 0.079507
11 0.342185 0.064950 0.107739 0.089586
11 0.216995 0.743561 0.081942 0.098544
12 0.260243 0.622620 0.083460 0.073908
12 0.119120 0.223964 0.098634 0.071669
13 0.230653 0.193729 0.060698 0.091825
13 0.459788 0.714446 0.081942 0.078387
14 0.743551 0.450728 0.112291 0.061590
14 0.264036 0.512878 0.054628 0.076148
15 0.444613 0.468645 0.094082 0.043673
15 0.618361 0.491041 0.086495 0.059351
16 0.160091 0.638858 0.071320 0.066069
16 0.419575 0.368981 0.098634 0.041433
17 0.218513 0.657335 0.072838 0.055991
17 0.065250 0.051512 0.106222 0.060470
18 0.532625 0.417693 0.051593 0.055991
18 0.280728 0.703807 0.054628 0.054871
19 0.521244 0.753080 0.077390 0.048152
19 0.480273 0.507839 0.068285 0.048152
20 0.465857 0.572788 0.060698 0.043673
20 0.737481 0.655095 0.048558 0.051512
21 0.739757 0.266517 0.068285 0.060470
21 0.116085 0.698768 0.089530 0.035834
22 0.312595 0.274356 0.139605 0.067189
23 0.666161 0.835386 0.066768 0.038074