0 0.900127 0.604466 0.161578 0.130781
0 0.507634 0.335726 0.134860 0.138756
1 0.664122 0.285486 0.139949 0.290271
1 0.624682 0.681818 0.142494 0.237640
2 0.220738 0.602073 0.189567 0.094099
2 0.288168 0.614833 0.092875 0.212121
3 0.388041 0.293461 0.109415 0.220096
3 0.589059 0.766348 0.203562 0.125997
4 0.480280 0.605263 0.138677 0.132376
4 0.684478 0.836523 0.173028 0.110048
5 0.296438 0.480064 0.104326 0.188198
5 0.215013 0.399522 0.081425 0.224880
6 0.232188 0.426635 0.151399 0.090909
6 0.701018 0.893939 0.160305 0.078150
7 0.559160 0.085327 0.105598 0.132376
7 0.237277 0.347687 0.115776 0.111643
8 0.356870 0.732855 0.075064 0.138756
8 0.232824 0.570973 0.063613 0.156300
9 0.087786 0.551037 0.124682 0.106858
9 0.452290 0.601276 0.090331 0.143541
10 0.601145 0.148325 0.118321 0.121212
10 0.578880 0.245614 0.099237 0.086124
11 0.571247 0.684211 0.068702 0.146730
11 0.510814 0.134769 0.085242 0.151515
12 0.373410 0.170654 0.097964 0.133971
12 0.149491 0.440191 0.092875 0.118022
13 0.435751 0.413078 0.072519 0.111643
13 0.138041 0.319777 0.077608 0.106858
14 0.321247 0.654705 0.075064 0.113238
14 0.516539 0.741627 0.063613 0.124402
15 0.577608 0.325359 0.083969 0.086124
15 0.311069 0.774322 0.054707 0.110048
16 0.388041 0.787081 0.078880 0.078150
16 0.363868 0.696970 0.035623 0.118022
17 0.190840 0.531100 0.076336 0.082935
17 0.111959 0.409888 0.089059 0.063796
18 0.297710 0.106061 0.066158 0.100478
18 0.097328 0.267145 0.077608 0.065391
19 0.699109 0.487241 0.080153 0.065391
19 0.254453 0.212919 0.055980 0.100478
20 0.536896 0.464115 0.058524 0.054226
20 0.783079 0.940989 0.067430 0.051037
21 0.654580 0.561404 0.064885 0.054226
21 0.867684 0.756778 0.066158 0.068581
22 0.423664 0.484051 0.165394 0.068581
22 0.447201 0.764753 0.095420 0.173844