0 0.649526 0.627131 0.213802 0.092330
0 0.651556 0.739347 0.166441 0.188920
1 0.433018 0.120028 0.151556 0.140625
1 0.642084 0.696023 0.136671 0.187500
2 0.336265 0.528409 0.201624 0.090909
2 0.502030 0.100852 0.165088 0.093750
3 0.353180 0.841619 0.178620 0.117898
3 0.317997 0.909091 0.178620 0.127841
4 0.628552 0.330966 0.066306 0.193182
4 0.310555 0.398438 0.179973 0.066761
5 0.790257 0.334517 0.108254 0.112216
5 0.420162 0.199574 0.152909 0.109375
6 0.372801 0.677557 0.144790 0.136364
6 0.172530 0.195312 0.085250 0.143466
7 0.538566 0.274148 0.110961 0.099432
7 0.179973 0.741477 0.143437 0.090909
8 0.244926 0.120739 0.086604 0.139205
8 0.502706 0.698864 0.109608 0.130682
9 0.477673 0.897017 0.094723 0.117898
9 0.255074 0.838068 0.150203 0.073864
10 0.623816 0.095881 0.146143 0.075284
10 0.762517 0.250000 0.112314 0.073864
11 0.272666 0.256392 0.131258 0.092330
11 0.170501 0.578835 0.110961 0.129261
12 0.707037 0.582386 0.090663 0.082386
12 0.543302 0.235085 0.069012 0.112216
13 0.464817 0.564631 0.093369 0.120739
13 0.248985 0.693182 0.116373 0.065341
14 0.184032 0.409091 0.078484 0.105114
14 0.141407 0.530540 0.104195 0.069602
15 0.245602 0.232955 0.096076 0.071023
15 0.355886 0.660511 0.070365 0.107955
16 0.270636 0.347301 0.102842 0.055398
16 0.488498 0.539773 0.094723 0.076705
17 0.405954 0.319602 0.064953 0.093750
17 0.138701 0.176136 0.063599 0.088068
18 0.374831 0.585227 0.078484 0.059659
18 0.628552 0.441761 0.087957 0.062500
19 0.100135 0.792614 0.064953 0.093750
19 0.512179 0.766335 0.066306 0.080966
20 0.080514 0.560369 0.066306 0.063920
20 0.083897 0.183239 0.056834 0.073864
21 0.725981 0.696733 0.066306 0.061080
21 0.077808 0.500710 0.074425 0.061080
22 0.927605 0.323864 0.123139 0.088068
22 0.485115 0.274148 0.074425 0.136364