0 0.543269 0.303051 0.236538 0.131761
0 0.502885 0.375867 0.278846 0.083218
1 0.426923 0.581831 0.184615 0.159501
1 0.756731 0.101942 0.275000 0.081831
2 0.647115 0.444521 0.209615 0.090153
2 0.655769 0.345354 0.088462 0.163662
3 0.262500 0.295423 0.163462 0.110957
3 0.839423 0.304438 0.094231 0.156727
4 0.301923 0.531900 0.169231 0.065187
4 0.436538 0.326630 0.126923 0.120666
5 0.805769 0.383495 0.153846 0.126214
5 0.343269 0.452150 0.159615 0.122053
6 0.102885 0.274619 0.075000 0.141470
6 0.867308 0.557559 0.111538 0.091540
7 0.324038 0.357836 0.140385 0.063800
7 0.365385 0.174064 0.161538 0.065187
8 0.726923 0.189320 0.138462 0.081831
8 0.122115 0.482663 0.144231 0.072122
9 0.265385 0.428571 0.111538 0.077670
9 0.544231 0.384189 0.065385 0.091540
10 0.508654 0.624133 0.125000 0.097087
10 0.383654 0.169903 0.059615 0.117892
11 0.421154 0.228155 0.138462 0.081831
11 0.186538 0.475728 0.088462 0.102635
12 0.493269 0.146325 0.155769 0.051318
12 0.359615 0.113037 0.107692 0.073509
13 0.674038 0.214979 0.082692 0.105409
13 0.341346 0.224688 0.063462 0.091540
14 0.558654 0.653259 0.125000 0.069348
14 0.362500 0.572122 0.105769 0.070735
15 0.535577 0.285714 0.090385 0.061026
15 0.603846 0.413315 0.103846 0.044383
16 0.499038 0.459778 0.109615 0.062413
16 0.513462 0.401526 0.096154 0.040222
17 0.364423 0.307906 0.098077 0.049931
17 0.211538 0.218447 0.088462 0.059639
18 0.588462 0.553398 0.076923 0.072122
18 0.240385 0.475728 0.073077 0.061026
19 0.584615 0.503467 0.084615 0.058252
19 0.547115 0.082524 0.082692 0.059639
20 0.631731 0.631068 0.059615 0.061026
20 0.751923 0.028433 0.088462 0.045770
21 0.465385 0.488211 0.084615 0.044383
21 0.309615 0.608183 0.076923 0.056865
22 0.155769 0.147712 0.107692 0.117892
22 0.099038 0.393897 0.086538 0.122053