0 0.556078 0.651852 0.119216 0.141799
0 0.337647 0.470370 0.138824 0.081481
1 0.701176 0.944974 0.094118 0.084656
1 0.490980 0.449206 0.092549 0.087831
2 0.436471 0.547090 0.116863 0.046561
2 0.432941 0.334921 0.098824 0.085714
3 0.092157 0.668254 0.102745 0.096296
3 0.474118 0.745503 0.043137 0.136508
4 0.575294 0.105291 0.035294 0.149206
4 0.644314 0.384656 0.074510 0.079365
5 0.483137 0.626984 0.075294 0.113228
5 0.231373 0.647090 0.037647 0.123810
6 0.655294 0.604233 0.087059 0.065608
6 0.790588 0.889947 0.076863 0.097354
7 0.423137 0.392063 0.076078 0.060317
7 0.281176 0.827513 0.088627 0.035979
8 0.312941 0.401587 0.048627 0.077249
8 0.638824 0.467725 0.058824 0.080423
9 0.151765 0.513228 0.055686 0.099471
9 0.281176 0.338624 0.050980 0.093122
10 0.034118 0.386243 0.038431 0.114286
10 0.282353 0.902116 0.039216 0.113228
11 0.657647 0.913757 0.071373 0.083598
11 0.400392 0.882011 0.052549 0.094180
12 0.517647 0.740741 0.070588 0.057143
12 0.479216 0.353968 0.073725 0.039153
13 0.590196 0.202116 0.061961 0.059259
13 0.949020 0.397354 0.076863 0.037037
14 0.259608 0.493651 0.061176 0.047619
14 0.269804 0.619577 0.064314 0.043386
15 0.616471 0.514815 0.045490 0.049735
15 0.621961 0.054497 0.032941 0.085714
16 0.473333 0.396296 0.054118 0.049735
16 0.183922 0.521164 0.038431 0.068783
17 0.799216 0.908995 0.045490 0.063492
17 0.353725 0.183069 0.039216 0.065608
18 0.078824 0.594709 0.043137 0.061376
18 0.200392 0.662434 0.033725 0.067725
19 0.392941 0.435450 0.047059 0.047619
19 0.255686 0.589947 0.045490 0.037037
20 0.095294 0.561376 0.046275 0.034921
20 0.894510 0.400000 0.041569 0.042328
21 0.528627 0.879365 0.043922 0.040212
21 0.502745 0.889418 0.029804 0.064550
22 0.292157 0.675661 0.088627 0.041270
22 0.504706 0.199471 0.065098 0.100529
23 0.835686 0.594709 0.040000 0.046561