0 0.553676 0.595528 0.139706 0.169377
0 0.873529 0.523035 0.138235 0.157182
1 0.069853 0.604336 0.069118 0.205962
1 0.886765 0.564363 0.097059 0.196477
2 0.170588 0.062331 0.170588 0.081301
2 0.473529 0.888889 0.117647 0.094851
3 0.502941 0.773035 0.091176 0.136856
3 0.437500 0.605014 0.133824 0.096206
4 0.908824 0.781165 0.155882 0.063686
4 0.741912 0.688347 0.127941 0.086721
5 0.223529 0.539973 0.123529 0.109756
5 0.780147 0.472222 0.136765 0.101626
6 0.138971 0.653794 0.127941 0.093496
6 0.655147 0.866531 0.136765 0.069106
7 0.736029 0.413279 0.054412 0.127371
7 0.466912 0.524390 0.077941 0.100271
8 0.205882 0.823848 0.076471 0.111111
8 0.413971 0.728997 0.104412 0.073171
9 0.331618 0.768293 0.113235 0.059621
9 0.132353 0.479675 0.135294 0.048780
10 0.635294 0.592141 0.076471 0.084011
10 0.336029 0.651084 0.089706 0.074526
11 0.694118 0.474255 0.052941 0.111111
11 0.772794 0.790650 0.054412 0.117886
12 0.486029 0.169377 0.075000 0.089431
12 0.700735 0.194444 0.110294 0.063686
13 0.427941 0.645664 0.094118 0.063686
13 0.558824 0.337398 0.073529 0.089431
14 0.220588 0.735772 0.108824 0.054201
14 0.641912 0.348916 0.101471 0.052846
15 0.634559 0.510840 0.066176 0.075881
15 0.139706 0.718835 0.070588 0.060976
16 0.536029 0.936314 0.072059 0.086721
16 0.588235 0.792683 0.050000 0.089431
17 0.475735 0.332656 0.066176 0.074526
17 0.552941 0.151762 0.091176 0.054201
18 0.797794 0.409214 0.060294 0.073171
18 0.594853 0.794038 0.077941 0.040650
19 0.594853 0.470867 0.069118 0.050136
19 0.652941 0.913957 0.079412 0.063686
20 0.530147 0.096206 0.075000 0.054201
20 0.827941 0.255420 0.058824 0.074526
21 0.528676 0.828591 0.051471 0.058266
21 0.689706 0.611789 0.052941 0.055556
22 0.736765 0.943767 0.100000 0.096206
22 0.565441 0.666667 0.098529 0.102981