0 0.595996 0.809917 0.150924 0.055096
0 0.554928 0.699036 0.052361 0.196970
1 0.637064 0.174931 0.122177 0.115702
1 0.587782 0.539256 0.142710 0.059229
2 0.474846 0.167355 0.064682 0.155647
2 0.372690 0.151515 0.090349 0.110193
3 0.205852 0.753444 0.056468 0.157025
3 0.377823 0.207989 0.067762 0.132231
4 0.605236 0.356749 0.095483 0.077135
4 0.032341 0.658402 0.042094 0.154270
5 0.377310 0.292011 0.046201 0.132231
5 0.476899 0.257576 0.091376 0.077135
6 0.385010 0.415289 0.088296 0.067493
6 0.318275 0.499311 0.067762 0.095041
7 0.487680 0.423554 0.053388 0.108815
7 0.366530 0.770661 0.086242 0.089532
8 0.287474 0.415289 0.063655 0.097796
8 0.459446 0.256198 0.054415 0.107438
9 0.948152 0.285813 0.083162 0.089532
9 0.322382 0.365014 0.039014 0.110193
10 0.598049 0.316116 0.081109 0.067493
10 0.641170 0.402204 0.070842 0.052342
11 0.399384 0.600551 0.086242 0.044077
11 0.240760 0.348485 0.085216 0.066116
12 0.619097 0.761708 0.057495 0.079890
12 0.346509 0.552342 0.062628 0.077135
13 0.226386 0.393251 0.072895 0.050964
13 0.203285 0.939394 0.041068 0.107438
14 0.523614 0.424242 0.043121 0.074380
14 0.381930 0.352617 0.065708 0.071625
15 0.181725 0.474518 0.049281 0.081267
15 0.330595 0.210055 0.061602 0.059229
16 0.428645 0.834711 0.046201 0.090909
16 0.700205 0.796143 0.034908 0.082645
17 0.653491 0.855372 0.058522 0.060606
17 0.535934 0.120523 0.036961 0.081267
18 0.234086 0.546832 0.055441 0.049587
18 0.273614 0.486915 0.037988 0.064738
19 0.706366 0.845041 0.055441 0.048209
19 0.432752 0.349174 0.050308 0.042700
20 0.429158 0.310606 0.045175 0.045455
20 0.554415 0.440083 0.030801 0.059229
21 0.195585 0.404959 0.035934 0.063361
21 0.222793 0.710055 0.039014 0.064738
22 0.431725 0.449725 0.087269 0.045455
23 0.599589 0.172865 0.049281 0.048209