0 0.340366 0.564972 0.261603 0.138418
0 0.213080 0.641949 0.142053 0.182203
1 0.777778 0.745763 0.225035 0.124294
1 0.461322 0.296610 0.225035 0.098870
2 0.609705 0.830508 0.201125 0.183616
2 0.570323 0.420904 0.082982 0.228814
3 0.639944 0.578390 0.210970 0.131356
3 0.770745 0.493644 0.104079 0.218927
4 0.825598 0.306497 0.225035 0.067797
4 0.434599 0.081921 0.182841 0.138418
5 0.296765 0.350989 0.081575 0.179379
5 0.611111 0.833333 0.229255 0.064972
6 0.142053 0.774718 0.140647 0.103107
6 0.760197 0.658898 0.113924 0.139831
7 0.297468 0.073446 0.167370 0.090395
7 0.819972 0.633475 0.177215 0.074859
8 0.478200 0.535311 0.073136 0.166667
8 0.055556 0.179379 0.091421 0.129944
9 0.113924 0.389124 0.092827 0.128531
9 0.765120 0.295904 0.070323 0.168079
10 0.588608 0.048023 0.158931 0.079096
10 0.800281 0.459040 0.140647 0.127119
11 0.614627 0.180085 0.106892 0.145480
11 0.372011 0.353107 0.158931 0.056497
12 0.132911 0.883475 0.108298 0.111582
12 0.176512 0.916667 0.111111 0.112994
13 0.261603 0.788136 0.101266 0.132768
13 0.248242 0.177260 0.122363 0.086158
14 0.389592 0.686441 0.070323 0.141243
14 0.146976 0.677260 0.133615 0.057910
15 0.841069 0.557203 0.092827 0.111582
15 0.447961 0.225989 0.080169 0.098870
16 0.569620 0.439972 0.115331 0.088983
16 0.431083 0.127825 0.068917 0.088983
17 0.585795 0.600989 0.099859 0.077684
17 0.945851 0.396186 0.094233 0.077684
18 0.617440 0.246469 0.075949 0.077684
18 0.388186 0.674435 0.101266 0.055085
19 0.327707 0.620056 0.059072 0.087571
19 0.845992 0.218927 0.054852 0.098870
20 0.208158 0.336158 0.053446 0.081921
20 0.677918 0.161017 0.064698 0.053672
21 0.680731 0.364407 0.056259 0.096045
21 0.300985 0.170198 0.081575 0.063559
22 0.504219 0.682910 0.153305 0.131356
23 0.511252 0.873588 0.085795 0.057910