0 0.408190 0.505355 0.192867 0.194110
0 0.372523 0.341365 0.118890 0.174029
1 0.620211 0.709505 0.151915 0.208835
1 0.606341 0.506024 0.132100 0.136546
2 0.230515 0.596386 0.173052 0.100402
2 0.513871 0.279786 0.158520 0.125837
3 0.061427 0.356091 0.070013 0.163320
3 0.391678 0.090361 0.186262 0.068273
4 0.123514 0.580991 0.088507 0.184739
4 0.573316 0.210174 0.174373 0.082999
5 0.149273 0.445114 0.182299 0.065596
5 0.486790 0.183400 0.104359 0.096386
6 0.258917 0.668675 0.140026 0.119143
6 0.252972 0.660643 0.167768 0.062918
7 0.264861 0.498661 0.077939 0.135207
7 0.926024 0.759036 0.116248 0.099063
8 0.764861 0.611111 0.140026 0.062918
8 0.594452 0.846051 0.089828 0.109772
9 0.501982 0.868139 0.116248 0.103079
9 0.554161 0.151272 0.070013 0.109772
10 0.076618 0.193440 0.068692 0.148594
10 0.347424 0.198126 0.140026 0.045515
11 0.290621 0.360107 0.058124 0.136546
11 0.058785 0.594378 0.091149 0.123159
12 0.351387 0.647256 0.087186 0.103079
12 0.643989 0.688086 0.138705 0.053548
13 0.289960 0.731593 0.099075 0.105756
13 0.342801 0.149264 0.109643 0.049531
14 0.481506 0.935743 0.067371 0.115127
14 0.272787 0.117805 0.101717 0.053548
15 0.650594 0.152610 0.109643 0.056225
15 0.235799 0.232932 0.077939 0.091031
16 0.397622 0.808568 0.076618 0.099063
16 0.155878 0.481258 0.097754 0.062918
17 0.165786 0.127175 0.059445 0.091031
17 0.204095 0.185408 0.085865 0.049531
18 0.698151 0.755020 0.051519 0.088353
18 0.420740 0.534806 0.062087 0.065596
19 0.197490 0.334003 0.075297 0.052209
19 0.617569 0.040161 0.099075 0.058902
20 0.528402 0.696787 0.060766 0.060241
20 0.235799 0.147925 0.067371 0.041499
21 0.532365 0.791165 0.066050 0.064257
21 0.238441 0.321285 0.059445 0.058902
22 0.422721 0.901606 0.066050 0.159304
23 0.568032 0.871486 0.058124 0.064257