0 0.111047 0.356377 0.159302 0.143027
0 0.541279 0.876043 0.129070 0.209774
1 0.063372 0.129321 0.094186 0.165673
1 0.368023 0.444577 0.073256 0.197855
2 0.225000 0.465435 0.112791 0.146603
2 0.127326 0.541716 0.075581 0.153754
3 0.496512 0.483313 0.132558 0.117998
3 0.773837 0.093564 0.082558 0.151371
4 0.608140 0.448153 0.109302 0.126341
4 0.692442 0.388558 0.108140 0.109654
5 0.456395 0.550060 0.129070 0.110846
5 0.093023 0.221692 0.127907 0.097735
6 0.783721 0.524434 0.083721 0.071514
6 0.105233 0.253874 0.052326 0.140644
7 0.936628 0.283671 0.066279 0.112038
7 0.345349 0.426103 0.093023 0.075089
8 0.773256 0.066746 0.109302 0.092968
8 0.184884 0.432658 0.044186 0.121573
9 0.272093 0.593564 0.106977 0.076281
9 0.290698 0.297378 0.069767 0.103695
10 0.434302 0.846841 0.094186 0.101311
10 0.736047 0.530989 0.053488 0.120381
11 0.168023 0.184148 0.047674 0.117998
11 0.375581 0.331347 0.100000 0.071514
12 0.676744 0.579261 0.048837 0.109654
12 0.744767 0.098927 0.054651 0.092968
13 0.094767 0.452324 0.094186 0.041716
13 0.650581 0.467819 0.110465 0.044100
14 0.330814 0.705602 0.061628 0.078665
14 0.711628 0.065554 0.037209 0.102503
15 0.239535 0.320024 0.079070 0.056019
15 0.238372 0.361144 0.060465 0.066746
16 0.345349 0.613230 0.048837 0.082241
16 0.154651 0.258045 0.039535 0.079857
17 0.287209 0.697855 0.051163 0.075089
17 0.609302 0.818236 0.072093 0.058403
18 0.189535 0.299762 0.037209 0.070322
18 0.287209 0.249106 0.058140 0.057211
19 0.312791 0.638260 0.060465 0.041716
19 0.258140 0.517878 0.069767 0.053635
20 0.454651 0.530989 0.053488 0.041716
20 0.569186 0.637068 0.043023 0.046484
21 0.291279 0.606079 0.061628 0.046484
21 0.536628 0.562574 0.063953 0.038141
22 0.168605 0.656734 0.093023 0.107271
22 0.330814 0.275924 0.063953 0.108462