0 0.648212 0.191282 0.170704 0.064615
0 0.897347 0.501026 0.126874 0.093333
1 0.825836 0.084103 0.106113 0.114872
1 0.685698 0.323077 0.084198 0.102564
2 0.885813 0.155385 0.066897 0.124103
2 0.732411 0.206667 0.069204 0.070769
3 0.656863 0.493333 0.123414 0.045128
3 0.302191 0.658462 0.076125 0.106667
4 0.939446 0.342564 0.054210 0.108718
4 0.645905 0.363590 0.103806 0.087179
5 0.823529 0.565641 0.062284 0.048205
5 0.816609 0.110769 0.129181 0.047179
6 0.760669 0.907179 0.093426 0.068718
6 0.699539 0.402051 0.058824 0.086154
7 0.663206 0.693333 0.071511 0.082051
7 0.359285 0.433846 0.091119 0.049231
8 0.773356 0.512821 0.040369 0.080000
8 0.658593 0.778974 0.036909 0.085128
9 0.562284 0.349744 0.074971 0.043077
9 0.780854 0.156410 0.076125 0.050256
10 0.813149 0.293333 0.085352 0.067692
10 0.811419 0.391795 0.065744 0.053333
11 0.730104 0.571795 0.101499 0.031795
11 0.564014 0.640000 0.085352 0.036923
12 0.903691 0.386154 0.070358 0.037949
12 0.386390 0.955897 0.046136 0.075897
13 0.634371 0.615385 0.041522 0.065641
13 0.699539 0.257436 0.035755 0.063590
14 0.884083 0.417949 0.040369 0.070769
14 0.033449 0.882564 0.050750 0.054359
15 0.573818 0.451282 0.040369 0.061538
15 0.725490 0.646667 0.043829 0.050256
16 0.783737 0.069744 0.061130 0.034872
16 0.517301 0.393333 0.054210 0.046154
17 0.427912 0.559487 0.050750 0.046154
17 0.735294 0.453846 0.061130 0.033846
18 0.738754 0.529744 0.033449 0.044103
18 0.818916 0.508718 0.050750 0.032821
19 0.656286 0.437436 0.036909 0.046154
19 0.663783 0.346154 0.054210 0.029744
20 0.772780 0.668205 0.043829 0.040000
20 0.667820 0.318974 0.034602 0.032821
21 0.608997 0.472308 0.027682 0.042051
21 0.472895 0.876410 0.034602 0.052308
22 0.625721 0.298462 0.056517 0.086154
23 0.615917 0.577949 0.034602 0.035897