0 0.173626 0.252137 0.052747 0.155983
0 0.297802 0.748932 0.147253 0.047009
1 0.097253 0.681624 0.128571 0.070513
1 0.306593 0.870726 0.046154 0.141026
2 0.166484 0.332265 0.086813 0.059829
2 0.253297 0.674679 0.121978 0.039530
3 0.234615 0.766026 0.095604 0.068376
3 0.326923 0.857906 0.117582 0.034188
4 0.140659 0.820513 0.072527 0.096154
4 0.357692 0.282051 0.073626 0.098291
5 0.340110 0.189637 0.091209 0.088675
5 0.450000 0.095085 0.080220 0.113248
6 0.210989 0.450321 0.070330 0.080128
6 0.246154 0.399573 0.098901 0.038462
7 0.364835 0.336004 0.090110 0.039530
7 0.470879 0.467949 0.058242 0.083333
8 0.237912 0.528846 0.058242 0.076923
8 0.559341 0.686432 0.083516 0.073718
9 0.412637 0.930556 0.067033 0.081197
9 0.110440 0.235043 0.045055 0.085470
10 0.226374 0.602564 0.076923 0.042735
10 0.307143 0.416667 0.056044 0.074786
11 0.092308 0.818376 0.070330 0.070513
11 0.259890 0.183761 0.075824 0.076923
12 0.545055 0.171474 0.041758 0.092949
12 0.952747 0.040598 0.094505 0.059829
13 0.360989 0.802885 0.071429 0.035256
13 0.107143 0.534188 0.058242 0.061966
14 0.196154 0.538462 0.067033 0.040598
14 0.548352 0.264423 0.079121 0.056624
15 0.424725 0.715812 0.071429 0.040598
15 0.448901 0.639423 0.067033 0.050214
16 0.368132 0.450855 0.054945 0.055556
16 0.514835 0.341346 0.071429 0.035256
17 0.376923 0.674679 0.059341 0.035256
17 0.460440 0.443376 0.039560 0.053419
18 0.491209 0.254274 0.054945 0.051282
18 0.075824 0.465278 0.032967 0.054487
19 0.341758 0.462073 0.046154 0.048077
19 0.287363 0.592949 0.042857 0.049145
20 0.177473 0.405449 0.036264 0.045940
20 0.297253 0.777778 0.036264 0.042735
21 0.258791 0.448718 0.031868 0.049145
21 0.400549 0.302885 0.047253 0.041667
22 0.426923 0.263355 0.034066 0.095085
23 0.402747 0.370726 0.056044 0.036325