0 0.582615 0.294262 0.285920 0.122951
0 0.281609 0.867213 0.235632 0.196721
1 0.869971 0.263115 0.104885 0.293443
1 0.706178 0.498361 0.133621 0.318033
2 0.304598 0.732787 0.083333 0.275410
2 0.420977 0.754918 0.089080 0.263934
3 0.238506 0.271311 0.235632 0.113115
3 0.362069 0.686885 0.238506 0.075410
4 0.326149 0.500820 0.198276 0.096721
4 0.282328 0.406557 0.219828 0.078689
5 0.728448 0.686066 0.189655 0.175410
5 0.563218 0.890984 0.204023 0.122951
6 0.394397 0.459836 0.176724 0.086885
6 0.438218 0.163115 0.181034 0.103279
7 0.673851 0.175410 0.160920 0.147541
7 0.748563 0.814754 0.129310 0.173770
8 0.221264 0.359016 0.158046 0.088525
8 0.123563 0.580328 0.160920 0.127869
9 0.691092 0.313115 0.152299 0.101639
9 0.538793 0.201639 0.143678 0.118033
10 0.391523 0.591803 0.150862 0.081967
10 0.408046 0.115574 0.086207 0.116393
11 0.546695 0.413934 0.081897 0.188525
11 0.864224 0.600000 0.090517 0.173770
12 0.218391 0.643443 0.126437 0.116393
12 0.454023 0.781148 0.149425 0.077049
13 0.507902 0.715574 0.058908 0.149180
13 0.561782 0.452459 0.152299 0.085246
14 0.602730 0.436066 0.079023 0.150820
14 0.571121 0.783607 0.099138 0.118033
15 0.246408 0.745902 0.116379 0.065574
15 0.308908 0.137705 0.112069 0.104918
16 0.575431 0.701639 0.087644 0.108197
16 0.668103 0.218033 0.094828 0.114754
17 0.599138 0.915574 0.106322 0.090164
17 0.701868 0.538525 0.099138 0.100000
18 0.616379 0.370492 0.074713 0.091803
18 0.602730 0.579508 0.058908 0.106557
19 0.395115 0.317213 0.066092 0.103279
19 0.423851 0.379508 0.051724 0.103279
20 0.650144 0.590164 0.067529 0.072131
20 0.709052 0.609836 0.073276 0.078689
21 0.826149 0.824590 0.054598 0.108197
21 0.466236 0.525410 0.084770 0.054098
22 0.690374 0.740984 0.093391 0.186885
23 0.770115 0.849180 0.080460 0.068852