0 0.586630 0.810722 0.120055 0.177243
0 0.534789 0.555799 0.174625 0.109409
1 0.148704 0.747812 0.128240 0.167396
1 0.725784 0.344639 0.133697 0.113786
2 0.768759 0.666849 0.099591 0.134573
2 0.494543 0.551969 0.102319 0.108315
3 0.570259 0.907549 0.166439 0.064551
3 0.861528 0.573304 0.099591 0.159737
4 0.364256 0.490700 0.193724 0.047046
4 0.341064 0.428884 0.182810 0.041575
5 0.510232 0.677243 0.147340 0.096280
5 0.567531 0.664661 0.111869 0.068928
6 0.249659 0.617068 0.144611 0.098468
6 0.520464 0.629103 0.085948 0.120350
7 0.066849 0.814004 0.065484 0.118162
7 0.616644 0.456783 0.087312 0.095186
8 0.455662 0.790481 0.122783 0.077681
8 0.381992 0.743982 0.087312 0.126915
9 0.235334 0.387309 0.129604 0.067834
9 0.810368 0.594092 0.081855 0.083151
10 0.264666 0.818928 0.095498 0.110503
10 0.691678 0.747812 0.076398 0.068928
11 0.212142 0.745077 0.105048 0.070022
11 0.611869 0.596827 0.110505 0.082057
12 0.769441 0.467177 0.120055 0.072210
12 0.669850 0.896608 0.079127 0.090810
13 0.392224 0.461707 0.124147 0.039387
13 0.555935 0.149344 0.124147 0.051422
14 0.136426 0.835339 0.068213 0.095186
14 0.209413 0.678337 0.102319 0.048140
15 0.922237 0.159737 0.120055 0.039387
15 0.609141 0.602845 0.113233 0.063457
16 0.492497 0.851751 0.060027 0.084245
16 0.188267 0.443107 0.070941 0.072210
17 0.503411 0.042123 0.054570 0.068928
17 0.670532 0.626368 0.066849 0.066740
18 0.561392 0.787199 0.064120 0.064551
18 0.333561 0.041575 0.061392 0.065646
19 0.373124 0.624726 0.066849 0.059081
19 0.240109 0.957877 0.062756 0.071116
20 0.460437 0.051422 0.045020 0.056893
20 0.532742 0.119803 0.064120 0.042670
21 0.847885 0.660284 0.075034 0.040481
21 0.338336 0.451860 0.068213 0.041575
22 0.760573 0.523523 0.077763 0.086433
23 0.392224 0.833698 0.069577 0.045952