0 0.366375 0.160865 0.110624 0.152954
0 0.257393 0.496835 0.135816 0.118143
1 0.818182 0.734177 0.111720 0.158228
1 0.224535 0.078059 0.199343 0.044304
2 0.380066 0.389241 0.116101 0.120253
2 0.679080 0.833861 0.081051 0.138186
3 0.462760 0.603903 0.136911 0.081224
3 0.088719 0.268987 0.129244 0.071730
4 0.256846 0.203586 0.115005 0.084388
4 0.174151 0.500000 0.078861 0.113924
5 0.124315 0.410865 0.143483 0.060127
5 0.567360 0.276899 0.113910 0.062236
6 0.245345 0.116034 0.056955 0.124473
6 0.447974 0.327532 0.074480 0.087553
7 0.181818 0.512658 0.120482 0.046414
7 0.261774 0.482068 0.067908 0.113924
8 0.497809 0.214135 0.108434 0.046414
8 0.259036 0.609177 0.069003 0.085443
9 0.747536 0.685127 0.066813 0.102321
9 0.179080 0.618143 0.060241 0.105485
10 0.571194 0.322257 0.088719 0.083333
10 0.053669 0.407700 0.067908 0.114979
11 0.434830 0.215190 0.065717 0.078059
11 0.197152 0.178797 0.102957 0.062236
12 0.133078 0.316983 0.095290 0.053797
12 0.628149 0.783755 0.040526 0.097046
13 0.289704 0.266350 0.066813 0.070675
13 0.059693 0.366034 0.051479 0.082278
14 0.230011 0.302743 0.089814 0.048523
14 0.591457 0.589662 0.039430 0.086498
15 0.635268 0.590717 0.050383 0.071730
15 0.386090 0.675105 0.066813 0.063291
16 0.463308 0.796414 0.074480 0.069620
16 0.592004 0.930907 0.066813 0.074895
17 0.355969 0.511076 0.037240 0.072785
17 0.319277 0.404008 0.069003 0.048523
18 0.358160 0.575949 0.063527 0.048523
18 0.095838 0.367616 0.058050 0.034810
19 0.447426 0.570675 0.062432 0.048523
19 0.487404 0.271624 0.050383 0.053797
20 0.485214 0.497363 0.054765 0.036920
20 0.136911 0.631329 0.037240 0.051688
21 0.447426 0.148734 0.060241 0.037975
21 0.508762 0.619198 0.062432 0.033755
22 0.912377 0.791667 0.102957 0.087553
22 0.559146 0.170886 0.123768 0.052743