0 0.415041 0.566667 0.130894 0.106011
0 0.433740 0.518579 0.147154 0.095082
1 0.328049 0.304918 0.086992 0.190164
1 0.686992 0.477596 0.131707 0.159563
2 0.777236 0.097814 0.095935 0.127869
2 0.860976 0.756831 0.118699 0.097268
3 0.708537 0.102732 0.091870 0.098361
3 0.715041 0.313661 0.119512 0.093989
4 0.241463 0.233880 0.058537 0.137705
4 0.782927 0.963388 0.104065 0.057923
5 0.264228 0.357377 0.107317 0.078689
5 0.717886 0.882514 0.047154 0.136612
6 0.442683 0.121311 0.070732 0.111475
6 0.207724 0.151366 0.069106 0.060109
7 0.967480 0.414208 0.053659 0.113661
7 0.713008 0.840984 0.043902 0.101639
8 0.466667 0.114208 0.081301 0.077596
8 0.759756 0.868306 0.033333 0.123497
9 0.761382 0.125137 0.065854 0.110383
9 0.034146 0.524590 0.043902 0.080874
10 0.295528 0.208197 0.057724 0.097268
10 0.802033 0.918579 0.047967 0.086339
11 0.800813 0.445355 0.076423 0.090710
11 0.409756 0.319126 0.047154 0.067760
12 0.843089 0.481967 0.066667 0.076503
12 0.700407 0.511475 0.059350 0.078689
13 0.645935 0.911475 0.067480 0.080874
13 0.667073 0.126776 0.044715 0.076503
14 0.858130 0.682514 0.036585 0.092896
14 0.705691 0.062842 0.037398 0.095082
15 0.697561 0.363934 0.063415 0.056831
15 0.358943 0.322951 0.065854 0.055738
16 0.630081 0.414208 0.065041 0.045902
16 0.541463 0.576503 0.037398 0.090710
17 0.901626 0.436066 0.034146 0.078689
17 0.886992 0.539344 0.047154 0.068852
18 0.328455 0.255191 0.042276 0.042623
18 0.595935 0.126776 0.042276 0.048087
19 0.912602 0.621311 0.030081 0.066667
19 0.817073 0.174863 0.047154 0.041530
20 0.843089 0.713115 0.032520 0.051366
20 0.640650 0.130601 0.045528 0.038251
21 0.767886 0.431148 0.033333 0.060109
21 0.744715 0.843169 0.027642 0.055738
22 0.746341 0.437705 0.039024 0.134426
22 0.655691 0.320765 0.103252 0.060109