0 0.361979 0.215587 0.091146 0.297571
0 0.863932 0.422065 0.108073 0.172065
1 0.195312 0.506073 0.158854 0.186235
1 0.147786 0.562753 0.131510 0.218623
2 0.464844 0.215587 0.151042 0.143725
2 0.463542 0.594130 0.104167 0.139676
3 0.444661 0.168016 0.074219 0.170040
3 0.498047 0.433198 0.097656 0.206478
4 0.219401 0.251012 0.118490 0.145749
4 0.472005 0.865385 0.084635 0.212551
5 0.574870 0.273279 0.118490 0.101215
5 0.301432 0.257085 0.108073 0.105263
6 0.546875 0.393725 0.088542 0.159919
6 0.276693 0.670040 0.069010 0.161943
7 0.645833 0.367409 0.093750 0.143725
7 0.053385 0.553644 0.065104 0.176113
8 0.195964 0.287449 0.066406 0.133603
8 0.346354 0.889676 0.085938 0.131579
9 0.214844 0.730769 0.067708 0.161943
9 0.102865 0.572874 0.114583 0.093117
10 0.319010 0.167004 0.114583 0.070850
10 0.151042 0.260121 0.052083 0.155870
11 0.329427 0.364372 0.109375 0.109312
11 0.587891 0.291498 0.066406 0.161943
12 0.132812 0.696356 0.091146 0.109312
12 0.222005 0.420040 0.092448 0.095142
13 0.420573 0.506073 0.085938 0.093117
13 0.727865 0.260121 0.088542 0.070850
14 0.279948 0.482794 0.062500 0.123482
14 0.158854 0.801619 0.052083 0.137652
15 0.640625 0.314777 0.046875 0.115385
15 0.309245 0.096154 0.040365 0.127530
16 0.209635 0.836032 0.085938 0.064777
16 0.587891 0.439271 0.053385 0.101215
17 0.462891 0.705466 0.076823 0.058704
17 0.770182 0.374494 0.061198 0.080972
18 0.962240 0.483806 0.044271 0.093117
18 0.725260 0.337045 0.046875 0.099190
19 0.212240 0.148785 0.057292 0.091093
19 0.289062 0.464575 0.062500 0.058704
20 0.261068 0.741903 0.040365 0.087045
20 0.170573 0.397773 0.054688 0.058704
21 0.369792 0.487854 0.044271 0.093117
21 0.885417 0.352227 0.059896 0.064777
22 0.360026 0.575911 0.097656 0.151822
23 0.931641 0.543522 0.058594 0.082996