0 0.213429 0.322939 0.079137 0.136364
0 0.538369 0.535941 0.122302 0.150106
1 0.306355 0.876321 0.073141 0.164905
1 0.113309 0.510571 0.068345 0.160677
2 0.166067 0.804440 0.089928 0.135307
2 0.504197 0.567653 0.137890 0.065539
3 0.485612 0.645349 0.103118 0.064482
3 0.112710 0.751057 0.071942 0.127907
4 0.467626 0.103066 0.139089 0.077167
4 0.350120 0.776427 0.131894 0.051797
5 0.734412 0.445560 0.049161 0.121564
5 0.383693 0.625264 0.119904 0.053911
6 0.655875 0.421776 0.091127 0.080338
6 0.661271 0.215645 0.065947 0.065539
7 0.214628 0.706131 0.055156 0.101480
7 0.931055 0.207717 0.068345 0.098309
8 0.324940 0.685518 0.110312 0.047569
8 0.096523 0.372622 0.046763 0.102537
9 0.340528 0.330867 0.043165 0.101480
9 0.519185 0.616279 0.103118 0.040169
10 0.305156 0.599894 0.063549 0.064482
10 0.549161 0.733615 0.074341 0.076110
11 0.273981 0.471459 0.101918 0.063425
11 0.327338 0.212474 0.103118 0.054968
12 0.267986 0.538584 0.077938 0.051797
12 0.057554 0.598837 0.043165 0.087738
13 0.163669 0.347252 0.065947 0.081395
13 0.365108 0.671776 0.070743 0.056025
14 0.633693 0.554968 0.063549 0.076110
14 0.721223 0.573467 0.070743 0.058140
15 0.563549 0.780655 0.043165 0.068710
15 0.691847 0.691332 0.057554 0.067653
16 0.627698 0.772199 0.063549 0.066596
16 0.347722 0.730973 0.050360 0.051797
17 0.383693 0.956131 0.064748 0.049683
17 0.519784 0.180761 0.058753 0.059197
18 0.532974 0.679704 0.046763 0.046512
18 0.601918 0.764799 0.043165 0.053911
19 0.645683 0.640063 0.058753 0.039112
19 0.297962 0.160677 0.044365 0.050740
20 0.417866 0.071882 0.039568 0.057082
20 0.074940 0.549683 0.034772 0.052854
21 0.207434 0.588795 0.050360 0.050740
21 0.381894 0.124207 0.044365 0.053911
22 0.443046 0.155920 0.121103 0.051797
23 0.654676 0.040169 0.035971 0.048626