0 0.134634 0.682764 0.154146 0.304606
0 0.621463 0.444279 0.161951 0.208024
1 0.219024 0.663447 0.131707 0.280832
1 0.473659 0.311293 0.049756 0.316493
2 0.434634 0.174591 0.047805 0.274889
2 0.134634 0.618871 0.091707 0.161961
3 0.767805 0.784547 0.107317 0.163447
3 0.260488 0.369985 0.109268 0.210996
4 0.671220 0.445022 0.081951 0.233284
4 0.512683 0.313522 0.166829 0.083210
5 0.081951 0.197623 0.109268 0.175334
5 0.065366 0.358841 0.099512 0.206538
6 0.551707 0.873700 0.071220 0.151560
6 0.550244 0.294948 0.076098 0.197623
7 0.140000 0.431649 0.080976 0.176820
7 0.366829 0.677563 0.095610 0.172363
8 0.477561 0.713967 0.104390 0.120357
8 0.836585 0.508172 0.100488 0.127786
9 0.213171 0.414562 0.045854 0.184250
9 0.628293 0.236256 0.070244 0.190193
10 0.704878 0.095840 0.086829 0.117385
10 0.204878 0.407875 0.119024 0.117385
11 0.931220 0.393016 0.123902 0.078752
11 0.520000 0.792719 0.091707 0.120357
12 0.605366 0.643388 0.079024 0.139673
12 0.309268 0.390045 0.074146 0.084695
13 0.658537 0.668648 0.078049 0.121842
13 0.582927 0.725111 0.106341 0.053492
14 0.290244 0.612184 0.079024 0.106984
14 0.232683 0.206538 0.051707 0.142645
15 0.744390 0.371471 0.081951 0.109955
15 0.399024 0.237741 0.058537 0.083210
16 0.272683 0.511144 0.086829 0.059435
16 0.512683 0.412333 0.073171 0.072808
17 0.270732 0.334324 0.038049 0.101040
17 0.273171 0.109212 0.068293 0.084695
18 0.800976 0.196137 0.054634 0.106984
18 0.196585 0.258544 0.036098 0.115899
19 0.182927 0.462110 0.051707 0.098068
19 0.534634 0.806835 0.070244 0.053492
20 0.724878 0.471768 0.039024 0.087667
20 0.105366 0.468053 0.058537 0.059435
21 0.850244 0.268202 0.061463 0.075780
21 0.892195 0.936850 0.040000 0.102526
22 0.538537 0.110698 0.128780 0.093611
23 0.375122 0.442051 0.038049 0.102526