0 0.436039 0.126712 0.185732 0.067123
0 0.484010 0.723288 0.134071 0.136986
1 0.210947 0.408219 0.111931 0.087671
1 0.055351 0.618493 0.076261 0.193151
2 0.155597 0.210274 0.104551 0.141096
2 0.164822 0.557534 0.051661 0.153425
3 0.270603 0.463699 0.108241 0.091781
3 0.151292 0.144521 0.088561 0.138356
4 0.369004 0.636301 0.130381 0.047945
4 0.889299 0.230822 0.135301 0.047945
5 0.797048 0.713699 0.115621 0.084932
5 0.354859 0.930137 0.087331 0.115068
6 0.566421 0.313014 0.075031 0.121918
6 0.388684 0.298630 0.081181 0.115068
7 0.321648 0.550685 0.094711 0.084932
7 0.417589 0.069863 0.104551 0.054795
8 0.234317 0.595205 0.102091 0.047945
8 0.636531 0.591781 0.102091 0.052055
9 0.330258 0.163699 0.055351 0.110959
9 0.560886 0.160274 0.059041 0.109589
10 0.537515 0.545205 0.063961 0.104110
10 0.218942 0.591096 0.049200 0.108219
11 0.315498 0.604795 0.099631 0.050685
11 0.688807 0.850000 0.068881 0.108219
12 0.743542 0.443836 0.084871 0.071233
12 0.907134 0.708904 0.099631 0.050685
13 0.101476 0.368493 0.040590 0.095890
13 0.826568 0.339726 0.063961 0.093151
14 0.665437 0.635616 0.091021 0.043836
14 0.471710 0.239726 0.082411 0.046575
15 0.548585 0.439726 0.076261 0.060274
15 0.699877 0.434247 0.044280 0.087671
16 0.361624 0.441781 0.054121 0.075342
16 0.511685 0.603425 0.063961 0.069863
17 0.535055 0.208219 0.061501 0.060274
17 0.810578 0.628082 0.071341 0.045205
18 0.487085 0.613699 0.061501 0.054795
18 0.555966 0.791781 0.063961 0.060274
19 0.173432 0.680822 0.046740 0.068493
19 0.480935 0.208219 0.056581 0.049315
20 0.100861 0.421233 0.054121 0.047945
20 0.447109 0.670548 0.057811 0.045205
21 0.452645 0.350685 0.059041 0.054795
21 0.674662 0.162329 0.047970 0.064384
22 0.117466 0.751370 0.109471 0.078082
23 0.957565 0.591096 0.047970 0.067123