0 0.744080 0.758880 0.224044 0.170765
0 0.160291 0.566257 0.178506 0.105191
1 0.692168 0.516393 0.182149 0.139344
1 0.232240 0.731557 0.289617 0.091530
2 0.351548 0.646175 0.134791 0.117486
2 0.501821 0.364754 0.085610 0.172131
3 0.752277 0.667350 0.222222 0.061475
3 0.830601 0.430328 0.156648 0.144809
4 0.274135 0.293033 0.213115 0.091530
4 0.766849 0.437158 0.156648 0.133880
5 0.351548 0.906421 0.189435 0.135246
5 0.772313 0.605874 0.204007 0.096995
6 0.372495 0.768443 0.129326 0.110656
6 0.265938 0.696721 0.091075 0.142077
7 0.635701 0.075137 0.182149 0.106557
7 0.747723 0.335383 0.176685 0.058743
8 0.581967 0.212432 0.132969 0.113388
8 0.499089 0.673497 0.109290 0.114754
9 0.832423 0.750000 0.167577 0.087432
9 0.652095 0.885929 0.156648 0.061475
10 0.408015 0.444672 0.156648 0.069672
10 0.908925 0.553962 0.087432 0.127049
11 0.409836 0.349727 0.105647 0.112022
11 0.451730 0.586749 0.102004 0.083333
12 0.430783 0.266393 0.147541 0.057377
12 0.768670 0.717213 0.102004 0.090164
13 0.505464 0.475410 0.074681 0.101093
13 0.569217 0.774590 0.067395 0.098361
14 0.524590 0.562842 0.120219 0.079235
14 0.131148 0.687842 0.145719 0.056011
15 0.653916 0.512978 0.112933 0.066940
15 0.520036 0.814891 0.071038 0.094262
16 0.270492 0.781421 0.107468 0.076503
16 0.887067 0.667350 0.076503 0.096995
17 0.494536 0.766393 0.107468 0.051913
17 0.633880 0.822404 0.072860 0.079235
18 0.604736 0.409836 0.072860 0.073770
18 0.669399 0.591530 0.096539 0.054645
19 0.584699 0.251366 0.065574 0.068306
19 0.562842 0.636612 0.061931 0.076503
20 0.412568 0.880464 0.096539 0.045082
20 0.675774 0.275956 0.080146 0.054645
21 0.447177 0.381831 0.078324 0.056011
21 0.179417 0.764344 0.067395 0.072404
22 0.745902 0.274590 0.173042 0.106557
23 0.719490 0.951503 0.098361 0.072404