0 0.285839 0.216690 0.197552 0.217391
0 0.133741 0.466339 0.183566 0.158485
1 0.858392 0.464937 0.192308 0.186536
1 0.736888 0.158485 0.316434 0.117812
2 0.246503 0.835905 0.160839 0.176718
2 0.357517 0.154979 0.263986 0.113604
3 0.604021 0.380785 0.204545 0.091164
3 0.679196 0.530154 0.106643 0.179523
4 0.159091 0.373773 0.213287 0.082749
4 0.746503 0.706872 0.188811 0.148668
5 0.506119 0.606592 0.145105 0.138850
5 0.189685 0.334502 0.068182 0.197756
6 0.575175 0.445302 0.104895 0.147265
6 0.760490 0.863955 0.111888 0.140252
7 0.496503 0.462132 0.094406 0.138850
7 0.375874 0.704769 0.080420 0.155680
8 0.593531 0.197055 0.166084 0.105189
8 0.309441 0.706872 0.076923 0.143058
9 0.288462 0.073633 0.171329 0.105189
9 0.580420 0.764376 0.178322 0.072931
10 0.704545 0.610799 0.083916 0.136045
10 0.740385 0.356241 0.064685 0.134642
11 0.404720 0.461431 0.068182 0.131837
11 0.451049 0.924965 0.181818 0.077139
12 0.775350 0.284011 0.124126 0.107994
12 0.166084 0.711080 0.143357 0.081346
13 0.545455 0.626928 0.083916 0.117812
13 0.878497 0.934783 0.082168 0.119215
14 0.422203 0.195652 0.131119 0.060309
14 0.678322 0.892707 0.094406 0.105189
15 0.131993 0.472651 0.064685 0.103787
15 0.867133 0.420056 0.076923 0.105189
16 0.669580 0.314867 0.104895 0.085554
16 0.372378 0.405330 0.108392 0.081346
17 0.560315 0.823282 0.117133 0.070126
17 0.119755 0.161992 0.117133 0.063114
18 0.384615 0.607994 0.108392 0.046283
18 0.305944 0.536466 0.059441 0.085554
19 0.447552 0.314165 0.108392 0.058906
19 0.330420 0.463534 0.090909 0.057504
20 0.211538 0.521739 0.090909 0.050491
20 0.263986 0.733520 0.062937 0.075736
21 0.575175 0.235624 0.076923 0.078541
21 0.256119 0.255961 0.071678 0.065919
22 0.446678 0.232819 0.173077 0.070126
22 0.609266 0.506311 0.071678 0.148668