0 0.683007 0.323529 0.100218 0.236975
0 0.538671 0.581513 0.181917 0.100840
1 0.655229 0.231933 0.092593 0.131092
1 0.594771 0.203361 0.067538 0.258824
2 0.748366 0.645378 0.104575 0.151261
2 0.509259 0.516807 0.127451 0.078992
3 0.911220 0.613445 0.105664 0.161345
3 0.454248 0.391597 0.067538 0.201681
4 0.927560 0.372269 0.112200 0.122689
4 0.618192 0.784874 0.103486 0.090756
5 0.915033 0.481513 0.106754 0.105882
5 0.483115 0.208403 0.131808 0.067227
6 0.396514 0.586555 0.115468 0.117647
6 0.769063 0.842017 0.063181 0.097479
7 0.856209 0.819328 0.100218 0.092437
7 0.709695 0.769748 0.064270 0.097479
8 0.552288 0.205882 0.050109 0.149580
8 0.793028 0.552941 0.089325 0.070588
9 0.663943 0.921849 0.062092 0.126050
9 0.789760 0.207563 0.067538 0.146218
10 0.948802 0.780672 0.054466 0.149580
10 0.852941 0.729412 0.052288 0.124370
11 0.724401 0.094118 0.087146 0.121008
11 0.675381 0.498319 0.084967 0.068908
12 0.828976 0.668908 0.052288 0.117647
12 0.596405 0.849580 0.081699 0.062185
13 0.693355 0.894118 0.046841 0.110924
13 0.510893 0.429412 0.047930 0.119328
14 0.678105 0.691597 0.049020 0.112605
14 0.720588 0.368067 0.088235 0.057143
15 0.785948 0.684874 0.042484 0.102521
15 0.546296 0.743697 0.033769 0.115966
16 0.921569 0.589916 0.067538 0.077311
16 0.807190 0.637815 0.056645 0.072269
17 0.623094 0.346218 0.037037 0.097479
17 0.788126 0.450420 0.062092 0.053782
18 0.717865 0.435294 0.037037 0.090756
18 0.546296 0.420168 0.033769 0.090756
19 0.638344 0.666387 0.054466 0.065546
19 0.824074 0.320168 0.049020 0.082353
20 0.643246 0.605882 0.044662 0.072269
20 0.726580 0.747059 0.041394 0.052101
21 0.695534 0.610924 0.042484 0.058824
21 0.563181 0.676471 0.050109 0.055462
22 0.452070 0.742857 0.108932 0.077311
23 0.901416 0.315126 0.055556 0.065546