0 0.609065 0.585925 0.118980 0.173486
0 0.381728 0.306874 0.114731 0.194763
1 0.383853 0.697218 0.141643 0.147300
1 0.133144 0.463993 0.084986 0.256956
2 0.498584 0.091653 0.121813 0.163666
2 0.531870 0.709493 0.111898 0.211129
3 0.120397 0.468903 0.181303 0.116203
3 0.200425 0.739771 0.086402 0.166939
4 0.505666 0.370704 0.107649 0.139116
4 0.871105 0.626841 0.093484 0.212766
5 0.599150 0.094926 0.161473 0.130933
5 0.315864 0.759411 0.144476 0.163666
6 0.822946 0.573650 0.107649 0.191489
6 0.711756 0.753682 0.055241 0.191489
7 0.237960 0.903437 0.138810 0.147300
7 0.594901 0.914894 0.079320 0.144026
8 0.359065 0.439444 0.131728 0.090016
8 0.186969 0.733224 0.138810 0.062193
9 0.322946 0.256956 0.056657 0.150573
9 0.407932 0.866612 0.056657 0.116203
10 0.455382 0.923895 0.086402 0.109656
10 0.275496 0.379705 0.123229 0.068740
11 0.737960 0.875614 0.135977 0.104746
11 0.846317 0.427169 0.049575 0.170213
12 0.304533 0.894435 0.065156 0.103110
12 0.529037 0.729133 0.086402 0.135843
13 0.446176 0.743863 0.073654 0.083470
13 0.896601 0.467267 0.065156 0.096563
14 0.694051 0.392799 0.070822 0.114566
14 0.536119 0.561375 0.097734 0.104746
15 0.431303 0.531097 0.100567 0.050736
15 0.421388 0.813421 0.072238 0.081833
16 0.303824 0.621931 0.086402 0.072013
16 0.905807 0.063830 0.092068 0.072013
17 0.693343 0.308511 0.060907 0.099836
17 0.515581 0.761047 0.079320 0.052373
18 0.272663 0.493453 0.049575 0.080196
18 0.531870 0.420622 0.049575 0.062193
19 0.884561 0.383797 0.072238 0.067103
19 0.319405 0.093290 0.083569 0.068740
20 0.557365 0.900164 0.060907 0.058920
20 0.747167 0.085925 0.060907 0.057283
21 0.611190 0.573650 0.058074 0.067103
21 0.786119 0.793781 0.079320 0.042553
22 0.359773 0.854337 0.070822 0.193126
23 0.659348 0.873159 0.043909 0.060556