0 0.245810 0.341022 0.142458 0.125935
0 0.336592 0.697007 0.108939 0.241895
1 0.192039 0.536783 0.247207 0.153367
1 0.333799 0.636534 0.131285 0.138404
2 0.435056 0.489401 0.216480 0.100998
2 0.475559 0.688279 0.146648 0.159601
3 0.502095 0.271197 0.182961 0.148379
3 0.185754 0.280549 0.181564 0.144638
4 0.808659 0.609726 0.217877 0.119701
4 0.574022 0.665835 0.061453 0.214464
5 0.215782 0.783042 0.121508 0.119701
5 0.465084 0.393392 0.122905 0.160848
6 0.145251 0.377182 0.162011 0.100998
6 0.280028 0.597257 0.171788 0.119701
7 0.671089 0.757481 0.196927 0.078554
7 0.188547 0.249377 0.164804 0.072319
8 0.740223 0.826060 0.170391 0.053616
8 0.460196 0.696384 0.138268 0.100998
9 0.351257 0.543017 0.149441 0.086035
9 0.310056 0.751870 0.134078 0.134663
10 0.077514 0.468204 0.082402 0.150873
10 0.490223 0.711347 0.120112 0.110973
11 0.194832 0.583541 0.127095 0.102244
11 0.360335 0.219451 0.055866 0.154613
12 0.677374 0.397756 0.142458 0.067332
12 0.926676 0.746259 0.062849 0.148379
13 0.224860 0.686409 0.128492 0.083541
13 0.394553 0.297382 0.143855 0.038653
14 0.863128 0.578554 0.134078 0.119701
14 0.439246 0.504988 0.127095 0.069825
15 0.473464 0.360349 0.131285 0.044888
15 0.681564 0.846633 0.100559 0.084788
16 0.554469 0.432045 0.055866 0.108479
16 0.310754 0.292394 0.082402 0.098504
17 0.446927 0.057980 0.097765 0.091022
17 0.428073 0.521820 0.071229 0.078554
18 0.610335 0.451995 0.083799 0.073566
18 0.202514 0.447007 0.078212 0.058603
19 0.484637 0.938279 0.075419 0.091022
19 0.478352 0.613466 0.074022 0.077307
20 0.609637 0.612219 0.046089 0.067332
20 0.078212 0.309227 0.072626 0.062344
21 0.823324 0.808603 0.096369 0.043641
21 0.060754 0.400249 0.074022 0.054863
22 0.363827 0.219451 0.132682 0.132170
23 0.632682 0.657107 0.047486 0.084788