0 0.778934 0.806647 0.111834 0.154079
0 0.801040 0.716767 0.176853 0.101208
1 0.264629 0.429758 0.071521 0.209970
1 0.314044 0.750755 0.107932 0.126888
2 0.617685 0.644260 0.132640 0.119335
2 0.109233 0.240937 0.163849 0.098187
3 0.280884 0.691843 0.124837 0.126888
3 0.890117 0.739426 0.074122 0.188822
4 0.529909 0.385952 0.081925 0.152568
4 0.358908 0.841390 0.130039 0.093656
5 0.176853 0.404079 0.080624 0.167674
5 0.760078 0.496979 0.074122 0.157100
6 0.630039 0.310423 0.071521 0.143505
6 0.878414 0.348187 0.074122 0.161631
7 0.557867 0.464502 0.075423 0.110272
7 0.587126 0.085347 0.084525 0.092145
8 0.485046 0.469033 0.101430 0.064955
8 0.133940 0.296828 0.088427 0.125378
9 0.623537 0.496224 0.055917 0.128399
9 0.351105 0.181269 0.070221 0.105740
10 0.321196 0.753021 0.052016 0.143505
10 0.660598 0.233384 0.054616 0.113293
11 0.442783 0.621601 0.100130 0.110272
11 0.605982 0.806647 0.041612 0.141994
12 0.479844 0.384441 0.098830 0.052870
12 0.881664 0.550604 0.039012 0.128399
13 0.399870 0.928248 0.074122 0.095166
13 0.614434 0.635952 0.071521 0.066465
14 0.455787 0.833837 0.081925 0.069486
14 0.791287 0.477341 0.079324 0.087613
15 0.508453 0.275680 0.057217 0.086103
15 0.555267 0.608006 0.065020 0.077039
16 0.208062 0.537009 0.080624 0.074018
16 0.695709 0.638218 0.046814 0.083082
17 0.312094 0.314199 0.057217 0.084592
17 0.507802 0.881420 0.079324 0.055891
18 0.749025 0.250000 0.046814 0.080060
18 0.852406 0.779456 0.068921 0.045317
19 0.418726 0.089124 0.052016 0.081571
19 0.583225 0.729607 0.042913 0.069486
20 0.330949 0.461480 0.042913 0.080060
20 0.421326 0.246979 0.052016 0.052870
21 0.382315 0.252266 0.049415 0.057402
21 0.786086 0.896526 0.045514 0.070997
22 0.488296 0.419940 0.118336 0.069486
23 0.932380 0.492447 0.067620 0.069486