0 0.153168 0.167957 0.072173 0.131579
0 0.241379 0.111455 0.118685 0.123839
1 0.291500 0.560372 0.127506 0.077399
1 0.378107 0.395511 0.037690 0.227554
2 0.111468 0.124613 0.072173 0.184211
2 0.029270 0.700464 0.039294 0.205882
3 0.209703 0.167957 0.076183 0.168731
3 0.210505 0.784056 0.079391 0.134675
4 0.379711 0.535604 0.060144 0.167183
4 0.092221 0.658669 0.094627 0.072755
5 0.199278 0.589009 0.085806 0.072755
5 0.125902 0.533282 0.088212 0.075851
6 0.303929 0.490712 0.076985 0.099071
6 0.371291 0.449690 0.072173 0.119195
7 0.083801 0.487616 0.060144 0.126935
7 0.319968 0.846749 0.078589 0.061920
8 0.405774 0.717492 0.073777 0.103715
8 0.209302 0.255418 0.041700 0.145511
9 0.125902 0.602167 0.067362 0.092879
9 0.179631 0.496904 0.059342 0.111455
10 0.309142 0.688080 0.047314 0.131579
10 0.430233 0.359133 0.039294 0.148607
11 0.270249 0.571981 0.041700 0.137771
11 0.946271 0.489164 0.078589 0.071207
12 0.379711 0.791022 0.063352 0.065015
12 0.342422 0.667957 0.051323 0.085139
13 0.291901 0.194272 0.052927 0.091331
13 0.293905 0.722136 0.042502 0.106811
14 0.271451 0.422601 0.034483 0.111455
14 0.307137 0.331269 0.060946 0.065015
15 0.152366 0.296440 0.040096 0.100619
15 0.378107 0.178019 0.050521 0.092879
16 0.210906 0.643189 0.033681 0.100619
16 0.376905 0.240712 0.032077 0.097523
17 0.241379 0.450464 0.036889 0.086687
17 0.210104 0.477554 0.027265 0.091331
18 0.325581 0.364551 0.044908 0.051084
18 0.163192 0.392415 0.032879 0.085139
19 0.265036 0.651703 0.040898 0.065015
19 0.208099 0.735294 0.044106 0.055728
20 0.320770 0.215944 0.030473 0.069659
20 0.261427 0.948142 0.027265 0.078947
21 0.313152 0.407121 0.044106 0.049536
21 0.299920 0.928019 0.043304 0.060372
22 0.338011 0.166409 0.055333 0.162539
23 0.400160 0.285604 0.027265 0.091331