0 0.738586 0.449333 0.160530 0.168000
0 0.687776 0.723333 0.082474 0.233333
1 0.189985 0.620667 0.203240 0.105333
1 0.148012 0.702000 0.139912 0.193333
2 0.161267 0.912000 0.151694 0.149333
2 0.324742 0.474667 0.134021 0.144000
3 0.630339 0.646667 0.064801 0.181333
3 0.467599 0.573333 0.095729 0.120000
4 0.622975 0.536000 0.182622 0.090667
4 0.282769 0.716000 0.085420 0.160000
5 0.369661 0.847333 0.100147 0.145333
5 0.364507 0.574000 0.142857 0.078667
6 0.589102 0.712000 0.070692 0.154667
6 0.483063 0.599333 0.144330 0.052000
7 0.217968 0.785333 0.114875 0.120000
7 0.461708 0.828667 0.151694 0.049333
8 0.512518 0.728667 0.129602 0.094667
8 0.629602 0.838000 0.116348 0.094667
9 0.418262 0.932667 0.126657 0.102667
9 0.500000 0.514000 0.113402 0.105333
10 0.407216 0.674667 0.154639 0.042667
10 0.338733 0.604000 0.091311 0.128000
11 0.259205 0.700000 0.117820 0.082667
11 0.922680 0.260667 0.116348 0.094667
12 0.536819 0.691333 0.054492 0.102667
12 0.243004 0.540667 0.111929 0.070667
13 0.539764 0.428667 0.110457 0.073333
13 0.466863 0.642000 0.111929 0.060000
14 0.118557 0.723333 0.063328 0.092000
14 0.742268 0.642667 0.091311 0.077333
15 0.403535 0.874667 0.055965 0.080000
15 0.160530 0.560667 0.085420 0.070667
16 0.631811 0.049333 0.085420 0.069333
16 0.659794 0.150667 0.108984 0.058667
17 0.871870 0.250000 0.088365 0.060000
17 0.527982 0.773333 0.092784 0.061333
18 0.055965 0.660000 0.061856 0.082667
18 0.128130 0.668667 0.088365 0.044000
19 0.304124 0.914000 0.057437 0.081333
19 0.428571 0.756667 0.061856 0.073333
20 0.347570 0.709333 0.058910 0.058667
20 0.547865 0.821333 0.053019 0.064000
21 0.150957 0.772667 0.048601 0.046667
21 0.679676 0.703333 0.057437 0.060000
22 0.610457 0.109333 0.119293 0.106667
22 0.357879 0.488667 0.123711 0.094667