0 0.249601 0.269103 0.095048 0.110742
0 0.670927 0.059801 0.130990 0.081949
1 0.263179 0.361573 0.098243 0.071982
1 0.631390 0.579734 0.101438 0.067553
2 0.140575 0.302879 0.031949 0.125138
2 0.389776 0.298450 0.087859 0.069767
3 0.400559 0.575858 0.064696 0.095238
3 0.937300 0.373200 0.088658 0.081949
4 0.398962 0.409192 0.066294 0.089701
4 0.605831 0.261905 0.079073 0.060908
5 0.708866 0.654485 0.083866 0.039867
5 0.678914 0.478405 0.052716 0.090808
6 0.710863 0.593023 0.068690 0.074197
6 0.509185 0.356035 0.066294 0.067553
7 0.593450 0.343300 0.047923 0.086379
7 0.164537 0.657254 0.051118 0.087486
8 0.447684 0.425803 0.032748 0.078627
8 0.563498 0.040975 0.063099 0.050941
9 0.630192 0.619048 0.055911 0.070875
9 0.712061 0.057586 0.039137 0.093023
10 0.076677 0.838870 0.051118 0.058693
10 0.425319 0.719823 0.064696 0.048726
11 0.418131 0.597453 0.058307 0.063123
11 0.496805 0.196013 0.047923 0.070875
12 0.638578 0.281838 0.055112 0.047619
12 0.135383 0.952381 0.058307 0.050941
13 0.534345 0.474529 0.046326 0.063123
13 0.597444 0.469546 0.039936 0.062016
14 0.553514 0.455703 0.044728 0.058693
14 0.042732 0.946844 0.061502 0.035437
15 0.544728 0.567553 0.035144 0.058693
15 0.707668 0.110188 0.049521 0.034330
16 0.268371 0.317829 0.035144 0.059801
16 0.250000 0.518272 0.027157 0.070875
17 0.390575 0.552602 0.038339 0.039867
17 0.092652 0.298450 0.041534 0.052049
18 0.486821 0.525471 0.023163 0.056478
18 0.517572 0.648948 0.030351 0.057586
19 0.602636 0.431340 0.037540 0.029900
19 0.553514 0.751384 0.035144 0.052049
20 0.487620 0.070321 0.037540 0.043189
20 0.099441 0.949059 0.024760 0.053156
21 0.339058 0.591362 0.034345 0.042082
21 0.526358 0.588040 0.022364 0.046512
22 0.446486 0.161130 0.060703 0.049834
23 0.462859 0.516611 0.037540 0.029900