0 0.458212 0.326126 0.142857 0.313514
0 0.735180 0.404505 0.041788 0.369369
1 0.498542 0.387387 0.103013 0.158559
1 0.735666 0.082883 0.206025 0.126126
2 0.834305 0.422523 0.148688 0.113514
2 0.853256 0.626126 0.068027 0.239640
3 0.080661 0.885586 0.130224 0.210811
3 0.542274 0.619820 0.141885 0.129730
4 0.953839 0.444144 0.080661 0.163964
4 0.552478 0.707207 0.140914 0.163964
5 0.648202 0.395495 0.087464 0.174775
5 0.551506 0.650450 0.119534 0.183784
6 0.736638 0.231532 0.101069 0.181982
6 0.583576 0.422523 0.080661 0.214414
7 0.742954 0.379279 0.096210 0.091892
7 0.844509 0.840541 0.077745 0.113514
8 0.543732 0.506306 0.086492 0.136937
8 0.620505 0.754955 0.078717 0.154955
9 0.469388 0.536036 0.058309 0.174775
9 0.817298 0.246847 0.052478 0.209009
10 0.784742 0.516216 0.090379 0.120721
10 0.664723 0.353153 0.075802 0.104505
11 0.655491 0.228829 0.096210 0.136937
11 0.716229 0.744144 0.060253 0.169369
12 0.879981 0.136937 0.059281 0.169369
12 0.661322 0.684685 0.035957 0.176577
13 0.689504 0.541441 0.057337 0.138739
13 0.668124 0.687387 0.078717 0.113514
14 0.781341 0.671171 0.062196 0.138739
14 0.750243 0.618919 0.046647 0.160360
15 0.841594 0.755856 0.062196 0.106306
15 0.539845 0.788288 0.045675 0.135135
16 0.799320 0.781982 0.057337 0.090090
16 0.538387 0.626126 0.066084 0.059459
17 0.636054 0.572072 0.045675 0.120721
17 0.794461 0.909910 0.059281 0.079279
18 0.843052 0.440541 0.055394 0.084685
18 0.907191 0.531532 0.059281 0.090090
19 0.752672 0.821622 0.045675 0.104505
19 0.910593 0.333333 0.050534 0.097297
20 0.673955 0.492793 0.045675 0.063063
20 0.712828 0.605405 0.051506 0.064865
21 0.921769 0.463063 0.043732 0.097297
21 0.905734 0.617117 0.036929 0.102703
22 0.915938 0.308108 0.100097 0.151351
22 0.817784 0.582883 0.107872 0.073874