0 0.740638 0.347496 0.113731 0.212443
0 0.375867 0.239757 0.097087 0.142640
1 0.850902 0.630501 0.065187 0.268589
1 0.403606 0.423369 0.213592 0.166920
2 0.652566 0.729894 0.106796 0.151745
2 0.701803 0.179818 0.144244 0.132018
3 0.425798 0.707132 0.177531 0.127466
3 0.346741 0.117602 0.119279 0.135053
4 0.502774 0.088771 0.159501 0.092564
4 0.491678 0.250379 0.115118 0.136571
5 0.408460 0.578907 0.148405 0.104704
5 0.531207 0.864188 0.088766 0.180577
6 0.773232 0.752656 0.056865 0.185129
6 0.744105 0.891502 0.101248 0.110774
7 0.930652 0.692716 0.074896 0.141123
7 0.377254 0.899090 0.113731 0.101669
8 0.675451 0.953718 0.138696 0.074355
8 0.631068 0.121396 0.155340 0.072838
9 0.834258 0.738998 0.101248 0.151745
9 0.504161 0.759484 0.123440 0.065250
10 0.757975 0.462822 0.087379 0.136571
10 0.302358 0.058422 0.130374 0.068285
11 0.935506 0.498483 0.065187 0.156297
11 0.402219 0.179059 0.069348 0.094082
12 0.429265 0.405159 0.095700 0.097117
12 0.481969 0.596358 0.084605 0.091047
13 0.633148 0.527314 0.084605 0.116844
13 0.414008 0.465857 0.140083 0.112291
14 0.531900 0.707132 0.098474 0.069803
14 0.575589 0.468134 0.102635 0.056146
15 0.507628 0.830046 0.097087 0.060698
15 0.128294 0.197269 0.081831 0.118361
16 0.557559 0.553869 0.088766 0.078907
16 0.678225 0.823976 0.069348 0.072838
17 0.400139 0.639605 0.090153 0.074355
17 0.484743 0.468134 0.101248 0.037936
18 0.701803 0.301973 0.069348 0.066768
18 0.722607 0.752656 0.063800 0.075873
19 0.893204 0.447648 0.047157 0.091047
19 0.588766 0.723065 0.048544 0.080425
20 0.855756 0.322458 0.063800 0.071320
20 0.329404 0.711684 0.042996 0.078907
21 0.692094 0.467375 0.072122 0.048558
21 0.068655 0.369499 0.084605 0.059181
22 0.671290 0.168437 0.113731 0.078907