0 0.348925 0.732353 0.146650 0.119608
0 0.197851 0.835294 0.203540 0.178431
1 0.500632 0.512745 0.121365 0.129412
1 0.288243 0.526961 0.093552 0.130392
2 0.291403 0.542157 0.211125 0.094118
2 0.481669 0.325490 0.113780 0.147059
3 0.230721 0.474510 0.074589 0.111765
3 0.353982 0.158333 0.101138 0.093137
4 0.307838 0.239216 0.125158 0.090196
4 0.427307 0.690196 0.179520 0.070588
5 0.233249 0.612745 0.104930 0.164706
5 0.719975 0.863725 0.152971 0.121569
6 0.105563 0.701471 0.137800 0.122549
6 0.430468 0.482353 0.087231 0.127451
7 0.280025 0.610784 0.117573 0.105882
7 0.091656 0.572549 0.079646 0.150980
8 0.384324 0.290686 0.080910 0.097059
8 0.490518 0.293627 0.171934 0.087255
9 0.416561 0.643137 0.089760 0.101961
9 0.378003 0.216667 0.116308 0.127451
10 0.572061 0.303922 0.140329 0.092157
10 0.231353 0.159314 0.091024 0.091176
11 0.312895 0.051471 0.082174 0.104902
11 0.749684 0.469118 0.088496 0.126471
12 0.603034 0.352451 0.134008 0.042157
12 0.479140 0.955882 0.075853 0.088235
13 0.405183 0.382843 0.089760 0.089216
13 0.189001 0.641667 0.094817 0.095098
14 0.935525 0.266667 0.058154 0.103922
14 0.444374 0.269118 0.087231 0.100980
15 0.466498 0.588725 0.093552 0.071569
15 0.183312 0.213725 0.101138 0.039216
16 0.423515 0.775490 0.083439 0.088235
16 0.905815 0.136275 0.125158 0.049020
17 0.333123 0.881373 0.099874 0.066667
17 0.440582 0.140196 0.079646 0.078431
18 0.690265 0.427451 0.096081 0.045098
18 0.185209 0.695588 0.087231 0.038235
19 0.132111 0.587255 0.054362 0.074510
19 0.178255 0.257843 0.060683 0.060784
20 0.242099 0.700980 0.064475 0.041176
20 0.206700 0.224020 0.069532 0.050000
21 0.281922 0.109314 0.070796 0.055882
21 0.374210 0.626961 0.058154 0.059804
22 0.132111 0.800490 0.170670 0.083333
22 0.256005 0.798529 0.150442 0.083333