0 0.701401 0.621974 0.134851 0.283054
0 0.505254 0.108939 0.239930 0.102421
1 0.741681 0.395717 0.201401 0.132216
1 0.759194 0.570764 0.288967 0.091248
2 0.276708 0.526071 0.063047 0.251397
2 0.626095 0.402235 0.155867 0.189944
3 0.515762 0.158287 0.159370 0.208566
3 0.742557 0.877095 0.073555 0.238361
4 0.792469 0.786778 0.204904 0.076350
4 0.586690 0.243017 0.206655 0.061453
5 0.732925 0.224395 0.113835 0.139665
5 0.807356 0.603352 0.164623 0.126629
6 0.323993 0.231844 0.182137 0.072626
6 0.409807 0.172253 0.108581 0.091248
7 0.922942 0.462756 0.129597 0.165736
7 0.658494 0.406890 0.136602 0.094972
8 0.780210 0.689013 0.141856 0.093110
8 0.835377 0.499069 0.105079 0.093110
9 0.160245 0.175978 0.138354 0.113594
9 0.128722 0.365922 0.162872 0.072626
10 0.366025 0.290503 0.143608 0.067039
10 0.123468 0.283985 0.092820 0.113594
11 0.837128 0.272812 0.136602 0.135940
11 0.331874 0.363128 0.141856 0.115456
12 0.590193 0.633147 0.122592 0.074488
12 0.194396 0.384544 0.080560 0.083799
13 0.766200 0.361266 0.110333 0.111732
13 0.531524 0.366853 0.071804 0.096834
14 0.550788 0.683426 0.085814 0.126629
14 0.387916 0.328678 0.124343 0.072626
15 0.457968 0.445065 0.068301 0.111732
15 0.466725 0.158287 0.068301 0.119181
16 0.197898 0.313780 0.101576 0.068901
16 0.578809 0.389199 0.106830 0.096834
17 0.718914 0.519553 0.071804 0.108007
17 0.525394 0.452514 0.087566 0.074488
18 0.660245 0.767225 0.073555 0.070764
18 0.570053 0.192737 0.078809 0.080074
19 0.563047 0.762570 0.078809 0.080074
19 0.239054 0.354749 0.050788 0.091248
20 0.222417 0.244879 0.063047 0.068901
20 0.582312 0.540037 0.061296 0.074488
21 0.711909 0.345438 0.047285 0.094972
21 0.344133 0.169460 0.054291 0.085661
22 0.562172 0.706704 0.161121 0.080074
23 0.225044 0.170391 0.054291 0.072626