0 0.624304 0.921341 0.202226 0.130488
0 0.358998 0.486585 0.153989 0.192683
1 0.410946 0.215244 0.250464 0.089024
1 0.466605 0.870732 0.131725 0.158537
2 0.804267 0.853659 0.239332 0.080488
2 0.820037 0.724390 0.166976 0.065854
3 0.551020 0.365854 0.155844 0.124390
3 0.934137 0.719512 0.102041 0.092683
4 0.297774 0.625610 0.161410 0.126829
4 0.630798 0.540854 0.103896 0.106098
5 0.394249 0.126829 0.102041 0.158537
5 0.307050 0.657317 0.172542 0.107317
6 0.392393 0.256098 0.194805 0.075610
6 0.808905 0.802439 0.115028 0.114634
7 0.263451 0.823171 0.166976 0.073171
7 0.288497 0.523780 0.165121 0.089024
8 0.431354 0.686585 0.116883 0.102439
8 0.582560 0.838415 0.081633 0.115854
9 0.636364 0.767073 0.122449 0.085366
9 0.341373 0.860976 0.170686 0.082927
10 0.254174 0.746341 0.159555 0.060976
10 0.555659 0.801220 0.179963 0.051220
11 0.418367 0.770122 0.150278 0.074390
11 0.250464 0.775000 0.133581 0.057317
12 0.746753 0.696341 0.142857 0.065854
12 0.344156 0.734756 0.079777 0.086585
13 0.557514 0.740854 0.072356 0.096341
13 0.666048 0.525610 0.152134 0.068293
14 0.487013 0.164634 0.076067 0.104878
14 0.841373 0.661585 0.109462 0.086585
15 0.611317 0.324390 0.116883 0.060976
15 0.510204 0.755488 0.077922 0.069512
16 0.751391 0.789634 0.089054 0.079268
16 0.321892 0.343293 0.090909 0.071951
17 0.598330 0.368902 0.116883 0.050000
17 0.499072 0.082927 0.096475 0.070732
18 0.098330 0.214634 0.085343 0.075610
18 0.448980 0.589634 0.074212 0.067073
19 0.259740 0.717073 0.092764 0.043902
19 0.477737 0.379878 0.098330 0.050000
20 0.423933 0.641463 0.068646 0.051220
20 0.762523 0.664024 0.059369 0.057317
21 0.638219 0.662195 0.074212 0.053659
21 0.393321 0.054878 0.077922 0.056098
22 0.328386 0.888415 0.152134 0.108537
23 0.400742 0.884146 0.063080 0.070732