0 0.128668 0.446970 0.153499 0.192641
0 0.319413 0.487013 0.151242 0.207792
1 0.249436 0.875541 0.223476 0.214286
1 0.282167 0.662338 0.338600 0.177489
2 0.800226 0.830087 0.205418 0.158009
2 0.795711 0.573593 0.119639 0.246753
3 0.827314 0.203463 0.137698 0.181818
3 0.776524 0.331169 0.230248 0.142857
4 0.509029 0.204545 0.164786 0.162338
4 0.538375 0.117965 0.196388 0.175325
5 0.589165 0.269481 0.176072 0.188312
5 0.212190 0.636364 0.198646 0.194805
6 0.642212 0.772727 0.119639 0.125541
6 0.381490 0.287879 0.180587 0.121212
7 0.704289 0.580087 0.176072 0.138528
7 0.866817 0.687229 0.126411 0.123377
8 0.291196 0.120130 0.139955 0.145022
8 0.123025 0.220779 0.133183 0.190476
9 0.646727 0.416667 0.142212 0.123377
9 0.396163 0.629870 0.110609 0.142857
10 0.295711 0.363636 0.180587 0.125541
10 0.839729 0.862554 0.158014 0.119048
11 0.367946 0.801948 0.144470 0.170996
11 0.513544 0.429654 0.160271 0.110390
12 0.676072 0.166667 0.097065 0.164502
12 0.726862 0.388528 0.063205 0.153680
13 0.898420 0.518398 0.126411 0.140693
13 0.518059 0.479437 0.097065 0.140693
14 0.430023 0.527056 0.142212 0.101732
14 0.635440 0.294372 0.187359 0.082251
15 0.475169 0.893939 0.097065 0.129870
15 0.558691 0.831169 0.133183 0.103896
16 0.194131 0.714286 0.121896 0.129870
16 0.253950 0.323593 0.106095 0.119048
17 0.644470 0.865801 0.133183 0.103896
17 0.769752 0.239177 0.126411 0.088745
18 0.505643 0.349567 0.103837 0.097403
18 0.418736 0.395022 0.101580 0.093074
19 0.204289 0.301948 0.110609 0.088745
19 0.579007 0.666667 0.079007 0.112554
20 0.766366 0.337662 0.088036 0.064935
20 0.353273 0.838745 0.092551 0.075758
21 0.643341 0.530303 0.130926 0.077922
21 0.474041 0.613636 0.090293 0.088745
22 0.181716 0.252165 0.187359 0.188312
22 0.419865 0.123377 0.126411 0.125541