0 0.531204 0.603102 0.084695 0.228102
0 0.655275 0.704380 0.121842 0.266423
1 0.639673 0.107664 0.236256 0.156934
1 0.645617 0.601277 0.179792 0.136861
2 0.219911 0.739964 0.098068 0.162409
2 0.518574 0.754562 0.104012 0.246350
3 0.135958 0.260036 0.147103 0.082117
3 0.324666 0.723540 0.141159 0.169708
4 0.551263 0.412409 0.074294 0.156934
4 0.797920 0.726277 0.092125 0.211679
5 0.386330 0.896898 0.160475 0.162409
5 0.861070 0.595803 0.123328 0.169708
6 0.390788 0.262774 0.089153 0.156934
6 0.349183 0.800182 0.068351 0.198905
7 0.669391 0.882299 0.105498 0.125912
7 0.218425 0.576642 0.083210 0.142336
8 0.641159 0.524635 0.132244 0.060219
8 0.284547 0.379562 0.123328 0.091241
9 0.270431 0.511861 0.115899 0.082117
9 0.409361 0.656022 0.052006 0.155109
10 0.151560 0.531022 0.056464 0.160584
10 0.654532 0.730839 0.072808 0.158759
11 0.286033 0.386861 0.096582 0.131387
11 0.460624 0.197993 0.044577 0.155109
12 0.277117 0.154197 0.102526 0.071168
12 0.428678 0.427920 0.075780 0.111314
13 0.445022 0.833942 0.043091 0.135036
13 0.506686 0.789234 0.092125 0.067518
14 0.096582 0.680657 0.115899 0.080292
14 0.748886 0.330292 0.098068 0.076642
15 0.492571 0.411496 0.084695 0.052920
15 0.222883 0.394161 0.083210 0.051095
16 0.108470 0.496350 0.089153 0.054745
16 0.444279 0.641423 0.071322 0.063869
17 0.654532 0.625912 0.054978 0.091241
17 0.686478 0.230839 0.053492 0.089416
18 0.603269 0.313869 0.053492 0.080292
18 0.505201 0.298358 0.071322 0.056569
19 0.606984 0.718066 0.043091 0.085766
19 0.627786 0.066606 0.075780 0.045620
20 0.450223 0.752737 0.050520 0.074818
20 0.832838 0.361314 0.063893 0.051095
21 0.939079 0.482664 0.065379 0.074818
21 0.635215 0.489964 0.066865 0.045620
22 0.657504 0.287409 0.111441 0.114964
22 0.301634 0.263686 0.109955 0.114964