0 0.427192 0.668731 0.141159 0.291022
0 0.695394 0.555728 0.190193 0.226006
1 0.294948 0.525542 0.191679 0.168731
1 0.904160 0.575077 0.135215 0.255418
2 0.827637 0.270898 0.142645 0.241486
2 0.482169 0.253096 0.099554 0.236842
3 0.138930 0.523220 0.129272 0.219814
3 0.682764 0.809598 0.224368 0.099071
4 0.209510 0.606037 0.109955 0.147059
4 0.703566 0.289474 0.161961 0.151703
5 0.178306 0.339009 0.115899 0.201238
5 0.435364 0.657121 0.142645 0.178019
6 0.407132 0.410217 0.166419 0.123839
6 0.399703 0.146285 0.080238 0.224458
7 0.254086 0.649381 0.172363 0.094427
7 0.742199 0.492260 0.084695 0.157895
8 0.765230 0.852941 0.104012 0.111455
8 0.755572 0.280960 0.138187 0.147059
9 0.453938 0.383127 0.132244 0.113003
9 0.687964 0.273994 0.098068 0.167183
10 0.898217 0.363777 0.075780 0.173375
10 0.481426 0.076625 0.104012 0.100619
11 0.078752 0.425697 0.121842 0.120743
11 0.754086 0.677245 0.173848 0.116099
12 0.637444 0.136223 0.104012 0.095975
12 0.495542 0.647833 0.120357 0.082043
13 0.147845 0.516254 0.144131 0.078947
13 0.651560 0.664861 0.078752 0.131579
14 0.454681 0.770898 0.095097 0.133127
14 0.580981 0.544118 0.118871 0.091331
15 0.623328 0.781734 0.120357 0.065015
15 0.304606 0.428793 0.121842 0.061920
16 0.841010 0.496904 0.062407 0.139319
16 0.162704 0.178019 0.102526 0.095975
17 0.286776 0.072755 0.071322 0.117647
17 0.630758 0.928793 0.108470 0.099071
18 0.688707 0.381579 0.072808 0.072755
18 0.595840 0.401703 0.068351 0.088235
19 0.291976 0.211300 0.090639 0.078947
19 0.781575 0.738390 0.095097 0.083591
20 0.217682 0.675697 0.054978 0.072755
20 0.184993 0.249226 0.090639 0.055728
21 0.423477 0.472136 0.077266 0.055728
21 0.450966 0.365325 0.069837 0.052632
22 0.285290 0.841331 0.196137 0.088235
22 0.504458 0.286378 0.176820 0.114551