0 0.244833 0.579341 0.155803 0.188623
0 0.378378 0.577096 0.181240 0.127246
1 0.672496 0.860030 0.225755 0.118263
1 0.520668 0.187126 0.233704 0.080838
2 0.245628 0.462575 0.087440 0.134731
2 0.652623 0.677395 0.096979 0.130240
3 0.729730 0.662425 0.076312 0.190120
3 0.356916 0.738024 0.154213 0.182635
4 0.099364 0.597305 0.147854 0.140719
4 0.697933 0.928892 0.168521 0.091317
5 0.500795 0.619760 0.178060 0.089820
5 0.504769 0.485778 0.109698 0.082335
6 0.594595 0.146707 0.174881 0.062874
6 0.869634 0.678144 0.117647 0.098802
7 0.286169 0.094311 0.108108 0.119760
7 0.348967 0.353293 0.106518 0.107784
8 0.928458 0.540419 0.092210 0.086826
8 0.761526 0.252246 0.092210 0.094311
9 0.846582 0.467066 0.093800 0.146707
9 0.145469 0.383234 0.138315 0.053892
10 0.459459 0.817365 0.133545 0.107784
10 0.520668 0.753743 0.138315 0.079341
11 0.543720 0.741766 0.101749 0.124251
11 0.399841 0.101796 0.125596 0.137725
12 0.818760 0.617515 0.085851 0.094311
12 0.208267 0.300898 0.114467 0.092814
13 0.244038 0.081587 0.106518 0.079341
13 0.297297 0.249251 0.089030 0.085329
14 0.647854 0.599551 0.109698 0.061377
14 0.729730 0.809132 0.108108 0.061377
15 0.535771 0.282934 0.114467 0.062874
15 0.105723 0.442365 0.122417 0.052395
16 0.434022 0.332335 0.104928 0.053892
16 0.534181 0.535180 0.095390 0.061377
17 0.414149 0.473802 0.046105 0.097305
17 0.374404 0.865269 0.081081 0.059880
18 0.828299 0.342814 0.082671 0.065868
18 0.784579 0.383982 0.055644 0.079341
19 0.313196 0.156437 0.076312 0.076347
19 0.189189 0.523952 0.092210 0.047904
20 0.790938 0.710329 0.065183 0.070359
20 0.534181 0.862275 0.063593 0.059880
20 0.653418 0.241766 0.079491 0.049401
21 0.595390 0.370509 0.049285 0.079341
21 0.659777 0.523204 0.069952 0.064371
22 0.402226 0.899701 0.127186 0.128743
22 0.139905 0.290419 0.111288 0.098802