0 0.593995 0.895713 0.208877 0.113557
0 0.550914 0.453650 0.107050 0.144844
1 0.732376 0.803013 0.195822 0.088065
1 0.340731 0.418888 0.093995 0.163384
2 0.289164 0.776362 0.163185 0.092700
2 0.277415 0.570104 0.139687 0.122827
3 0.609661 0.667439 0.156658 0.053302
3 0.769582 0.552144 0.137076 0.086906
4 0.700392 0.733488 0.147520 0.044032
4 0.731070 0.471031 0.140992 0.040556
5 0.137076 0.589803 0.099217 0.108922
5 0.476501 0.405562 0.052219 0.127462
6 0.287206 0.721900 0.101828 0.097335
6 0.633159 0.446118 0.093995 0.071842
7 0.437990 0.812862 0.058747 0.112399
7 0.221279 0.553882 0.129243 0.037080
8 0.052219 0.493048 0.070496 0.098494
8 0.794386 0.166860 0.105744 0.076477
9 0.641645 0.556779 0.050914 0.103129
9 0.541123 0.786790 0.110966 0.060255
10 0.888381 0.059096 0.077023 0.095017
10 0.599217 0.550406 0.062663 0.101970
11 0.947128 0.560255 0.045692 0.110081
11 0.661227 0.699305 0.110966 0.040556
12 0.555483 0.847045 0.079634 0.083430
12 0.526762 0.617613 0.092689 0.037080
13 0.763708 0.685400 0.075718 0.070684
13 0.573107 0.408459 0.091384 0.038239
14 0.709530 0.776362 0.092689 0.048667
14 0.560705 0.455388 0.050914 0.076477
15 0.268277 0.670915 0.087467 0.053302
15 0.736292 0.173233 0.093995 0.063731
16 0.531984 0.717845 0.066580 0.073001
16 0.513055 0.103708 0.086162 0.061414
17 0.445170 0.688876 0.046997 0.070684
17 0.196475 0.687138 0.050914 0.067207
18 0.695822 0.498262 0.067885 0.044032
18 0.415796 0.307648 0.066580 0.054461
19 0.421671 0.342990 0.070496 0.037080
19 0.167102 0.469873 0.046997 0.066049
20 0.509791 0.590382 0.056136 0.038239
20 0.742167 0.177868 0.056136 0.059096
21 0.462794 0.564311 0.063969 0.039397
21 0.366841 0.252607 0.049608 0.064890
22 0.824413 0.584589 0.100522 0.098494
23 0.603133 0.965817 0.052219 0.047509