0 0.681014 0.356680 0.133255 0.178988
0 0.507075 0.201686 0.235849 0.112840
1 0.418042 0.407912 0.152123 0.201038
1 0.487618 0.700389 0.168632 0.199741
2 0.377358 0.754215 0.136792 0.123217
2 0.827830 0.660182 0.110849 0.163424
3 0.912146 0.706874 0.133255 0.142672
3 0.620873 0.946174 0.178066 0.068742
4 0.239387 0.585603 0.125000 0.102464
4 0.866156 0.643969 0.154481 0.097276
5 0.530071 0.907912 0.149764 0.106355
5 0.563679 0.114786 0.096698 0.151751
6 0.714033 0.874189 0.147406 0.070039
6 0.767689 0.293774 0.150943 0.058366
7 0.344340 0.295720 0.084906 0.142672
7 0.189858 0.359922 0.070755 0.123217
8 0.645637 0.721141 0.062500 0.121920
8 0.689269 0.555123 0.048349 0.137484
9 0.425708 0.419585 0.115566 0.063554
9 0.434552 0.658885 0.130896 0.051881
10 0.659788 0.524643 0.053066 0.128405
10 0.731132 0.453307 0.056604 0.136187
11 0.219929 0.212062 0.081368 0.115435
11 0.489387 0.175746 0.073113 0.110246
12 0.774764 0.763294 0.091981 0.073930
12 0.512972 0.472763 0.094340 0.053178
13 0.441038 0.523995 0.101415 0.072633
13 0.581368 0.511673 0.106132 0.068742
14 0.704599 0.781453 0.097877 0.068742
14 0.850236 0.665370 0.070755 0.101167
15 0.161557 0.099222 0.103774 0.050584
15 0.280660 0.698444 0.066038 0.066148
16 0.472288 0.822957 0.088443 0.084306
16 0.759434 0.538262 0.054245 0.093385
17 0.070755 0.053178 0.082547 0.075227
17 0.608491 0.704280 0.066038 0.077821
18 0.314269 0.420882 0.060142 0.068742
18 0.393278 0.503243 0.057783 0.051881
19 0.404481 0.806744 0.073113 0.062257
19 0.557783 0.328794 0.047170 0.081712
20 0.638561 0.637484 0.043632 0.066148
20 0.916863 0.563554 0.045991 0.071336
21 0.532429 0.822309 0.041274 0.077821
21 0.099057 0.561608 0.075472 0.046693
22 0.770047 0.309339 0.091981 0.141375
23 0.792453 0.879377 0.044811 0.070039