0 0.704487 0.448674 0.075641 0.099193
0 0.360256 0.523645 0.148718 0.106113
1 0.813462 0.365052 0.160256 0.107266
1 0.836538 0.897347 0.214103 0.129181
2 0.621795 0.366782 0.115385 0.108420
2 0.099359 0.061707 0.124359 0.109573
3 0.543590 0.840830 0.110256 0.143022
3 0.319872 0.506344 0.111538 0.129181
4 0.112179 0.329873 0.083333 0.126874
4 0.870513 0.634371 0.115385 0.094579
5 0.512179 0.333910 0.134615 0.063437
5 0.728846 0.539216 0.132051 0.070358
6 0.425641 0.705882 0.092308 0.089965
6 0.381410 0.580738 0.050000 0.128028
7 0.722436 0.611880 0.116667 0.040369
7 0.812821 0.922145 0.089744 0.100346
8 0.482051 0.648789 0.051282 0.104960
8 0.589744 0.532295 0.100000 0.054210
9 0.762821 0.493080 0.087179 0.065744
9 0.530128 0.487313 0.055128 0.095732
10 0.776282 0.250865 0.060256 0.118800
10 0.427564 0.705306 0.091026 0.088812
11 0.566667 0.704152 0.089744 0.065744
11 0.798077 0.504037 0.093590 0.085352
12 0.253205 0.599193 0.070513 0.081892
12 0.588462 0.771050 0.110256 0.040369
13 0.664744 0.885236 0.111538 0.035755
13 0.057051 0.060554 0.098718 0.063437
14 0.794872 0.405421 0.046154 0.084198
14 0.782051 0.450404 0.076923 0.063437
15 0.464103 0.291811 0.089744 0.048443
15 0.806410 0.572664 0.046154 0.070358
16 0.526282 0.591119 0.050000 0.074971
16 0.844872 0.791811 0.061538 0.070358
17 0.422436 0.092272 0.091026 0.046136
17 0.825000 0.512111 0.070513 0.066897
18 0.837179 0.670704 0.043590 0.061130
18 0.867949 0.603230 0.051282 0.057670
19 0.601282 0.362168 0.056410 0.057670
19 0.151923 0.258362 0.047436 0.069204
20 0.311538 0.405421 0.051282 0.058824
20 0.781410 0.972895 0.065385 0.040369
21 0.594872 0.595732 0.058974 0.044983
21 0.691026 0.791811 0.051282 0.054210
22 0.317308 0.680507 0.083333 0.115340
22 0.717308 0.596309 0.088462 0.110727