0 0.512626 0.605523 0.156566 0.165680
0 0.337753 0.239645 0.102273 0.282051
1 0.247475 0.131164 0.156566 0.258383
1 0.155303 0.316568 0.083333 0.285996
2 0.314394 0.886588 0.154040 0.096647
2 0.268308 0.206114 0.127525 0.191321
3 0.313763 0.612426 0.157828 0.108481
3 0.289141 0.417160 0.159091 0.084813
4 0.422348 0.248521 0.056818 0.216963
4 0.140152 0.641026 0.095960 0.224852
5 0.323864 0.745562 0.054293 0.232742
5 0.301136 0.491124 0.145202 0.086785
6 0.208333 0.175542 0.060606 0.213018
6 0.383207 0.797830 0.099747 0.159763
7 0.888889 0.401381 0.116162 0.108481
7 0.353535 0.232742 0.093434 0.145957
8 0.529672 0.186391 0.099747 0.120316
8 0.217803 0.625247 0.084596 0.126233
9 0.570707 0.705128 0.101010 0.084813
9 0.877525 0.295858 0.128788 0.102564
10 0.272096 0.275148 0.069444 0.136095
10 0.108586 0.176529 0.093434 0.163708
11 0.167929 0.884615 0.123737 0.128205
11 0.111742 0.655819 0.125000 0.116371
12 0.386364 0.072978 0.070707 0.138067
12 0.489899 0.072978 0.085859 0.110454
13 0.646465 0.187377 0.095960 0.078895
13 0.225379 0.843195 0.099747 0.080868
14 0.457071 0.147929 0.073232 0.118343
14 0.472222 0.402367 0.073232 0.102564
15 0.275253 0.770217 0.070707 0.096647
15 0.506313 0.329389 0.083333 0.067061
16 0.174242 0.783037 0.085859 0.059172
16 0.339015 0.570020 0.066919 0.106509
17 0.411616 0.758383 0.050505 0.116371
17 0.604798 0.619329 0.070707 0.071006
18 0.412247 0.420118 0.049242 0.098619
18 0.671717 0.740631 0.058081 0.100592
19 0.469066 0.031558 0.069444 0.063116
19 0.940657 0.267258 0.063131 0.096647
20 0.335859 0.930966 0.055556 0.063116
20 0.863636 0.353057 0.050505 0.067061
21 0.480429 0.774162 0.059343 0.072978
21 0.236111 0.345168 0.055556 0.059172
22 0.723485 0.323471 0.050505 0.213018
23 0.436869 0.618343 0.035354 0.088757