0 0.541221 0.776660 0.108397 0.160966
0 0.560305 0.276660 0.137405 0.162978
1 0.363359 0.742455 0.152672 0.217304
1 0.158779 0.582495 0.134351 0.187123
2 0.590076 0.888330 0.111450 0.134809
2 0.422901 0.920523 0.134351 0.118712
3 0.628244 0.859155 0.135878 0.144869
3 0.242748 0.454728 0.082443 0.201207
4 0.360305 0.197183 0.131298 0.116700
4 0.287786 0.837022 0.114504 0.160966
5 0.281679 0.288732 0.141985 0.078471
5 0.201527 0.462777 0.146565 0.092555
6 0.663359 0.354125 0.102290 0.160966
6 0.185496 0.656942 0.083969 0.154930
7 0.369466 0.381288 0.122137 0.074447
7 0.696947 0.742455 0.105344 0.124748
8 0.206107 0.765594 0.091603 0.146881
8 0.296947 0.232394 0.068702 0.122736
9 0.543511 0.118712 0.097710 0.144869
9 0.327481 0.439638 0.105344 0.110664
10 0.258779 0.646881 0.080916 0.142857
10 0.438168 0.091549 0.106870 0.106640
11 0.535878 0.557344 0.082443 0.148893
11 0.427481 0.688129 0.100763 0.104628
12 0.412977 0.320926 0.102290 0.074447
12 0.189313 0.572435 0.094656 0.054326
13 0.701527 0.693159 0.074809 0.122736
13 0.309160 0.604628 0.080916 0.106640
14 0.488550 0.524145 0.082443 0.110664
14 0.754962 0.770624 0.050382 0.124748
15 0.690840 0.404427 0.053435 0.112676
15 0.336641 0.817907 0.083969 0.066398
16 0.569466 0.269618 0.079389 0.072435
16 0.665649 0.147887 0.079389 0.082495
17 0.935115 0.462777 0.074809 0.108652
17 0.177099 0.406439 0.064122 0.104628
18 0.518321 0.393360 0.062595 0.082495
18 0.083206 0.559356 0.065649 0.100604
19 0.628244 0.793763 0.044275 0.098592
19 0.319084 0.512072 0.045802 0.090543
20 0.516794 0.502012 0.047328 0.074447
20 0.281679 0.466801 0.044275 0.076459
21 0.398473 0.570423 0.058015 0.086519
21 0.107634 0.269618 0.059542 0.096579
22 0.507634 0.661972 0.102290 0.124748
23 0.303817 0.786720 0.058015 0.064386