0 0.553910 0.247411 0.195498 0.098964
0 0.218602 0.584580 0.060427 0.204833
1 0.495261 0.540276 0.071090 0.169160
1 0.342417 0.501726 0.066351 0.186421
2 0.389218 0.481013 0.145735 0.075949
2 0.629147 0.901611 0.092417 0.086306
3 0.944313 0.310127 0.056872 0.162255
3 0.757701 0.065593 0.167062 0.064442
4 0.627962 0.488493 0.130332 0.093211
4 0.120853 0.415995 0.071090 0.134638
5 0.062796 0.863636 0.101896 0.125432
5 0.206754 0.425777 0.100711 0.117376
6 0.430095 0.433832 0.118483 0.064442
6 0.718602 0.363636 0.072275 0.080552
7 0.421209 0.744534 0.107820 0.073648
7 0.578791 0.377445 0.095972 0.085155
8 0.707938 0.073648 0.062796 0.115075
8 0.188981 0.941312 0.060427 0.064442
9 0.499408 0.700230 0.088863 0.072497
9 0.782583 0.457998 0.091232 0.073648
10 0.563981 0.624856 0.082938 0.098964
10 0.683649 0.232451 0.059242 0.105869
11 0.594787 0.739931 0.099526 0.080552
11 0.566943 0.208285 0.072275 0.075949
12 0.850711 0.081128 0.037915 0.116226
12 0.324645 0.669160 0.049763 0.090909
13 0.822275 0.275604 0.059242 0.097814
13 0.696682 0.501726 0.045024 0.094361
14 0.610782 0.082278 0.084123 0.060990
14 0.691351 0.600115 0.086493 0.051784
15 0.622630 0.558688 0.046209 0.077100
15 0.626777 0.640391 0.045024 0.067894
16 0.385071 0.383774 0.071090 0.051784
16 0.450237 0.337745 0.056872 0.070196
17 0.912915 0.393556 0.053318 0.066743
17 0.322867 0.544304 0.034360 0.071346
18 0.492299 0.353855 0.048578 0.058688
18 0.434834 0.529919 0.042654 0.058688
19 0.602488 0.187572 0.058057 0.048331
19 0.501185 0.567319 0.059242 0.041427
20 0.546801 0.552934 0.050948 0.042578
20 0.488744 0.250863 0.053318 0.043728
21 0.803910 0.408516 0.067536 0.041427
21 0.281991 0.399310 0.052133 0.046030
22 0.816351 0.459148 0.120853 0.059839