0 0.573498 0.850602 0.159871 0.125301
0 0.472103 0.810241 0.085837 0.128916
1 0.149142 0.709639 0.094421 0.236145
1 0.320815 0.332530 0.145923 0.134940
2 0.127146 0.825301 0.089056 0.130120
2 0.494635 0.206627 0.141631 0.097590
3 0.353004 0.854217 0.113734 0.146988
3 0.346030 0.632530 0.052575 0.180723
4 0.296674 0.730723 0.095494 0.131325
4 0.349249 0.682530 0.099785 0.133735
5 0.394313 0.165663 0.089056 0.124096
5 0.574034 0.212651 0.169528 0.100000
6 0.682940 0.373494 0.078326 0.146988
6 0.237661 0.283133 0.069742 0.144578
7 0.731223 0.568675 0.086910 0.072289
7 0.435086 0.061446 0.086910 0.093976
8 0.679185 0.486145 0.100858 0.063855
8 0.666309 0.475904 0.055794 0.096386
9 0.108906 0.561446 0.059013 0.132530
9 0.690987 0.818072 0.118026 0.103614
10 0.314378 0.898795 0.075107 0.115663
10 0.596567 0.665060 0.118026 0.045783
11 0.306330 0.681325 0.050429 0.116867
11 0.402361 0.268072 0.077253 0.092771
12 0.925429 0.478313 0.121245 0.057831
12 0.167918 0.280723 0.050429 0.115663
13 0.216738 0.835542 0.098712 0.051807
13 0.085837 0.888554 0.077253 0.092771
14 0.539700 0.121687 0.087983 0.060241
14 0.629828 0.627108 0.062232 0.056627
15 0.176502 0.543976 0.076180 0.083133
15 0.352468 0.758434 0.048283 0.085542
16 0.470494 0.280723 0.084764 0.050602
16 0.455472 0.736747 0.091202 0.044578
17 0.581009 0.951807 0.086910 0.045783
17 0.177039 0.726506 0.079399 0.067470
18 0.440451 0.512048 0.052575 0.077108
18 0.356223 0.250602 0.049356 0.060241
19 0.635730 0.578313 0.039700 0.074699
19 0.561159 0.573494 0.053648 0.038554
20 0.392704 0.659639 0.036481 0.059036
20 0.238734 0.650602 0.043991 0.062651
21 0.546674 0.822289 0.067597 0.046988
21 0.308476 0.433133 0.059013 0.051807
22 0.527897 0.465663 0.103004 0.075904