0 0.123130 0.592182 0.062140 0.206534
0 0.405639 0.717036 0.162255 0.087515
1 0.274453 0.630688 0.159954 0.122520
1 0.239931 0.420070 0.153049 0.158693
2 0.515535 0.554259 0.062140 0.163361
2 0.260069 0.558926 0.186421 0.095683
3 0.139816 0.741540 0.116226 0.071179
3 0.545455 0.642357 0.131185 0.061844
4 0.292865 0.858810 0.100115 0.081680
4 0.729574 0.917153 0.080552 0.091015
5 0.463176 0.621354 0.056387 0.148191
5 0.168009 0.300467 0.119678 0.075846
6 0.163406 0.816803 0.115075 0.102684
6 0.461450 0.584014 0.092060 0.066511
7 0.080552 0.813302 0.133487 0.046674
7 0.500575 0.759627 0.087457 0.058343
8 0.424626 0.378063 0.094361 0.060677
8 0.274453 0.690198 0.072497 0.059510
9 0.360759 0.802800 0.095512 0.070012
9 0.320483 0.375729 0.074799 0.088681
10 0.222670 0.896733 0.132336 0.047841
10 0.371116 0.927655 0.109321 0.058343
11 0.480437 0.906651 0.111623 0.060677
11 0.936133 0.662777 0.054085 0.100350
12 0.121979 0.399650 0.066743 0.117853
12 0.288838 0.322637 0.073648 0.061844
13 0.177791 0.599183 0.047181 0.096849
13 0.888377 0.337806 0.057537 0.071179
14 0.407365 0.613769 0.041427 0.084014
14 0.387802 0.729872 0.103567 0.061844
15 0.302647 0.719370 0.075949 0.064177
15 0.637514 0.420070 0.096663 0.044341
16 0.398734 0.957410 0.070196 0.064177
16 0.550058 0.802800 0.057537 0.070012
17 0.210012 0.500583 0.058688 0.058343
17 0.336594 0.381564 0.074799 0.035006
18 0.399885 0.883314 0.058688 0.042007
18 0.487342 0.857643 0.054085 0.049008
19 0.409091 0.754376 0.058688 0.052509
19 0.284810 0.951575 0.044879 0.073512
20 0.221519 0.798716 0.070196 0.038506
20 0.956847 0.029172 0.058688 0.039673
21 0.959148 0.817970 0.049482 0.060677
21 0.276180 0.687281 0.036824 0.074679
22 0.069620 0.601517 0.063291 0.117853
23 0.222670 0.360560 0.058688 0.039673