0 0.450085 0.470010 0.074450 0.116028
0 0.379019 0.377581 0.071066 0.157325
1 0.596024 0.303835 0.049915 0.151426
1 0.705584 0.629302 0.062606 0.149459
2 0.596447 0.688299 0.050761 0.137660
2 0.524112 0.294985 0.075296 0.098328
3 0.543570 0.142576 0.114213 0.057030
3 0.087563 0.580629 0.117597 0.071780
4 0.591794 0.887414 0.105753 0.054081
4 0.542724 0.670108 0.031303 0.118977
5 0.743655 0.886431 0.054146 0.122911
5 0.519882 0.941495 0.039763 0.115044
6 0.647208 0.731563 0.067682 0.086529
6 0.890863 0.580138 0.087986 0.055064
7 0.630288 0.116519 0.065990 0.093412
7 0.660745 0.374140 0.072758 0.059980
8 0.111675 0.614553 0.069374 0.086529
8 0.506345 0.480334 0.058376 0.065880
9 0.739425 0.245329 0.054146 0.083579
9 0.662860 0.320059 0.075296 0.052114
10 0.672166 0.484759 0.065144 0.064897
10 0.796108 0.263029 0.032149 0.085546
11 0.568105 0.274336 0.054992 0.080629
11 0.966159 0.579154 0.049069 0.098328
12 0.403553 0.503933 0.060914 0.044248
12 0.612098 0.340708 0.029611 0.097345
13 0.181895 0.814159 0.077834 0.058997
13 0.445008 0.288102 0.067682 0.049164
14 0.732657 0.045723 0.033841 0.089479
14 0.605753 0.439528 0.045685 0.062930
15 0.777919 0.278269 0.032995 0.068830
15 0.474619 0.176991 0.065990 0.035398
16 0.729272 0.503441 0.052453 0.041298
16 0.715736 0.390364 0.033841 0.064897
17 0.851523 0.116519 0.049915 0.056047
17 0.782149 0.360374 0.029611 0.061947
18 0.724619 0.466077 0.036379 0.047198
18 0.591371 0.843658 0.047377 0.037365
19 0.052876 0.939036 0.048223 0.060964
19 0.752961 0.309735 0.040609 0.033432
20 0.888325 0.715831 0.049069 0.062930
20 0.049915 0.767945 0.042301 0.058997
21 0.569797 0.328909 0.031303 0.046214
21 0.626481 0.309243 0.039763 0.030482
22 0.473773 0.723206 0.032149 0.105211
23 0.754653 0.117011 0.049069 0.049164