0 0.466499 0.213861 0.067002 0.150495
0 0.205193 0.900990 0.070352 0.134653
1 0.931742 0.623267 0.124791 0.119802
1 0.287688 0.660396 0.091290 0.091089
2 0.247069 0.638119 0.085427 0.078218
2 0.234506 0.790099 0.072027 0.106931
3 0.778476 0.580693 0.099665 0.052475
3 0.081240 0.867822 0.103853 0.038614
4 0.332496 0.660891 0.053601 0.098020
4 0.548576 0.711386 0.087102 0.032673
5 0.715243 0.405941 0.053601 0.114851
5 0.671273 0.951485 0.084590 0.059406
6 0.310720 0.365347 0.070352 0.087129
6 0.473199 0.882673 0.072027 0.064356
7 0.342965 0.931188 0.044389 0.098020
7 0.565745 0.174752 0.086265 0.038614
8 0.749581 0.218317 0.056951 0.096040
8 0.701424 0.327723 0.074539 0.071287
9 0.505444 0.824752 0.074539 0.045545
9 0.449330 0.230198 0.079564 0.036634
10 0.051926 0.747030 0.035176 0.098020
10 0.352596 0.050495 0.050251 0.089109
11 0.477387 0.527228 0.046901 0.074257
11 0.397822 0.858416 0.036851 0.087129
12 0.527219 0.314851 0.052764 0.055446
12 0.481156 0.388614 0.066164 0.048515
13 0.243300 0.955446 0.030988 0.081188
13 0.911642 0.565347 0.057789 0.057426
14 0.292295 0.550000 0.065327 0.036634
14 0.525126 0.520792 0.065327 0.033663
15 0.905779 0.523762 0.057789 0.049505
15 0.224037 0.509406 0.025963 0.068317
16 0.316164 0.238614 0.036013 0.065347
16 0.444724 0.649505 0.026801 0.065347
17 0.355528 0.617822 0.027638 0.053465
17 0.405360 0.610396 0.048576 0.032673
18 0.375209 0.670297 0.036851 0.045545
18 0.576633 0.788614 0.025963 0.056436
19 0.461474 0.754950 0.033501 0.048515
19 0.092546 0.898020 0.036013 0.053465
20 0.712312 0.508911 0.041039 0.033663
20 0.296064 0.751485 0.044389 0.037624
21 0.595477 0.914851 0.035176 0.043564
21 0.028894 0.949010 0.041039 0.042574
22 0.564489 0.965842 0.077052 0.068317
23 0.340452 0.263366 0.034338 0.045545