0 0.613514 0.292086 0.148649 0.141007
0 0.343243 0.247482 0.227027 0.187050
1 0.650676 0.771942 0.158108 0.128058
1 0.560811 0.384173 0.081081 0.218705
2 0.127703 0.474820 0.063514 0.212950
2 0.770270 0.497842 0.064865 0.198561
3 0.192568 0.686331 0.093243 0.126619
3 0.243919 0.847482 0.185135 0.074820
4 0.500000 0.110791 0.151351 0.129496
4 0.573649 0.929496 0.120270 0.100719
5 0.854730 0.737410 0.150000 0.084892
5 0.331081 0.675540 0.132432 0.116547
6 0.276351 0.216547 0.052703 0.159712
6 0.936486 0.570504 0.048649 0.179856
7 0.845946 0.393525 0.086486 0.133813
7 0.400676 0.317266 0.147297 0.050360
8 0.631081 0.650360 0.102703 0.100719
8 0.374324 0.480576 0.067568 0.120863
9 0.751351 0.212950 0.132432 0.083453
9 0.195946 0.315827 0.070270 0.128058
10 0.616892 0.475540 0.122973 0.076259
10 0.770270 0.415108 0.105405 0.113669
11 0.454730 0.256835 0.071622 0.105036
11 0.354730 0.260432 0.141892 0.051799
12 0.099324 0.607914 0.109459 0.070504
12 0.702703 0.122302 0.043243 0.123741
13 0.293243 0.653237 0.075676 0.086331
13 0.362162 0.649640 0.043243 0.102158
14 0.491892 0.530935 0.102703 0.048921
14 0.417568 0.670504 0.045946 0.123741
15 0.531757 0.072662 0.063514 0.096403
15 0.469595 0.480576 0.068919 0.060432
16 0.837162 0.520863 0.050000 0.094964
16 0.853378 0.658993 0.087838 0.054676
17 0.389865 0.849640 0.077027 0.070504
17 0.756081 0.640288 0.071622 0.054676
18 0.431757 0.384173 0.041892 0.071942
18 0.339865 0.200000 0.055405 0.057554
19 0.256081 0.561871 0.074324 0.056115
19 0.600676 0.746043 0.060811 0.076259
20 0.197297 0.767626 0.064865 0.053237
20 0.918919 0.436691 0.048649 0.056115
21 0.189865 0.474101 0.052703 0.058993
21 0.227027 0.458273 0.075676 0.050360
22 0.614189 0.843885 0.136486 0.087770
22 0.310811 0.756115 0.081081 0.107914