0 0.168615 0.128218 0.130396 0.068317
0 0.724820 0.957921 0.109712 0.066337
1 0.125450 0.106436 0.087230 0.103960
1 0.331835 0.628218 0.079137 0.082178
2 0.234712 0.193564 0.088129 0.090099
2 0.277878 0.317822 0.077338 0.063366
3 0.268885 0.727723 0.089928 0.027723
3 0.371853 0.626733 0.065647 0.071287
4 0.575540 0.669802 0.079137 0.070297
4 0.424460 0.452475 0.070144 0.073267
5 0.460881 0.569802 0.081835 0.054455
5 0.366906 0.550000 0.066547 0.054455
6 0.937500 0.648020 0.087230 0.042574
6 0.417266 0.868812 0.046763 0.078218
7 0.565198 0.520297 0.036871 0.076238
7 0.406924 0.785644 0.047662 0.050495
8 0.499101 0.745545 0.071942 0.033663
8 0.334083 0.615842 0.049460 0.057426
9 0.563849 0.233168 0.039568 0.090099
9 0.187500 0.142079 0.074640 0.032673
10 0.052158 0.034653 0.075540 0.059406
10 0.750450 0.459406 0.047662 0.053465
11 0.610162 0.339604 0.036871 0.083168
11 0.348022 0.580198 0.068345 0.025743
12 0.410072 0.511386 0.035971 0.072277
12 0.584083 0.503960 0.065647 0.027723
13 0.186151 0.173762 0.059353 0.056436
13 0.788669 0.760396 0.059353 0.041584
14 0.345773 0.704950 0.035072 0.053465
14 0.524281 0.349010 0.052158 0.046535
15 0.482014 0.632178 0.044964 0.040594
15 0.376799 0.769307 0.039568 0.043564
16 0.600270 0.742079 0.029676 0.058416
16 0.531475 0.519802 0.032374 0.053465
17 0.246853 0.336139 0.042266 0.046535
17 0.419065 0.259406 0.050360 0.033663
18 0.382644 0.890099 0.033273 0.035644
18 0.461781 0.564356 0.040468 0.027723
19 0.703687 0.756931 0.038669 0.034653
19 0.165018 0.108911 0.027878 0.047525
20 0.603417 0.517822 0.032374 0.025743
20 0.946493 0.538119 0.029676 0.046535
21 0.677158 0.754950 0.034173 0.038614
21 0.633993 0.489604 0.032374 0.018812
22 0.263040 0.692079 0.058453 0.069307
22 0.486061 0.519802 0.029676 0.083168