0 0.724660 0.655397 0.181543 0.169051
0 0.514372 0.256177 0.163389 0.078023
1 0.504539 0.096229 0.146747 0.140442
1 0.433434 0.708062 0.158850 0.133940
2 0.706505 0.431079 0.142209 0.120936
2 0.600605 0.411573 0.142209 0.097529
3 0.158094 0.708713 0.104387 0.148244
3 0.549168 0.135241 0.166415 0.166450
4 0.071104 0.340702 0.084720 0.145644
4 0.167927 0.312744 0.093797 0.128739
5 0.664145 0.145644 0.169440 0.091027
5 0.342663 0.667750 0.101362 0.107932
6 0.845688 0.575423 0.105900 0.136541
6 0.684569 0.435631 0.137670 0.096229
7 0.713313 0.500650 0.134644 0.085826
7 0.276853 0.603381 0.108926 0.080624
8 0.774584 0.907672 0.133132 0.070221
8 0.169440 0.721066 0.118003 0.100130
9 0.131619 0.277633 0.102874 0.120936
9 0.519667 0.594928 0.119516 0.087126
10 0.597579 0.314694 0.160363 0.059818
10 0.339637 0.389467 0.131619 0.081925
11 0.348714 0.595579 0.086233 0.096229
11 0.288956 0.156047 0.087746 0.096229
12 0.709531 0.949935 0.127080 0.084525
12 0.673979 0.765930 0.137670 0.044213
13 0.545386 0.198309 0.125567 0.055917
13 0.504539 0.325098 0.080182 0.059818
14 0.540091 0.851756 0.111952 0.075423
14 0.141452 0.373212 0.119516 0.057217
15 0.546142 0.793238 0.099849 0.062419
15 0.409985 0.445384 0.066566 0.089727
16 0.276853 0.486996 0.087746 0.066320
16 0.176248 0.262679 0.077156 0.088427
17 0.321483 0.548114 0.080182 0.061118
17 0.217852 0.371261 0.078669 0.048114
18 0.224660 0.278283 0.043873 0.072822
18 0.314675 0.412874 0.072617 0.050715
19 0.645991 0.353706 0.078669 0.039012
19 0.202723 0.659948 0.054463 0.061118
20 0.357035 0.451235 0.066566 0.046814
20 0.439486 0.674902 0.043873 0.054616
21 0.198941 0.410273 0.062027 0.050715
21 0.228442 0.717815 0.063540 0.054616
22 0.925870 0.656047 0.087746 0.144343
23 0.425113 0.353056 0.054463 0.053316