0 0.509146 0.515528 0.237805 0.180124
0 0.572409 0.126553 0.242378 0.119565
1 0.618902 0.588509 0.137195 0.204969
1 0.520579 0.243012 0.242378 0.066770
2 0.578506 0.132764 0.120427 0.197205
2 0.474085 0.453416 0.115854 0.158385
3 0.368902 0.121118 0.140244 0.124224
3 0.751524 0.715839 0.167683 0.118012
4 0.461890 0.180124 0.216463 0.068323
4 0.471799 0.333075 0.208841 0.110248
5 0.172256 0.325311 0.064024 0.187888
5 0.472561 0.660714 0.091463 0.144410
6 0.250762 0.564441 0.172256 0.057453
6 0.345274 0.840839 0.129573 0.156832
7 0.810976 0.670031 0.082317 0.128882
7 0.290396 0.399845 0.080793 0.100932
8 0.235518 0.944876 0.111280 0.069876
8 0.595274 0.597826 0.065549 0.152174
9 0.740854 0.312112 0.149390 0.108696
9 0.233232 0.752329 0.088415 0.094720
10 0.896341 0.722826 0.125000 0.122671
10 0.778963 0.606366 0.149390 0.072981
11 0.889482 0.569099 0.141768 0.097826
11 0.317835 0.276398 0.117378 0.074534
12 0.448171 0.781056 0.094512 0.090062
12 0.704268 0.725932 0.060976 0.116460
13 0.797256 0.506988 0.100610 0.097826
13 0.160823 0.638975 0.111280 0.063665
14 0.063262 0.212733 0.086890 0.096273
14 0.190549 0.448758 0.070122 0.108696
15 0.346037 0.574534 0.079268 0.080745
15 0.836890 0.419255 0.112805 0.071429
16 0.609756 0.395963 0.097561 0.083851
16 0.559451 0.304348 0.088415 0.090062
17 0.121189 0.182453 0.050305 0.104037
17 0.307165 0.637422 0.059451 0.079193
18 0.252287 0.437112 0.059451 0.063665
18 0.727896 0.405280 0.065549 0.065217
19 0.736280 0.263975 0.079268 0.074534
19 0.380335 0.075311 0.062500 0.076087
20 0.082317 0.727484 0.057927 0.063665
20 0.913872 0.848602 0.047256 0.066770
21 0.514482 0.488354 0.062500 0.063665
21 0.442835 0.645186 0.077744 0.041925
22 0.364329 0.802019 0.118902 0.100932
23 0.778963 0.261646 0.060976 0.069876