0 0.789837 0.641534 0.098374 0.251323
0 0.630081 0.636243 0.086179 0.211640
1 0.253252 0.589947 0.078862 0.232804
1 0.584146 0.668651 0.127642 0.146825
2 0.814634 0.470238 0.056911 0.157407
2 0.344715 0.419974 0.144715 0.064815
3 0.400813 0.488095 0.076423 0.174603
3 0.329675 0.221561 0.093496 0.128307
4 0.338618 0.829365 0.121138 0.052910
4 0.586585 0.701058 0.114634 0.113757
5 0.273577 0.589286 0.085366 0.125661
5 0.762602 0.500661 0.058537 0.165344
6 0.286585 0.251323 0.119512 0.076720
6 0.379268 0.166667 0.038211 0.179894
7 0.488618 0.432540 0.039024 0.150794
7 0.485772 0.166667 0.044715 0.174603
8 0.640244 0.513228 0.077236 0.079365
8 0.174390 0.617725 0.098374 0.063492
9 0.569919 0.375000 0.063415 0.123016
9 0.600813 0.080026 0.087805 0.096561
10 0.914228 0.464947 0.039837 0.154762
10 0.182520 0.309524 0.096748 0.074074
11 0.930081 0.553571 0.056911 0.130952
11 0.552033 0.786376 0.081301 0.072751
12 0.555691 0.482804 0.051220 0.121693
12 0.533333 0.291005 0.071545 0.063492
13 0.283740 0.710979 0.035772 0.130952
13 0.545528 0.637566 0.043902 0.119048
14 0.358537 0.744709 0.079675 0.063492
14 0.642276 0.480159 0.066667 0.071429
15 0.450813 0.453704 0.039837 0.097884
15 0.843902 0.654762 0.065041 0.052910
16 0.709350 0.554894 0.052846 0.093915
16 0.886992 0.589947 0.048780 0.092593
17 0.677642 0.506614 0.038211 0.084656
17 0.739024 0.488757 0.052033 0.048942
18 0.069106 0.765873 0.040650 0.103175
18 0.909756 0.748677 0.061789 0.047619
19 0.527236 0.416667 0.038211 0.079365
19 0.901626 0.329365 0.056911 0.052910
20 0.163821 0.914021 0.052846 0.068783
20 0.569512 0.320106 0.038211 0.060847
21 0.456098 0.533730 0.039024 0.072751
21 0.236992 0.310847 0.046341 0.058201
22 0.077236 0.593915 0.099187 0.108466