0 0.860534 0.425676 0.207715 0.106607
0 0.237389 0.206456 0.231454 0.082583
1 0.701780 0.777027 0.133531 0.139640
1 0.471810 0.828078 0.124629 0.205706
2 0.331602 0.527027 0.054896 0.180180
2 0.076409 0.467718 0.057864 0.202703
3 0.213650 0.394895 0.154303 0.138138
3 0.208457 0.195195 0.048961 0.186186
4 0.217359 0.502252 0.090504 0.136637
4 0.690653 0.820571 0.066766 0.178679
5 0.696588 0.501502 0.152819 0.117117
5 0.589763 0.400901 0.167656 0.060060
6 0.181751 0.612613 0.135015 0.093093
6 0.312315 0.691441 0.137982 0.070571
7 0.137982 0.674174 0.083086 0.126126
7 0.396142 0.808559 0.056380 0.115616
8 0.589021 0.802553 0.071217 0.130631
8 0.304896 0.222222 0.066766 0.132132
9 0.567507 0.587087 0.078635 0.129129
9 0.513353 0.213964 0.112760 0.106607
10 0.202522 0.864865 0.093472 0.135135
10 0.346439 0.845345 0.111276 0.120120
11 0.670623 0.801802 0.112760 0.078078
11 0.333828 0.268769 0.068249 0.126126
12 0.500000 0.921171 0.044510 0.118619
12 0.551929 0.280030 0.100890 0.055556
13 0.301187 0.065315 0.100890 0.073574
13 0.215134 0.683934 0.089021 0.088589
14 0.262611 0.763514 0.089021 0.076577
14 0.262611 0.271021 0.083086 0.052553
15 0.307864 0.671171 0.072700 0.078078
15 0.396142 0.560811 0.065282 0.085586
16 0.792285 0.563814 0.044510 0.103604
16 0.427300 0.458709 0.053412 0.085586
17 0.454748 0.391892 0.066766 0.072072
17 0.218843 0.392643 0.072700 0.061562
18 0.368694 0.343844 0.054896 0.075075
18 0.278932 0.590090 0.053412 0.060060
19 0.133531 0.376126 0.056380 0.070571
19 0.166914 0.482733 0.043027 0.076577
20 0.515579 0.478979 0.045994 0.069069
20 0.363501 0.618619 0.050445 0.063063
21 0.100148 0.263514 0.075668 0.052553
21 0.289318 0.897898 0.071217 0.057057
22 0.149110 0.139640 0.090504 0.117117
23 0.333828 0.418168 0.047478 0.064565