0 0.438022 0.481481 0.096100 0.198653
0 0.497214 0.671717 0.167131 0.178451
1 0.688022 0.377946 0.197772 0.116162
1 0.444290 0.916667 0.119777 0.112795
2 0.774373 0.467172 0.105850 0.149832
2 0.444290 0.077441 0.178273 0.121212
3 0.602368 0.455387 0.151811 0.132997
3 0.341922 0.658249 0.162953 0.144781
4 0.490251 0.644781 0.147632 0.181818
4 0.470752 0.303872 0.178273 0.058923
5 0.408078 0.703704 0.111421 0.144781
5 0.443593 0.533670 0.151811 0.144781
6 0.699861 0.190236 0.076602 0.195286
6 0.696379 0.647306 0.080780 0.173401
7 0.721448 0.165825 0.122563 0.095960
7 0.314067 0.805556 0.118384 0.143098
8 0.686630 0.672559 0.136490 0.069024
8 0.349582 0.551347 0.066852 0.163300
9 0.087047 0.497475 0.137883 0.089226
9 0.544568 0.178451 0.072423 0.148148
10 0.296657 0.154882 0.055710 0.185185
10 0.066156 0.556397 0.104457 0.092593
11 0.847493 0.230640 0.096100 0.144781
11 0.220056 0.648990 0.097493 0.085859
12 0.367688 0.510101 0.114206 0.094276
12 0.938022 0.352694 0.051532 0.136364
13 0.901811 0.410774 0.084958 0.080808
13 0.279944 0.418350 0.089136 0.085859
14 0.819638 0.337542 0.076602 0.126263
14 0.690808 0.409933 0.091922 0.112795
15 0.780641 0.203704 0.096100 0.074074
15 0.581476 0.140572 0.040390 0.129630
16 0.701253 0.131313 0.093315 0.080808
16 0.452646 0.108586 0.072423 0.106061
17 0.231894 0.151515 0.076602 0.077441
17 0.938022 0.501684 0.076602 0.090909
18 0.375348 0.261785 0.082173 0.062290
18 0.240251 0.510101 0.054318 0.104377
19 0.360724 0.395623 0.055710 0.084175
19 0.173398 0.522727 0.059889 0.085859
20 0.341226 0.913300 0.052925 0.085859
20 0.200557 0.439394 0.061281 0.074074
21 0.632312 0.210438 0.055710 0.080808
21 0.561281 0.306397 0.041783 0.101010
22 0.590529 0.622054 0.139276 0.052189