0 0.539604 0.775668 0.182461 0.195499
0 0.508487 0.774965 0.106082 0.188467
1 0.231966 0.670183 0.248939 0.088608
1 0.841584 0.479606 0.104668 0.247539
2 0.602546 0.736287 0.132956 0.127989
2 0.452617 0.141350 0.115983 0.167370
3 0.801980 0.640647 0.087694 0.142053
3 0.798444 0.569620 0.140028 0.205345
4 0.237624 0.777778 0.209335 0.112518
4 0.622348 0.628692 0.141443 0.182841
5 0.374823 0.456399 0.223479 0.139241
5 0.758840 0.288326 0.222065 0.090014
6 0.165488 0.451477 0.200849 0.075949
6 0.444837 0.824191 0.091938 0.095640
7 0.903819 0.478903 0.050919 0.198312
7 0.377652 0.322082 0.087694 0.171589
8 0.128006 0.521097 0.114569 0.108298
8 0.859264 0.289030 0.176803 0.097046
9 0.292786 0.523207 0.084866 0.151899
9 0.420792 0.468354 0.117397 0.064698
10 0.334512 0.763713 0.069307 0.140647
10 0.197313 0.254571 0.117397 0.129395
11 0.364215 0.585795 0.100424 0.172996
11 0.426450 0.739100 0.097595 0.119550
12 0.842291 0.720816 0.057992 0.119550
12 0.847949 0.517581 0.106082 0.109705
13 0.289958 0.151899 0.084866 0.135021
13 0.627298 0.584388 0.108911 0.097046
14 0.267327 0.604782 0.138614 0.084388
14 0.588402 0.109001 0.076379 0.119550
15 0.472419 0.139944 0.067893 0.119550
15 0.809760 0.351617 0.120226 0.045007
16 0.406648 0.341772 0.103253 0.112518
16 0.708628 0.532349 0.104668 0.082982
17 0.514144 0.945851 0.103253 0.077356
17 0.351485 0.289030 0.049505 0.111111
18 0.731259 0.381153 0.076379 0.064698
18 0.478076 0.297468 0.062235 0.077356
19 0.703678 0.680028 0.080622 0.054852
19 0.473833 0.240506 0.093352 0.047820
20 0.411598 0.544304 0.076379 0.070323
20 0.531117 0.675809 0.077793 0.040788
21 0.296322 0.298172 0.077793 0.064698
21 0.533239 0.100563 0.067893 0.077356
22 0.666902 0.568214 0.097595 0.180028
22 0.157001 0.385373 0.115983 0.112518