0 0.376797 0.793344 0.170431 0.159443
0 0.135524 0.651703 0.172485 0.157895
1 0.534908 0.353715 0.285421 0.103715
1 0.222793 0.650155 0.326489 0.151703
2 0.473306 0.938080 0.293634 0.095975
2 0.702259 0.453560 0.295688 0.068111
3 0.714579 0.273220 0.168378 0.147059
3 0.416838 0.191950 0.217659 0.108359
4 0.672485 0.396285 0.186858 0.102167
4 0.129363 0.236842 0.205339 0.111455
5 0.887064 0.630805 0.123203 0.181115
5 0.255647 0.846749 0.182752 0.105263
6 0.100616 0.130031 0.110883 0.145511
6 0.137577 0.263932 0.102669 0.153251
7 0.277207 0.172601 0.098563 0.131579
7 0.497947 0.606811 0.088296 0.130031
8 0.164271 0.773220 0.172485 0.097523
8 0.260780 0.294892 0.135524 0.122291
9 0.607803 0.264706 0.180698 0.077399
9 0.311088 0.478328 0.186858 0.046440
10 0.736140 0.773994 0.149897 0.114551
10 0.646817 0.708204 0.180698 0.051084
11 0.561602 0.617647 0.145791 0.102167
11 0.618070 0.841331 0.188912 0.057276
12 0.625257 0.598297 0.137577 0.088235
12 0.836756 0.589009 0.063655 0.128483
13 0.243326 0.637771 0.084189 0.111455
13 0.160164 0.436533 0.086242 0.114551
14 0.720739 0.537152 0.151951 0.049536
14 0.244353 0.428019 0.110883 0.091331
15 0.386037 0.734520 0.069815 0.091331
15 0.781314 0.713622 0.117043 0.077399
16 0.609856 0.211300 0.069815 0.106811
16 0.642710 0.880031 0.127310 0.066563
17 0.325462 0.549536 0.092402 0.077399
17 0.669405 0.571981 0.102669 0.072755
18 0.261807 0.348297 0.096509 0.055728
18 0.596509 0.681115 0.100616 0.049536
19 0.261807 0.075077 0.063655 0.088235
19 0.728953 0.486068 0.102669 0.055728
20 0.320329 0.380805 0.090349 0.052632
20 0.299795 0.587461 0.082136 0.047988
21 0.581109 0.304954 0.069815 0.065015
21 0.317248 0.630805 0.088296 0.060372
22 0.693018 0.263932 0.117043 0.156347
23 0.226899 0.513158 0.104723 0.057276