0 0.506154 0.759106 0.212308 0.230132
0 0.482308 0.905629 0.140000 0.132450
1 0.203077 0.609272 0.169231 0.125828
1 0.489231 0.280629 0.172308 0.091060
2 0.535385 0.553808 0.101538 0.223510
2 0.298462 0.830298 0.212308 0.091060
3 0.235385 0.254967 0.070769 0.205298
3 0.750000 0.364238 0.216923 0.052980
4 0.433077 0.225166 0.155385 0.178808
4 0.696923 0.609272 0.153846 0.109272
5 0.123077 0.514901 0.150769 0.112583
5 0.276154 0.484272 0.167692 0.087748
6 0.118462 0.433775 0.153846 0.092715
6 0.477692 0.163907 0.078462 0.185430
7 0.683077 0.139901 0.129231 0.127483
7 0.655385 0.515728 0.150769 0.051325
8 0.877692 0.549669 0.118462 0.119205
8 0.296154 0.692881 0.158462 0.048013
9 0.279231 0.108444 0.124615 0.117550
9 0.110769 0.563742 0.052308 0.150662
10 0.347692 0.423841 0.107692 0.122517
10 0.206154 0.148179 0.076923 0.167219
11 0.146154 0.323675 0.092308 0.100993
11 0.634615 0.778974 0.053846 0.137417
12 0.553846 0.841887 0.070769 0.117550
12 0.281538 0.317881 0.070769 0.125828
13 0.425385 0.704470 0.103077 0.077815
13 0.315385 0.706126 0.049231 0.124172
14 0.202308 0.748344 0.093846 0.112583
14 0.584615 0.810430 0.070769 0.114238
15 0.276154 0.207781 0.056923 0.100993
15 0.389231 0.477649 0.064615 0.104305
16 0.572308 0.592715 0.055385 0.099338
16 0.620000 0.275662 0.046154 0.107616
17 0.386154 0.103477 0.049231 0.104305
17 0.693846 0.231788 0.073846 0.059603
18 0.342308 0.256623 0.066154 0.079470
18 0.502308 0.447848 0.078462 0.054636
19 0.572308 0.185430 0.052308 0.076159
19 0.498462 0.592715 0.080000 0.046358
20 0.385385 0.663907 0.063077 0.052980
20 0.531538 0.681291 0.060000 0.044702
21 0.449231 0.572848 0.061538 0.056291
21 0.614615 0.793046 0.041538 0.086093
22 0.827692 0.476821 0.147692 0.076159
22 0.496923 0.343543 0.153846 0.054636