0 0.733122 0.471429 0.099156 0.265934
0 0.562236 0.812088 0.204641 0.235165
1 0.509494 0.431868 0.255274 0.142857
1 0.372363 0.764835 0.259494 0.202198
2 0.560127 0.736264 0.200422 0.193407
2 0.329114 0.737363 0.109705 0.138462
3 0.677215 0.853846 0.113924 0.257143
3 0.837553 0.303297 0.126582 0.180220
4 0.645570 0.387912 0.109705 0.195604
4 0.780591 0.683516 0.198312 0.109890
5 0.135021 0.352747 0.206751 0.112088
5 0.324895 0.179121 0.177215 0.195604
6 0.544304 0.331868 0.185654 0.101099
6 0.890295 0.443956 0.101266 0.118681
7 0.751055 0.314286 0.101266 0.162637
7 0.175105 0.262637 0.177215 0.125275
8 0.542194 0.643956 0.172996 0.109890
8 0.382911 0.609890 0.179325 0.094505
9 0.271097 0.472527 0.128692 0.105495
9 0.893460 0.552747 0.154008 0.098901
10 0.512658 0.171429 0.092827 0.175824
10 0.318565 0.237363 0.118143 0.123077
11 0.196203 0.408791 0.160338 0.123077
11 0.226793 0.235165 0.107595 0.162637
12 0.322785 0.307692 0.113924 0.123077
12 0.421941 0.535165 0.139241 0.098901
13 0.626582 0.502198 0.139241 0.072527
13 0.687764 0.554945 0.075949 0.094505
14 0.617089 0.123077 0.099156 0.096703
14 0.460970 0.754945 0.120253 0.072527
15 0.609705 0.197802 0.122363 0.070330
15 0.549578 0.132967 0.069620 0.094505
16 0.207806 0.504396 0.061181 0.138462
16 0.150844 0.585714 0.103376 0.090110
17 0.542194 0.403297 0.075949 0.116484
17 0.433544 0.234066 0.073840 0.085714
18 0.434599 0.086813 0.084388 0.076923
18 0.472574 0.165934 0.067511 0.068132
19 0.609705 0.284615 0.075949 0.072527
19 0.297468 0.490110 0.075949 0.087912
20 0.585443 0.720879 0.073840 0.074725
20 0.652954 0.238462 0.065401 0.072527
21 0.484177 0.216484 0.069620 0.076923
21 0.604430 0.793407 0.073840 0.074725
22 0.413502 0.332967 0.160338 0.125275