0 0.582682 0.238045 0.068156 0.159405
0 0.533520 0.512752 0.106145 0.141339
1 0.612849 0.865037 0.068156 0.133900
1 0.565922 0.807120 0.092737 0.086079
2 0.120670 0.524973 0.134078 0.110521
2 0.098324 0.362380 0.131844 0.140276
3 0.417318 0.916047 0.166480 0.104145
3 0.478212 0.319872 0.044693 0.176408
4 0.302235 0.436238 0.137430 0.113709
4 0.648603 0.200850 0.074860 0.093518
5 0.918994 0.232200 0.101676 0.122210
5 0.589944 0.645058 0.125140 0.078640
6 0.768156 0.315622 0.086034 0.119022
6 0.553073 0.739639 0.098324 0.072264
7 0.072626 0.361318 0.096089 0.106270
7 0.520670 0.546759 0.091620 0.073326
8 0.905028 0.404357 0.093855 0.058448
8 0.449721 0.930925 0.052514 0.108395
9 0.560894 0.395324 0.107263 0.057386
9 0.878771 0.428268 0.101676 0.099894
10 0.692737 0.532412 0.082682 0.091392
10 0.579888 0.107333 0.071508 0.070138
11 0.762570 0.088204 0.112849 0.046759
11 0.506145 0.750266 0.046927 0.108395
12 0.581564 0.529756 0.070391 0.086079
12 0.349162 0.824123 0.034637 0.107333
13 0.453073 0.671095 0.041341 0.098831
13 0.510615 0.841126 0.051397 0.090329
14 0.782123 0.043039 0.093855 0.062699
14 0.390503 0.777365 0.054749 0.083953
15 0.526257 0.325717 0.058101 0.075452
15 0.526816 0.259830 0.088268 0.039320
16 0.228492 0.469713 0.043575 0.091392
16 0.442458 0.816153 0.037989 0.089267
17 0.746927 0.313496 0.063687 0.053135
17 0.566480 0.792774 0.049162 0.044633
18 0.124022 0.210946 0.062570 0.064825
18 0.322905 0.812965 0.040223 0.068013
19 0.337989 0.675345 0.050279 0.069075
19 0.594413 0.334750 0.064804 0.040383
20 0.532961 0.623804 0.058101 0.029756
20 0.442458 0.749203 0.037989 0.059511
21 0.327374 0.281084 0.069274 0.039320
21 0.958101 0.084485 0.048045 0.069075
22 0.617877 0.142933 0.075978 0.124336
23 0.551397 0.641339 0.068156 0.041445
23 0.631844 0.768332 0.054749 0.029756