0 0.551769 0.632117 0.115334 0.192701
0 0.363696 0.878832 0.174312 0.087591
1 0.420708 0.395620 0.123198 0.207299
1 0.123198 0.356204 0.173001 0.148905
2 0.547837 0.501460 0.131062 0.150365
2 0.594364 0.393431 0.190039 0.059854
3 0.400393 0.774453 0.145478 0.091971
3 0.085190 0.546715 0.131062 0.115328
4 0.192661 0.632847 0.144168 0.089051
4 0.591088 0.654745 0.068152 0.124088
5 0.311927 0.913139 0.083879 0.106569
5 0.127785 0.780292 0.114024 0.138686
6 0.325033 0.818248 0.076016 0.112409
6 0.245085 0.326277 0.136304 0.059854
7 0.404980 0.447445 0.102228 0.056934
7 0.350590 0.627737 0.043250 0.131387
8 0.452163 0.680292 0.102228 0.093431
8 0.121232 0.732847 0.082569 0.087591
9 0.290957 0.613869 0.068152 0.091971
9 0.125819 0.766423 0.076016 0.102190
10 0.228047 0.675912 0.104849 0.070073
10 0.189384 0.534307 0.093054 0.061314
11 0.456094 0.857664 0.062910 0.121168
11 0.546527 0.710219 0.041940 0.127007
12 0.180210 0.897810 0.095675 0.084672
12 0.436435 0.689051 0.055046 0.108029
13 0.964613 0.490511 0.052425 0.113869
13 0.250983 0.830657 0.058978 0.096350
14 0.473788 0.759124 0.090433 0.055474
14 0.129096 0.671533 0.069463 0.072993
15 0.604194 0.483212 0.073394 0.093431
15 0.432503 0.505109 0.047182 0.078832
16 0.360419 0.937226 0.044561 0.093431
16 0.355832 0.607299 0.077326 0.043796
17 0.431193 0.570073 0.073394 0.048175
17 0.798820 0.040876 0.079948 0.052555
18 0.248362 0.633577 0.058978 0.046715
18 0.351900 0.535766 0.058978 0.049635
19 0.308650 0.593431 0.043250 0.059854
19 0.241153 0.584672 0.047182 0.059854
20 0.393185 0.512409 0.052425 0.052555
20 0.512451 0.794891 0.055046 0.059854
21 0.271953 0.443796 0.053735 0.058394
21 0.356488 0.486861 0.047182 0.062774
22 0.241809 0.382482 0.132372 0.046715
22 0.124509 0.398540 0.083879 0.102190