0 0.535409 0.655013 0.091575 0.112137
0 0.573871 0.209103 0.207570 0.064644
1 0.457875 0.703166 0.087912 0.137203
1 0.600733 0.315303 0.117216 0.110818
2 0.615385 0.569921 0.080586 0.179420
2 0.588523 0.532982 0.126984 0.100264
3 0.893162 0.199868 0.076923 0.109499
3 0.189866 0.900396 0.098901 0.149077
4 0.739927 0.472296 0.090354 0.145119
4 0.338217 0.235488 0.124542 0.080475
5 0.410867 0.227573 0.069597 0.120053
5 0.631258 0.247361 0.122100 0.048813
6 0.672772 0.676121 0.056166 0.127968
6 0.584860 0.484169 0.073260 0.121372
7 0.556166 0.619393 0.067155 0.098945
7 0.615385 0.292876 0.097680 0.071240
8 0.908425 0.106201 0.073260 0.104222
8 0.764347 0.181398 0.107448 0.046174
9 0.437118 0.364116 0.078144 0.060686
9 0.533578 0.420185 0.105006 0.083113
10 0.612943 0.157652 0.070818 0.059367
10 0.616606 0.613456 0.097680 0.050132
11 0.532357 0.782982 0.075702 0.117414
11 0.844933 0.297493 0.056166 0.120053
12 0.442002 0.750660 0.056166 0.094987
12 0.940781 0.598945 0.074481 0.058047
13 0.637363 0.490765 0.063492 0.081794
13 0.714286 0.664248 0.095238 0.046174
14 0.810745 0.362797 0.080586 0.050132
14 0.686203 0.530343 0.070818 0.089710
15 0.244200 0.403034 0.073260 0.056728
15 0.504274 0.169525 0.075702 0.043536
16 0.788767 0.393799 0.065934 0.067282
16 0.763736 0.748681 0.079365 0.072559
17 0.592796 0.381926 0.052503 0.056728
17 0.866911 0.769129 0.051282 0.087071
18 0.796703 0.479551 0.054945 0.056728
18 0.045788 0.766491 0.042735 0.071240
19 0.291209 0.759894 0.037851 0.073879
19 0.244200 0.436675 0.039072 0.050132
20 0.780830 0.321240 0.037851 0.062005
20 0.460317 0.279024 0.036630 0.064644
21 0.821734 0.591029 0.046398 0.050132
21 0.244200 0.436675 0.039072 0.050132
22 0.730769 0.532322 0.076923 0.114776
23 0.531746 0.452507 0.035409 0.052770