0 0.297988 0.476151 0.199690 0.228618
0 0.417183 0.402138 0.063467 0.347039
1 0.840557 0.692434 0.139319 0.154605
1 0.691176 0.240954 0.273994 0.093750
2 0.808050 0.530428 0.164087 0.179276
2 0.510062 0.433388 0.184211 0.123355
3 0.629257 0.643914 0.165635 0.152961
3 0.463622 0.743421 0.100619 0.213816
4 0.345975 0.594572 0.082043 0.235197
4 0.113777 0.514803 0.085139 0.226974
5 0.161765 0.647204 0.085139 0.238487
5 0.335913 0.304276 0.151703 0.125000
6 0.685759 0.406250 0.086687 0.197368
6 0.833591 0.901316 0.181115 0.138158
7 0.354489 0.272204 0.068111 0.162829
7 0.385449 0.449013 0.145511 0.072368
8 0.119969 0.379112 0.165635 0.087171
8 0.705882 0.381579 0.130031 0.154605
9 0.480650 0.848684 0.143963 0.115132
9 0.486068 0.088816 0.071207 0.151316
10 0.831269 0.214638 0.136223 0.080592
10 0.901703 0.430099 0.150155 0.097039
11 0.465944 0.249178 0.055728 0.159539
11 0.801084 0.317434 0.109907 0.098684
12 0.693498 0.916118 0.123839 0.115132
12 0.633127 0.316612 0.136223 0.080592
13 0.688080 0.814145 0.131579 0.085526
13 0.436533 0.359375 0.130031 0.074013
14 0.708978 0.662829 0.117647 0.098684
14 0.495356 0.745066 0.111455 0.075658
15 0.905573 0.527961 0.058824 0.111842
15 0.602167 0.682566 0.105263 0.069079
16 0.188854 0.447368 0.080495 0.111842
16 0.801858 0.610197 0.099071 0.092105
17 0.387771 0.620066 0.066563 0.088816
17 0.655573 0.878289 0.103715 0.055921
18 0.485294 0.546053 0.072755 0.082237
18 0.777090 0.526316 0.074303 0.075658
19 0.353715 0.523849 0.088235 0.057566
19 0.092105 0.329770 0.085139 0.080592
20 0.470588 0.902961 0.077399 0.075658
20 0.506966 0.312500 0.066563 0.075658
21 0.551858 0.558388 0.085139 0.064145
21 0.715170 0.298520 0.083591 0.047697
22 0.764706 0.396382 0.173375 0.088816
22 0.281734 0.729441 0.095975 0.179276
23 0.431115 0.929276 0.078947 0.075658