0 0.604669 0.653251 0.200301 0.095975
0 0.789157 0.501548 0.081325 0.191950
1 0.578313 0.287926 0.177711 0.080495
1 0.704066 0.229876 0.131024 0.171827
2 0.746988 0.771672 0.102410 0.159443
2 0.229669 0.131579 0.134036 0.111455
3 0.532380 0.441176 0.049699 0.157895
3 0.297440 0.585913 0.137048 0.103715
4 0.563253 0.199690 0.120482 0.099071
4 0.171687 0.291796 0.048193 0.143963
5 0.448042 0.133127 0.106928 0.095975
5 0.097139 0.396285 0.112952 0.117647
6 0.349398 0.229876 0.120482 0.085139
6 0.709337 0.215170 0.063253 0.139319
7 0.527108 0.859133 0.126506 0.049536
7 0.182229 0.505418 0.042169 0.119195
8 0.225151 0.367647 0.115964 0.044892
8 0.460843 0.765480 0.114458 0.041796
9 0.916416 0.379257 0.064759 0.123839
9 0.606175 0.513158 0.100904 0.097523
10 0.826807 0.298762 0.123494 0.043344
10 0.232681 0.416409 0.076807 0.074303
11 0.097892 0.456656 0.105422 0.077399
11 0.839608 0.204334 0.115964 0.058824
12 0.365964 0.621517 0.063253 0.088235
12 0.450301 0.764706 0.042169 0.111455
13 0.137048 0.718266 0.063253 0.099071
13 0.133283 0.635449 0.046687 0.091331
14 0.545181 0.744582 0.099398 0.046440
14 0.856175 0.440402 0.067771 0.088235
15 0.515813 0.794118 0.079819 0.061920
15 0.263554 0.246130 0.045181 0.086687
16 0.766566 0.356811 0.072289 0.072755
16 0.332831 0.379257 0.042169 0.086687
17 0.531627 0.900155 0.078313 0.038700
17 0.783886 0.220588 0.061747 0.072755
18 0.750000 0.462074 0.066265 0.057276
18 0.582831 0.368421 0.063253 0.052632
19 0.210843 0.208204 0.042169 0.069659
19 0.317771 0.145511 0.033133 0.065015
20 0.174699 0.827399 0.054217 0.054180
20 0.201807 0.289474 0.042169 0.052632
21 0.612952 0.939628 0.072289 0.049536
21 0.358434 0.256192 0.048193 0.060372
22 0.414157 0.130031 0.111446 0.095975
23 0.704066 0.702786 0.055723 0.046440