0 0.605422 0.650155 0.204819 0.105263
0 0.787651 0.503096 0.087349 0.201238
1 0.704819 0.228328 0.135542 0.178019
1 0.579066 0.285604 0.185241 0.085139
2 0.746235 0.770898 0.106928 0.173375
2 0.228916 0.130805 0.144578 0.116099
3 0.528614 0.444272 0.054217 0.157895
3 0.296687 0.584365 0.141566 0.103715
4 0.564759 0.199690 0.126506 0.108359
4 0.171687 0.291022 0.048193 0.145511
5 0.096386 0.397059 0.117470 0.122291
5 0.448795 0.133901 0.114458 0.100619
6 0.710090 0.215170 0.064759 0.139319
6 0.350151 0.228328 0.121988 0.085139
7 0.527861 0.858359 0.131024 0.057276
7 0.182982 0.505418 0.049699 0.122291
8 0.225151 0.367647 0.121988 0.051084
8 0.460090 0.765480 0.121988 0.038700
9 0.602410 0.510836 0.099398 0.099071
9 0.918675 0.379257 0.072289 0.133127
10 0.829066 0.297988 0.121988 0.047988
10 0.234187 0.417957 0.079819 0.080495
11 0.841114 0.205108 0.121988 0.063467
11 0.097139 0.458204 0.106928 0.080495
12 0.450301 0.762384 0.048193 0.119195
12 0.366717 0.620743 0.064759 0.095975
13 0.138554 0.720588 0.066265 0.097523
13 0.132530 0.630031 0.057229 0.095975
14 0.853916 0.436533 0.072289 0.092879
14 0.547440 0.745356 0.100904 0.051084
15 0.518825 0.792570 0.076807 0.061920
15 0.263554 0.246130 0.054217 0.089783
16 0.767319 0.355263 0.073795 0.075851
16 0.334337 0.380805 0.048193 0.092879
17 0.530120 0.899381 0.084337 0.046440
17 0.781627 0.219814 0.066265 0.074303
18 0.748494 0.463622 0.066265 0.063467
18 0.581325 0.366873 0.066265 0.058824
19 0.210843 0.207430 0.045181 0.071207
19 0.316265 0.143963 0.042169 0.074303
20 0.203313 0.290248 0.045181 0.051084
20 0.173946 0.826625 0.073795 0.061920
21 0.357681 0.254644 0.052711 0.063467
21 0.613705 0.939628 0.073795 0.061920
22 0.411145 0.128483 0.114458 0.099071
23 0.702560 0.705108 0.058735 0.047988