0 0.184178 0.312224 0.118665 0.235641
0 0.434487 0.734168 0.174289 0.160530
1 0.357231 0.239323 0.086527 0.219440
1 0.176761 0.683358 0.150803 0.144330
2 0.525958 0.433726 0.107540 0.122239
2 0.576638 0.248895 0.134734 0.156112
3 0.720643 0.745950 0.081582 0.207658
3 0.568603 0.765832 0.066749 0.179676
4 0.233004 0.360088 0.097651 0.157585
4 0.496292 0.146539 0.166873 0.057437
5 0.375155 0.817378 0.152040 0.088365
5 0.587145 0.335788 0.138443 0.132548
6 0.419654 0.515464 0.085290 0.082474
6 0.515451 0.727541 0.061805 0.162003
7 0.169345 0.547865 0.081582 0.085420
7 0.707046 0.392489 0.088999 0.095729
8 0.393696 0.594256 0.107540 0.069219
8 0.710136 0.466127 0.122373 0.066274
9 0.571075 0.736377 0.113721 0.061856
9 0.320148 0.130339 0.133498 0.051546
10 0.865266 0.334315 0.086527 0.114875
10 0.645241 0.363034 0.116193 0.066274
11 0.618047 0.796024 0.046972 0.131075
11 0.346724 0.421944 0.065513 0.125184
12 0.844252 0.688513 0.093943 0.098675
12 0.501236 0.900589 0.060569 0.107511
13 0.320148 0.549337 0.066749 0.091311
13 0.394314 0.335788 0.064277 0.103093
14 0.311496 0.397644 0.044499 0.111929
14 0.376391 0.902798 0.058096 0.091311
15 0.173671 0.274669 0.067985 0.089838
15 0.677998 0.672312 0.095179 0.039764
16 0.622373 0.373343 0.053152 0.104566
16 0.597033 0.438144 0.051916 0.086892
17 0.272559 0.472754 0.075402 0.041237
17 0.325093 0.872607 0.074166 0.060383
18 0.132262 0.470545 0.084054 0.057437
18 0.244129 0.684094 0.043263 0.075110
19 0.076020 0.413844 0.063041 0.070692
19 0.347960 0.508837 0.060569 0.066274
20 0.471570 0.950663 0.060569 0.036819
20 0.440049 0.909426 0.056860 0.042710
21 0.347342 0.835788 0.061805 0.057437
21 0.489493 0.368189 0.032138 0.067747
22 0.480222 0.457290 0.112485 0.081001
23 0.117429 0.371870 0.042027 0.075110