0 0.505435 0.561856 0.126812 0.213058
0 0.278080 0.421821 0.204710 0.176976
1 0.332428 0.616838 0.117754 0.192440
1 0.778080 0.411512 0.161232 0.128866
2 0.688406 0.287801 0.130435 0.159794
2 0.384964 0.480241 0.146739 0.139175
3 0.528986 0.231100 0.173913 0.101375
3 0.898551 0.425258 0.072464 0.173540
4 0.624094 0.296392 0.157609 0.067010
4 0.660326 0.405498 0.135870 0.079038
5 0.261775 0.192440 0.143116 0.127148
5 0.586051 0.128007 0.132246 0.139175
6 0.134058 0.388316 0.130435 0.113402
6 0.415761 0.827320 0.063406 0.146048
7 0.671196 0.624570 0.106884 0.104811
7 0.479167 0.695017 0.128623 0.067010
8 0.190217 0.378866 0.083333 0.125430
8 0.527174 0.425258 0.123188 0.063574
9 0.234601 0.522337 0.128623 0.092784
9 0.388587 0.095361 0.096014 0.125430
10 0.344203 0.803265 0.108696 0.125430
10 0.474638 0.300687 0.134058 0.054983
11 0.782609 0.531787 0.072464 0.108247
11 0.533514 0.179553 0.077899 0.111684
12 0.626812 0.610825 0.090580 0.097938
12 0.252717 0.795533 0.110507 0.079038
13 0.111413 0.448454 0.110507 0.065292
13 0.145833 0.603093 0.063406 0.103093
14 0.733696 0.527491 0.123188 0.051546
14 0.522645 0.767182 0.096014 0.091065
15 0.257246 0.670962 0.097826 0.077320
15 0.233696 0.266323 0.105072 0.054983
16 0.605978 0.475086 0.103261 0.049828
16 0.460145 0.557560 0.094203 0.049828
17 0.371377 0.591065 0.050725 0.085911
17 0.351449 0.444158 0.061594 0.077320
18 0.119565 0.524055 0.076087 0.075601
18 0.297101 0.719931 0.079710 0.058419
19 0.567029 0.564433 0.079710 0.053265
19 0.189312 0.680412 0.074275 0.072165
20 0.431159 0.618557 0.072464 0.054983
20 0.310688 0.852234 0.074275 0.051546
21 0.429348 0.114261 0.083333 0.067010
21 0.490036 0.928694 0.085145 0.049828
22 0.481884 0.358247 0.148551 0.049828
23 0.261775 0.567869 0.067029 0.063574