0 0.622059 0.507812 0.073529 0.105469
0 0.087868 0.151367 0.119853 0.109375
1 0.572059 0.752441 0.086765 0.122070
1 0.156618 0.231445 0.077941 0.117188
2 0.228309 0.270020 0.061029 0.084961
2 0.763603 0.166504 0.055147 0.147461
3 0.240809 0.651855 0.084559 0.069336
3 0.168015 0.698242 0.074265 0.083984
4 0.465809 0.376465 0.071324 0.086914
4 0.766912 0.160645 0.070588 0.098633
5 0.822794 0.702637 0.057353 0.102539
5 0.166176 0.242676 0.079412 0.092773
6 0.723897 0.680664 0.061029 0.080078
6 0.722794 0.482422 0.058824 0.111328
7 0.876471 0.371094 0.063235 0.060547
7 0.640809 0.156738 0.037500 0.114258
8 0.058824 0.622070 0.080882 0.060547
8 0.561765 0.155762 0.030882 0.094727
9 0.791912 0.870605 0.073529 0.065430
9 0.897059 0.417969 0.069118 0.080078
10 0.161397 0.473145 0.033088 0.096680
10 0.563971 0.789062 0.041176 0.074219
11 0.087868 0.334473 0.052206 0.069336
11 0.657353 0.579590 0.064706 0.049805
12 0.851103 0.766602 0.055147 0.070312
12 0.438603 0.177734 0.037500 0.099609
13 0.233824 0.708984 0.058824 0.054688
13 0.051471 0.678711 0.054412 0.056641
14 0.069118 0.279785 0.050000 0.075195
14 0.558088 0.509277 0.064706 0.040039
15 0.308824 0.542969 0.033824 0.068359
15 0.212132 0.503906 0.043382 0.050781
16 0.284926 0.598633 0.038971 0.062500
16 0.377574 0.524902 0.028676 0.084961
17 0.427941 0.651367 0.045588 0.064453
17 0.173529 0.417969 0.039706 0.060547
18 0.033456 0.291504 0.036029 0.061523
18 0.293015 0.665527 0.025735 0.055664
19 0.040074 0.572754 0.044853 0.063477
19 0.170221 0.119629 0.040441 0.047852
20 0.104779 0.367676 0.028676 0.043945
20 0.923529 0.917480 0.054412 0.043945
21 0.519485 0.674805 0.040441 0.046875
21 0.261397 0.217285 0.033088 0.051758
22 0.611397 0.618164 0.052206 0.080078
23 0.957721 0.555664 0.046324 0.062500