0 0.581979 0.331818 0.096012 0.104545
0 0.590842 0.130682 0.063516 0.106818
1 0.515510 0.159091 0.069424 0.154545
1 0.633678 0.295455 0.064993 0.102273
2 0.683161 0.689773 0.041359 0.147727
2 0.640694 0.108523 0.037666 0.144318
3 0.916544 0.196591 0.048744 0.147727
3 0.667282 0.273295 0.076071 0.062500
4 0.687592 0.412500 0.063516 0.090909
4 0.461595 0.524432 0.070901 0.101136
5 0.059823 0.794318 0.093058 0.097727
5 0.605613 0.405682 0.063516 0.063636
6 0.734860 0.404545 0.029542 0.102273
6 0.484490 0.281818 0.051699 0.097727
7 0.841950 0.328409 0.033973 0.100000
7 0.644018 0.428409 0.056130 0.070455
8 0.545790 0.316477 0.063516 0.035227
8 0.214180 0.358523 0.069424 0.062500
9 0.425037 0.226705 0.062777 0.087500
9 0.512555 0.091477 0.060561 0.080682
10 0.584195 0.069318 0.066470 0.043182
10 0.814993 0.092614 0.052437 0.103409
11 0.615583 0.741477 0.071640 0.051136
11 0.806499 0.401705 0.048744 0.082955
12 0.783973 0.574432 0.068685 0.039773
12 0.424298 0.544886 0.045052 0.071591
13 0.722304 0.180682 0.053176 0.047727
13 0.666913 0.368750 0.054653 0.028409
14 0.574594 0.502841 0.035451 0.082955
14 0.549483 0.207955 0.048744 0.040909
15 0.754062 0.364205 0.026588 0.071591
15 0.696455 0.420455 0.033973 0.056818
16 0.776219 0.360227 0.022157 0.068182
16 0.220089 0.419318 0.056130 0.038636
17 0.161743 0.399432 0.031019 0.085227
17 0.744092 0.235795 0.016987 0.062500
18 0.671713 0.365341 0.016987 0.060227
18 0.594904 0.655682 0.040620 0.031818
19 0.586780 0.688636 0.039143 0.038636
19 0.775480 0.264205 0.032496 0.055682
20 0.765510 0.210227 0.033235 0.036364
20 0.561669 0.273864 0.031758 0.040909
21 0.637371 0.639205 0.041359 0.039773
21 0.589365 0.626705 0.033973 0.035227
22 0.814993 0.111932 0.061300 0.089773
22 0.706425 0.319318 0.049483 0.084091