0 0.315994 0.396333 0.035714 0.087447
0 0.357143 0.379408 0.059006 0.064880
0 0.376553 0.397038 0.054348 0.055007
0 0.439441 0.408322 0.071429 0.100141
0 0.473602 0.487306 0.049689 0.063470
0 0.142857 0.600846 0.074534 0.036671
0 0.165373 0.897038 0.097826 0.076164
0 0.378106 0.813822 0.076087 0.064880
0 0.404503 0.579690 0.085404 0.087447
0 0.438665 0.590973 0.178571 0.064880
0 0.517081 0.430889 0.105590 0.038082
0 0.546584 0.363188 0.096273 0.111425
0 0.503106 0.329337 0.086957 0.125529
0 0.501553 0.279267 0.136646 0.118477
0 0.569099 0.253173 0.159938 0.122708
0 0.597826 0.200987 0.108696 0.055007
0 0.389752 0.179831 0.080745 0.043724
0 0.501553 0.086037 0.142857 0.064880
0 0.686335 0.110719 0.149068 0.055007
0 0.409938 0.254584 0.062112 0.088858
0 0.258540 0.277151 0.082298 0.136812
0 0.246118 0.401975 0.110248 0.132581
0 0.086180 0.437236 0.116460 0.172073
0 0.117236 0.526798 0.035714 0.080395
0 0.184006 0.533850 0.088509 0.049365
0 0.219720 0.631171 0.057453 0.238364
0 0.288820 0.549365 0.077640 0.074753
0 0.298913 0.717913 0.045031 0.132581
0 0.598602 0.483075 0.091615 0.091678
0 0.775621 0.574753 0.097826 0.046544
0 0.575311 0.651622 0.119565 0.053597
0 0.520186 0.697461 0.114907 0.074753
0 0.543478 0.708039 0.195652 0.084626
0 0.478261 0.771509 0.145963 0.073343
0 0.696429 0.762341 0.250000 0.088858
0 0.672360 0.812412 0.065217 0.090268
0 0.519410 0.935120 0.097826 0.090268
0 0.304348 0.846262 0.102484 0.093089
0 0.278727 0.885755 0.119565 0.180536
0 0.569876 0.813822 0.189441 0.062059
0 0.715839 0.483780 0.096273 0.093089
0 0.776398 0.481664 0.189441 0.094499
0 0.928571 0.547955 0.111801 0.139633
0 0.821429 0.334274 0.118012 0.067701
0 0.810559 0.354725 0.173913 0.108604
0 0.450311 0.821580 0.071429 0.083216