0 0.176324 0.343578 0.080919 0.105379
0 0.288711 0.194292 0.073926 0.111965
0 0.274226 0.268935 0.038961 0.048299
0 0.482517 0.197036 0.067932 0.018661
0 0.270230 0.351811 0.064935 0.077936
0 0.541958 0.278266 0.036963 0.071350
0 0.595904 0.211855 0.050949 0.092206
0 0.636863 0.190450 0.052947 0.049396
0 0.683816 0.232162 0.074925 0.053787
0 0.757243 0.160263 0.061938 0.030735
0 0.352148 0.890231 0.022977 0.046103
0 0.252747 0.496158 0.083916 0.079034
0 0.256244 0.564215 0.036963 0.096597
0 0.323177 0.574094 0.036963 0.059276
0 0.340659 0.564764 0.027972 0.058178
0 0.551948 0.649835 0.038961 0.070252
0 0.628871 0.565862 0.028971 0.075741
0 0.652847 0.488474 0.136863 0.100988
0 0.628372 0.485181 0.041958 0.065862
0 0.637862 0.408342 0.038961 0.043908
0 0.633367 0.396268 0.081918 0.068057
0 0.593407 0.312843 0.039960 0.050494
0 0.707293 0.310648 0.071928 0.068057
0 0.809191 0.363886 0.047952 0.064764
0 0.780719 0.313941 0.136863 0.076839
0 0.791708 0.374314 0.082917 0.140505
0 0.483516 0.384742 0.081918 0.064764
0 0.444056 0.396817 0.100899 0.126235
0 0.393107 0.415477 0.094905 0.064764
0 0.446553 0.439627 0.061938 0.075741
0 0.376124 0.838090 0.052947 0.040615
0 0.391109 0.713502 0.034965 0.114160
0 0.242258 0.758507 0.076923 0.140505
0 0.086913 0.741493 0.043956 0.145993
0 0.067433 0.950604 0.092907 0.061471
0 0.566933 0.787047 0.102897 0.100988
0 0.705295 0.662459 0.097902 0.077936
0 0.716783 0.611416 0.052947 0.026345
0 0.757243 0.571350 0.145854 0.080132
0 0.733267 0.064764 0.135864 0.072448
0 0.959540 0.770582 0.068931 0.087816
0 0.774226 0.812843 0.067932 0.066959
0 0.691808 0.851262 0.054945 0.071350
0 0.748751 0.940724 0.082917 0.085620
0 0.878621 0.849067 0.094905 0.062569
0 0.787712 0.902854 0.068931 0.102086