0 0.233779 0.276248 0.089695 0.036145
0 0.438931 0.123924 0.057252 0.051635
0 0.482824 0.314114 0.125954 0.049914
0 0.624046 0.487952 0.106870 0.039587
0 0.440840 0.632530 0.049618 0.046472
0 0.377863 0.604991 0.045802 0.077453
0 0.262405 0.584337 0.062977 0.046472
0 0.185115 0.691050 0.061069 0.056799
0 0.255725 0.682444 0.087786 0.063683
0 0.303435 0.735800 0.061069 0.049914
0 0.310115 0.866609 0.062977 0.039587
0 0.502863 0.939759 0.074427 0.037866
0 0.539122 0.781411 0.082061 0.072289
0 0.474237 0.573150 0.089695 0.041308
0 0.587786 0.576592 0.064885 0.030981
0 0.522901 0.575731 0.118321 0.204819
0 0.491412 0.709983 0.112595 0.049914
0 0.423664 0.847676 0.045802 0.135972
0 0.252863 0.809811 0.097328 0.074010
0 0.347328 0.820998 0.095420 0.113597
0 0.145992 0.620482 0.055344 0.094664
0 0.113550 0.540448 0.059160 0.068847
0 0.358779 0.455250 0.053435 0.067126
0 0.235687 0.540448 0.116412 0.079174
0 0.282443 0.436317 0.190840 0.163511
0 0.190840 0.388985 0.068702 0.106713
0 0.132634 0.401033 0.112595 0.099828
0 0.108779 0.460413 0.110687 0.046472
0 0.392176 0.493976 0.135496 0.117040
0 0.333969 0.631670 0.114504 0.182444
0 0.648855 0.624785 0.072519 0.082616
0 0.695611 0.640275 0.085878 0.103270
0 0.754771 0.540448 0.120229 0.034423
0 0.811069 0.543890 0.061069 0.099828
0 0.547710 0.436317 0.106870 0.049914
0 0.681298 0.419105 0.137405 0.067126
0 0.490458 0.372633 0.152672 0.039587
0 0.647901 0.307229 0.162214 0.053356
0 0.713740 0.301205 0.125954 0.144578
0 0.808206 0.427711 0.146947 0.115318
0 0.932252 0.439759 0.062977 0.163511
0 0.607824 0.141136 0.127863 0.130809
0 0.546756 0.195353 0.066794 0.108434
0 0.541031 0.238382 0.173664 0.084337
0 0.266221 0.208262 0.139313 0.113597
0 0.399809 0.107573 0.082061 0.108434