0 0.156140 0.362959 0.043275 0.138761
0 0.202339 0.407110 0.060819 0.087156
0 0.128070 0.483945 0.101754 0.107798
0 0.222807 0.505734 0.047953 0.029817
0 0.245029 0.590023 0.064327 0.081422
0 0.130409 0.587156 0.061988 0.057339
0 0.109942 0.654817 0.112281 0.045872
0 0.060819 0.743119 0.051462 0.059633
0 0.193567 0.708716 0.090058 0.091743
0 0.216374 0.810780 0.042105 0.110092
0 0.316959 0.509748 0.060819 0.106651
0 0.402339 0.573968 0.039766 0.049312
0 0.259649 0.309633 0.056140 0.105505
0 0.338012 0.204128 0.046784 0.100917
0 0.312865 0.323394 0.047953 0.071101
0 0.367251 0.282683 0.058480 0.049312
0 0.367836 0.303326 0.076023 0.086009
0 0.430409 0.331422 0.056140 0.080275
0 0.439766 0.383028 0.154386 0.071101
0 0.495906 0.311927 0.051462 0.025229
0 0.539181 0.257454 0.086550 0.040138
0 0.559064 0.227064 0.056140 0.052752
0 0.435673 0.114679 0.090058 0.071101
0 0.554971 0.107225 0.040936 0.067661
0 0.683626 0.110092 0.024561 0.052752
0 0.681287 0.148509 0.050292 0.028670
0 0.720468 0.220183 0.044444 0.038991
0 0.746199 0.268922 0.025731 0.051606
0 0.567251 0.352638 0.077193 0.030963
0 0.565497 0.469037 0.031579 0.121560
0 0.609942 0.480505 0.045614 0.020642
0 0.520468 0.563647 0.077193 0.042431
0 0.535088 0.665711 0.045614 0.033257
0 0.501754 0.684060 0.107602 0.063073
0 0.654386 0.532683 0.047953 0.051606
0 0.721053 0.576835 0.024561 0.094037
0 0.780117 0.432339 0.044444 0.025229
0 0.806433 0.500000 0.076023 0.119266
0 0.898246 0.585436 0.126316 0.095183
0 0.915789 0.494839 0.037427 0.111239
0 0.756725 0.356651 0.074854 0.082569
0 0.802339 0.365826 0.056140 0.059633
0 0.854386 0.342317 0.052632 0.047018
0 0.674854 0.815367 0.152047 0.103211
0 0.725731 0.933486 0.155556 0.091743
0 0.905848 0.735665 0.031579 0.106651