0 0.086188 0.347158 0.058887 0.079877
0 0.138116 0.347926 0.124197 0.149002
0 0.151499 0.377112 0.061028 0.145929
0 0.221092 0.322581 0.082441 0.132104
0 0.309422 0.246544 0.049251 0.084485
0 0.298715 0.162826 0.066381 0.092166
0 0.396146 0.151306 0.049251 0.047619
0 0.047645 0.490015 0.031049 0.070661
0 0.110278 0.619048 0.021413 0.058372
0 0.116167 0.586022 0.084582 0.038402
0 0.203426 0.463134 0.038544 0.041475
0 0.252677 0.520737 0.066381 0.101382
0 0.332976 0.625960 0.085653 0.041475
0 0.232869 0.811060 0.048180 0.082949
0 0.264454 0.804147 0.055675 0.066052
0 0.372056 0.877880 0.058887 0.041475
0 0.442184 0.878648 0.085653 0.098310
0 0.480193 0.820276 0.078158 0.039939
0 0.453426 0.576805 0.063169 0.096774
0 0.443255 0.646697 0.032120 0.082949
0 0.460385 0.340246 0.047109 0.050691
0 0.502677 0.298003 0.056745 0.061444
0 0.591542 0.294931 0.046039 0.147465
0 0.456103 0.440860 0.051392 0.043011
0 0.495182 0.447005 0.026767 0.036866
0 0.527837 0.378648 0.049251 0.069124
0 0.538544 0.446237 0.055675 0.078341
0 0.692719 0.145929 0.038544 0.141321
0 0.723233 0.242704 0.061028 0.058372
0 0.671842 0.307988 0.035332 0.109063
0 0.860278 0.354071 0.050321 0.047619
0 0.783726 0.430876 0.032120 0.078341
0 0.943790 0.474654 0.028908 0.058372
0 0.645075 0.888633 0.067452 0.047619
0 0.557816 0.795699 0.040685 0.052227
0 0.611349 0.741167 0.064240 0.115207
0 0.678801 0.712750 0.051392 0.092166
0 0.713597 0.639017 0.026767 0.067588
0 0.597430 0.572197 0.066381 0.072197
0 0.656852 0.533794 0.067452 0.127496
0 0.377409 0.722734 0.088865 0.090630
0 0.563704 0.493088 0.043897 0.086022
0 0.180407 0.849462 0.076017 0.095238
0 0.188972 0.897849 0.037473 0.056836
0 0.374732 0.269585 0.068522 0.102919
0 0.208244 0.707373 0.046039 0.066052