0 0.113293 0.693772 0.048338 0.072664
0 0.176737 0.633218 0.072508 0.058824
0 0.233384 0.750000 0.074018 0.050173
0 0.326284 0.843426 0.078550 0.060554
0 0.380665 0.889273 0.039275 0.058824
0 0.432024 0.924740 0.069486 0.091696
0 0.631420 0.800173 0.033233 0.084775
0 0.759819 0.832180 0.054381 0.096886
0 0.694109 0.682526 0.049849 0.091696
0 0.620846 0.633218 0.108761 0.051903
0 0.597432 0.724048 0.131420 0.050173
0 0.494713 0.623702 0.049849 0.060554
0 0.600453 0.381488 0.034743 0.053633
0 0.788520 0.866782 0.102719 0.128028
0 0.723565 0.804498 0.096677 0.269896
0 0.524169 0.882353 0.211480 0.117647
0 0.533233 0.871107 0.072508 0.115917
0 0.399547 0.794118 0.182779 0.038062
0 0.481118 0.769031 0.095166 0.046713
0 0.460725 0.705017 0.120846 0.067474
0 0.310423 0.537197 0.049849 0.050173
0 0.363293 0.570934 0.074018 0.058824
0 0.357251 0.616782 0.182779 0.133218
0 0.237915 0.500000 0.104230 0.093426
0 0.228852 0.433391 0.131420 0.057093
0 0.123112 0.438581 0.155589 0.153979
0 0.295317 0.347751 0.064955 0.134948
0 0.214502 0.244810 0.120846 0.053633
0 0.406344 0.500865 0.145015 0.060554
0 0.322508 0.109862 0.040785 0.064014
0 0.323263 0.120242 0.220544 0.147059
0 0.520393 0.220588 0.131420 0.070934
0 0.575529 0.112457 0.217523 0.093426
0 0.770393 0.199827 0.126888 0.091696
0 0.854985 0.339100 0.057402 0.155709
0 0.595166 0.305363 0.048338 0.060554
0 0.475831 0.300173 0.102719 0.036332
0 0.515861 0.404844 0.061934 0.093426
0 0.543051 0.531142 0.140483 0.089965
0 0.529456 0.490484 0.095166 0.153979
0 0.920695 0.674740 0.028701 0.110727
0 0.860272 0.532872 0.092145 0.117647
0 0.921450 0.510381 0.054381 0.183391
0 0.709970 0.347751 0.054381 0.321799
0 0.712991 0.382353 0.178248 0.128028
0 0.591390 0.027682 0.022659 0.044983