0 0.614266 0.899705 0.103878 0.041298
0 0.722299 0.805310 0.062327 0.067847
0 0.736150 0.752950 0.095568 0.045723
0 0.807479 0.654867 0.113573 0.094395
0 0.824100 0.516224 0.077562 0.097345
0 0.904432 0.474926 0.094183 0.117994
0 0.833102 0.162242 0.045706 0.079646
0 0.797091 0.164454 0.045706 0.057522
0 0.691136 0.098083 0.096953 0.078171
0 0.599030 0.056785 0.070637 0.060472
0 0.750000 0.265487 0.123269 0.100295
0 0.829640 0.335546 0.077562 0.051622
0 0.493075 0.889381 0.063712 0.082596
0 0.569252 0.820059 0.099723 0.126844
0 0.536704 0.763274 0.059557 0.060472
0 0.493075 0.696165 0.088643 0.056047
0 0.556787 0.583333 0.124654 0.143068
0 0.704294 0.616519 0.081717 0.076696
0 0.708449 0.682891 0.145429 0.044248
0 0.696676 0.470501 0.138504 0.109145
0 0.802632 0.411504 0.101108 0.117994
0 0.653047 0.467552 0.228532 0.067847
0 0.378809 0.458702 0.128809 0.076696
0 0.423823 0.356195 0.049861 0.048673
0 0.404432 0.563422 0.116343 0.135693
0 0.397507 0.607670 0.094183 0.215339
0 0.402355 0.634956 0.040166 0.078171
0 0.427978 0.827434 0.036011 0.097345
0 0.341413 0.866519 0.062327 0.066372
0 0.354571 0.787611 0.102493 0.094395
0 0.337950 0.743363 0.163435 0.135693
0 0.181440 0.543510 0.049861 0.087021
0 0.202216 0.655605 0.077562 0.151917
0 0.206371 0.602507 0.077562 0.181416
0 0.306787 0.598820 0.051247 0.182891
0 0.299861 0.563422 0.092798 0.106195
0 0.577562 0.156342 0.121884 0.053097
0 0.505540 0.289823 0.157895 0.084071
0 0.515235 0.214602 0.055402 0.148968
0 0.418975 0.182153 0.054017 0.140118
0 0.351108 0.269912 0.084488 0.174041
0 0.277008 0.272861 0.058172 0.088496
0 0.234765 0.304572 0.062327 0.146018
0 0.159280 0.316372 0.058172 0.181416
0 0.127424 0.473451 0.072022 0.112094
0 0.094183 0.379794 0.074792 0.095870