0 0.532132 0.888147 0.211599 0.056761
0 0.409875 0.803840 0.064263 0.171953
0 0.498433 0.752922 0.068966 0.050083
0 0.565047 0.686144 0.042320 0.073456
0 0.597179 0.627713 0.056426 0.060100
0 0.692790 0.618531 0.053292 0.055092
0 0.696708 0.748748 0.180251 0.048414
0 0.801724 0.633556 0.064263 0.131886
0 0.789185 0.550918 0.086207 0.136895
0 0.879310 0.545910 0.040752 0.110184
0 0.914577 0.450751 0.042320 0.170284
0 0.756270 0.377295 0.083072 0.103506
0 0.651254 0.468280 0.167712 0.091820
0 0.706113 0.520868 0.070533 0.076795
0 0.623824 0.504174 0.100313 0.166945
0 0.481191 0.505843 0.119122 0.093489
0 0.404389 0.507513 0.053292 0.140234
0 0.267241 0.543406 0.126959 0.065109
0 0.271944 0.708681 0.057994 0.215359
0 0.344828 0.766277 0.062696 0.173623
0 0.167712 0.754591 0.043887 0.113523
0 0.149687 0.673623 0.145768 0.108514
0 0.166928 0.546745 0.086207 0.222037
0 0.199843 0.412354 0.045455 0.133556
0 0.232759 0.462437 0.048589 0.063439
0 0.268025 0.484975 0.053292 0.061770
0 0.263323 0.369783 0.050157 0.055092
0 0.329154 0.358932 0.056426 0.130217
0 0.380094 0.329716 0.076803 0.131886
0 0.381661 0.335559 0.105016 0.043406
0 0.534483 0.371452 0.235110 0.068447
0 0.557210 0.297162 0.070533 0.073456
0 0.582288 0.247078 0.120690 0.060100
0 0.482759 0.202838 0.040752 0.078464
0 0.420063 0.212020 0.059561 0.093489
0 0.318966 0.187813 0.057994 0.071786
0 0.260188 0.171119 0.068966 0.085142
0 0.225705 0.227045 0.137931 0.140234
0 0.123824 0.227880 0.081505 0.141903
0 0.331505 0.092654 0.095611 0.055092
0 0.355016 0.136895 0.199060 0.083472
0 0.557994 0.156928 0.081505 0.130217
0 0.690439 0.119366 0.114420 0.118531
0 0.702978 0.256260 0.051724 0.105175
0 0.811129 0.284641 0.111285 0.095159
0 0.835423 0.258765 0.065831 0.046745