0 0.115880 0.473920 0.031474 0.077496
0 0.180258 0.459762 0.051502 0.061103
0 0.258226 0.444858 0.070100 0.046200
0 0.248927 0.483607 0.062947 0.046200
0 0.489270 0.467958 0.057225 0.041729
0 0.535050 0.537258 0.045780 0.058122
0 0.511445 0.316692 0.052933 0.064083
0 0.536481 0.346498 0.051502 0.067064
0 0.524320 0.645306 0.084406 0.044709
0 0.422747 0.698212 0.047210 0.114754
0 0.801144 0.692250 0.042918 0.084948
0 0.698140 0.482116 0.082976 0.049180
0 0.679542 0.409091 0.057225 0.078987
0 0.496423 0.281669 0.085837 0.047690
0 0.295422 0.489568 0.095851 0.102832
0 0.339056 0.389717 0.123033 0.114754
0 0.403433 0.292846 0.100143 0.129657
0 0.201717 0.316692 0.137339 0.132638
0 0.148069 0.248137 0.127325 0.233979
0 0.258226 0.122206 0.130186 0.086438
0 0.550072 0.154993 0.090129 0.038748
0 0.518598 0.196721 0.138770 0.047690
0 0.509299 0.236215 0.134478 0.043219
0 0.552933 0.409836 0.047210 0.128167
0 0.600143 0.340537 0.050072 0.099851
0 0.641631 0.350969 0.055794 0.105812
0 0.656652 0.397168 0.165951 0.111773
0 0.668097 0.526826 0.148784 0.141580
0 0.391273 0.528316 0.092990 0.061103
0 0.278255 0.570790 0.118741 0.053651
0 0.262518 0.621461 0.110157 0.077496
0 0.128755 0.654247 0.100143 0.113264
0 0.234621 0.781669 0.068670 0.165425
0 0.389843 0.456781 0.155937 0.141580
0 0.444921 0.572280 0.120172 0.047690
0 0.519313 0.608048 0.131617 0.107303
0 0.434192 0.760060 0.092990 0.160954
0 0.364807 0.705663 0.085837 0.123696
0 0.453505 0.778689 0.163090 0.138599
0 0.482117 0.864382 0.097282 0.119225
0 0.559371 0.838301 0.080114 0.147541
0 0.631617 0.722057 0.130186 0.096870
0 0.641631 0.802534 0.047210 0.135618
0 0.809728 0.597615 0.148784 0.089419
0 0.856938 0.462742 0.085837 0.081967
0 0.678827 0.701192 0.055794 0.081967