0 0.399904 0.308313 0.045236 0.045906
0 0.489413 0.294665 0.039461 0.035980
0 0.432146 0.576303 0.046198 0.045906
0 0.593359 0.604218 0.018287 0.057072
0 0.483638 0.665633 0.022137 0.065757
0 0.632820 0.446030 0.049086 0.028536
0 0.656882 0.508685 0.035611 0.047146
0 0.700674 0.566998 0.028874 0.066998
0 0.075072 0.259305 0.078922 0.089330
0 0.112127 0.265509 0.041386 0.052109
0 0.328200 0.286600 0.071222 0.116625
0 0.462945 0.085608 0.030799 0.084367
0 0.441771 0.109181 0.050048 0.138958
0 0.423965 0.185484 0.079885 0.068238
0 0.594321 0.107320 0.039461 0.137717
0 0.586622 0.199752 0.041386 0.081886
0 0.564485 0.228908 0.025987 0.075682
0 0.755534 0.303350 0.050048 0.073201
0 0.535130 0.319479 0.044273 0.063275
0 0.474495 0.271092 0.086622 0.147643
0 0.458614 0.289082 0.133782 0.111663
0 0.407122 0.387097 0.021174 0.066998
0 0.355630 0.382754 0.101059 0.038462
0 0.333975 0.444789 0.038499 0.080645
0 0.410972 0.452233 0.092397 0.078164
0 0.490857 0.387097 0.065448 0.047146
0 0.566891 0.468362 0.059673 0.080645
0 0.666025 0.421836 0.034649 0.099256
0 0.618383 0.534119 0.041386 0.070720
0 0.547642 0.588710 0.048123 0.080645
0 0.346006 0.570099 0.083734 0.127792
0 0.533686 0.732630 0.097209 0.080645
0 0.567372 0.774814 0.058710 0.093052
0 0.601540 0.766749 0.105871 0.096774
0 0.653032 0.576923 0.072185 0.059553
0 0.644851 0.646402 0.032724 0.111663
0 0.683349 0.642060 0.025024 0.122829
0 0.575553 0.886476 0.076997 0.048387
0 0.636189 0.801489 0.127045 0.119107
0 0.716073 0.795906 0.103946 0.140199
0 0.727623 0.883995 0.036574 0.117866
0 0.783446 0.812655 0.073147 0.101737
0 0.768046 0.868486 0.021174 0.121588
0 0.854187 0.862283 0.064485 0.044665
0 0.895573 0.818859 0.131858 0.062035
0 0.832531 0.930521 0.121270 0.044665