0 0.341390 0.150344 0.163142 0.176976
0 0.237915 0.261168 0.152568 0.048110
0 0.411631 0.183849 0.152568 0.116838
0 0.766616 0.150344 0.058912 0.139175
0 0.887462 0.220790 0.070997 0.207904
0 0.579305 0.366838 0.143505 0.077320
0 0.449396 0.256014 0.061934 0.154639
0 0.308912 0.440722 0.131420 0.115120
0 0.532477 0.530928 0.182779 0.041237
0 0.393505 0.489691 0.083082 0.099656
0 0.111027 0.656357 0.110272 0.065292
0 0.197130 0.682131 0.128399 0.219931
0 0.189577 0.701890 0.104230 0.063574
0 0.283988 0.743127 0.096677 0.269759
0 0.437311 0.648625 0.173716 0.080756
0 0.533988 0.684708 0.083082 0.152921
0 0.438822 0.801546 0.061934 0.128866
0 0.475831 0.830756 0.262840 0.163230
0 0.248489 0.780928 0.152568 0.056701
0 0.314199 0.714777 0.078550 0.113402
0 0.595921 0.746564 0.058912 0.056701
0 0.652568 0.825601 0.051360 0.170103
0 0.144260 0.481959 0.107251 0.142612
0 0.186556 0.487113 0.067976 0.087629
0 0.178248 0.392612 0.123867 0.070447
0 0.258308 0.353952 0.063444 0.061856
0 0.332326 0.335911 0.132931 0.101375
0 0.325529 0.395189 0.064955 0.044674
0 0.505287 0.283505 0.098187 0.137457
0 0.512840 0.298110 0.046828 0.084192
0 0.608761 0.408076 0.069486 0.097938
0 0.764350 0.268900 0.108761 0.128866
0 0.740181 0.332474 0.069486 0.056701
0 0.759063 0.373711 0.098187 0.049828
0 0.740181 0.439863 0.054381 0.123711
0 0.787009 0.506014 0.105740 0.149485
0 0.762840 0.512027 0.217523 0.082474
0 0.796073 0.564433 0.184290 0.080756
0 0.899547 0.561856 0.101208 0.079038
0 0.808157 0.684708 0.145015 0.104811
0 0.796073 0.621134 0.036254 0.056701
0 0.861027 0.616838 0.075529 0.048110
0 0.634441 0.567010 0.033233 0.075601
0 0.711480 0.304983 0.202417 0.101375
0 0.231118 0.449313 0.084592 0.056701
0 0.404834 0.296392 0.148036 0.067010