0 0.059055 0.737008 0.064961 0.103937
0 0.379429 0.828346 0.020669 0.132283
0 0.338583 0.803150 0.061024 0.031496
0 0.329232 0.840945 0.038386 0.163780
0 0.250000 0.811811 0.143701 0.092913
0 0.535433 0.712598 0.153543 0.042520
0 0.409941 0.527559 0.034449 0.081890
0 0.745079 0.864567 0.082677 0.066142
0 0.747539 0.829134 0.042323 0.048819
0 0.893701 0.751969 0.043307 0.039370
0 0.929626 0.844094 0.095472 0.138583
0 0.835630 0.667717 0.033465 0.069291
0 0.871555 0.664567 0.038386 0.097638
0 0.726378 0.713386 0.043307 0.132283
0 0.696850 0.725984 0.057087 0.031496
0 0.714567 0.759055 0.080709 0.050394
0 0.912402 0.538583 0.019685 0.110236
0 0.873031 0.477165 0.039370 0.163780
0 0.795276 0.549606 0.053150 0.069291
0 0.763780 0.574803 0.025591 0.081890
0 0.779035 0.524409 0.038386 0.163780
0 0.723425 0.456693 0.084646 0.154331
0 0.586122 0.390551 0.026575 0.062992
0 0.667323 0.565354 0.037402 0.050394
0 0.649606 0.538583 0.025591 0.053543
0 0.639272 0.627559 0.018701 0.070866
0 0.664862 0.632283 0.050197 0.074016
0 0.621063 0.586614 0.029528 0.102362
0 0.596949 0.651181 0.081693 0.074016
0 0.628937 0.505512 0.076772 0.056693
0 0.870571 0.118898 0.022638 0.124409
0 0.865650 0.112598 0.060039 0.033071
0 0.678642 0.196850 0.052165 0.075591
0 0.679134 0.292126 0.047244 0.033071
0 0.614665 0.275591 0.073819 0.081890
0 0.752953 0.367717 0.033465 0.096063
0 0.738681 0.254331 0.077756 0.149606
0 0.720472 0.259843 0.047244 0.160630
0 0.439469 0.191339 0.079724 0.114961
0 0.570866 0.269291 0.092520 0.047244
0 0.520669 0.344882 0.043307 0.053543
0 0.516240 0.421260 0.036417 0.114961
0 0.558563 0.451181 0.034449 0.159055
0 0.466535 0.465354 0.066929 0.111811
0 0.475886 0.500787 0.063976 0.097638
0 0.465551 0.511024 0.088583 0.137008