0 0.871084 0.712908 0.069880 0.126113
0 0.925301 0.641691 0.069880 0.173591
0 0.796988 0.656528 0.124096 0.090504
0 0.718675 0.707715 0.030120 0.091988
0 0.735542 0.567507 0.112048 0.078635
0 0.641566 0.668398 0.037349 0.072700
0 0.623494 0.654303 0.042169 0.077151
0 0.678916 0.749258 0.083133 0.097923
0 0.563253 0.712166 0.071084 0.083086
0 0.638554 0.605341 0.134940 0.047478
0 0.739759 0.451780 0.113253 0.188427
0 0.793373 0.402819 0.046988 0.203264
0 0.757831 0.332344 0.069880 0.121662
0 0.596386 0.227003 0.096386 0.118694
0 0.600602 0.284125 0.100000 0.102374
0 0.643976 0.377596 0.085542 0.152819
0 0.586747 0.470326 0.171084 0.083086
0 0.544578 0.465875 0.043373 0.160237
0 0.442771 0.635015 0.116867 0.100890
0 0.356627 0.649852 0.048193 0.077151
0 0.368072 0.590504 0.030120 0.074184
0 0.131325 0.350890 0.106024 0.117211
0 0.188554 0.374629 0.073494 0.081602
0 0.252410 0.349407 0.027711 0.123145
0 0.197590 0.269288 0.130120 0.203264
0 0.326506 0.405045 0.122892 0.050445
0 0.409036 0.440653 0.087952 0.041543
0 0.442169 0.444362 0.108434 0.108309
0 0.437952 0.134273 0.030120 0.090504
0 0.295181 0.166914 0.079518 0.069733
0 0.336747 0.181751 0.102410 0.155786
0 0.359036 0.290801 0.178313 0.172107
0 0.395181 0.273739 0.159036 0.081602
0 0.467470 0.185460 0.045783 0.172107
0 0.492771 0.120920 0.077108 0.117211
0 0.559639 0.109050 0.155422 0.081602
0 0.535542 0.143917 0.075904 0.044510
0 0.548193 0.314540 0.081928 0.154303
0 0.501807 0.223294 0.034940 0.048961
0 0.263855 0.563798 0.074699 0.038576
0 0.301205 0.612018 0.120482 0.048961
0 0.268072 0.614243 0.054217 0.059347
0 0.483735 0.849407 0.087952 0.075668
0 0.400000 0.885757 0.089157 0.100890
0 0.722892 0.247033 0.043373 0.093472
0 0.728313 0.191395 0.097590 0.068249