0 0.309976 0.823110 0.026128 0.085592
0 0.507720 0.626961 0.084323 0.072753
0 0.553444 0.626961 0.057007 0.049929
0 0.554038 0.542083 0.048694 0.071327
0 0.230998 0.580599 0.041568 0.054208
0 0.283848 0.544223 0.057007 0.038516
0 0.154394 0.568474 0.073634 0.044223
0 0.319477 0.628388 0.030879 0.044223
0 0.313539 0.696148 0.038005 0.065621
0 0.391330 0.534950 0.039192 0.079886
0 0.699525 0.438659 0.054632 0.055635
0 0.454869 0.564907 0.087886 0.079886
0 0.451306 0.522825 0.087886 0.084165
0 0.545724 0.486448 0.138955 0.048502
0 0.600356 0.709700 0.108076 0.055635
0 0.649050 0.594864 0.060570 0.125535
0 0.748219 0.620542 0.099762 0.051355
0 0.540974 0.737518 0.081948 0.062767
0 0.285629 0.715407 0.138955 0.098431
0 0.197150 0.713980 0.125891 0.087019
0 0.365796 0.845934 0.118765 0.219686
0 0.159145 0.467190 0.099762 0.052782
0 0.450119 0.593438 0.071259 0.148359
0 0.485748 0.408702 0.083135 0.101284
0 0.485748 0.435806 0.125891 0.098431
0 0.334917 0.520685 0.095012 0.185449
0 0.272565 0.607703 0.150831 0.079886
0 0.234561 0.466476 0.086698 0.128388
0 0.233967 0.406562 0.026128 0.119829
0 0.168646 0.373752 0.090261 0.125535
0 0.063539 0.527817 0.079572 0.162625
0 0.335511 0.335949 0.167458 0.092725
0 0.389549 0.199001 0.083135 0.049929
0 0.374109 0.291726 0.213777 0.126961
0 0.452494 0.253210 0.154394 0.289586
0 0.568290 0.320970 0.100950 0.168331
0 0.835511 0.436519 0.084323 0.091298
0 0.767815 0.367332 0.174584 0.072753
0 0.623515 0.139087 0.038005 0.121255
0 0.545724 0.185449 0.134204 0.179743
0 0.630641 0.214693 0.092637 0.152639
0 0.625297 0.076320 0.136580 0.052782
0 0.741093 0.223252 0.130641 0.104137
0 0.689430 0.253923 0.108076 0.285307
0 0.828979 0.240371 0.111639 0.241084
0 0.744656 0.243224 0.042755 0.098431