0 0.363232 0.826116 0.044529 0.063599
0 0.355598 0.569012 0.036896 0.063599
0 0.436387 0.539919 0.022901 0.056834
0 0.443384 0.584574 0.034351 0.040595
0 0.515267 0.683356 0.076336 0.100135
0 0.498092 0.539242 0.029262 0.047361
0 0.666031 0.403248 0.069975 0.043302
0 0.552799 0.435047 0.036896 0.060893
0 0.412850 0.288904 0.059796 0.025710
0 0.473919 0.309202 0.057252 0.077131
0 0.492366 0.281461 0.030534 0.059540
0 0.606234 0.285521 0.029262 0.046008
0 0.337786 0.536536 0.075064 0.063599
0 0.327608 0.240189 0.036896 0.060893
0 0.381679 0.173884 0.078880 0.033829
0 0.395674 0.104195 0.071247 0.097429
0 0.496819 0.105548 0.072519 0.059540
0 0.562977 0.307848 0.036896 0.085250
0 0.649491 0.321380 0.057252 0.074425
0 0.730280 0.537212 0.083969 0.051421
0 0.745547 0.373478 0.083969 0.151556
0 0.744275 0.208390 0.152672 0.108254
0 0.785623 0.219215 0.044529 0.100135
0 0.926845 0.269959 0.105598 0.071719
0 0.827608 0.389716 0.036896 0.116373
0 0.679389 0.278078 0.043257 0.147497
0 0.756361 0.303789 0.039440 0.120433
0 0.845420 0.332882 0.138677 0.100135
0 0.715649 0.631935 0.067430 0.073072
0 0.741730 0.654939 0.063613 0.105548
0 0.645038 0.424222 0.063613 0.171854
0 0.596056 0.381597 0.115776 0.075778
0 0.542621 0.486468 0.059796 0.071719
0 0.591603 0.518945 0.040712 0.136671
0 0.603690 0.512855 0.131043 0.143437
0 0.522901 0.563599 0.147583 0.123139
0 0.460560 0.194181 0.142494 0.106901
0 0.095420 0.194858 0.050891 0.146143
0 0.234733 0.376861 0.047074 0.117727
0 0.321247 0.478349 0.095420 0.152909
0 0.397583 0.474966 0.044529 0.116373
0 0.598601 0.784844 0.113232 0.059540
0 0.676845 0.753721 0.050891 0.108254
0 0.667303 0.866712 0.069975 0.125846
0 0.695929 0.863329 0.055980 0.067659
0 0.772901 0.855210 0.138677 0.156969