0 0.184134 0.094136 0.062591 0.046296
0 0.545124 0.227623 0.056769 0.050926
0 0.459243 0.385031 0.039301 0.097222
0 0.445415 0.689815 0.052402 0.077160
0 0.411208 0.730710 0.039301 0.087963
0 0.507278 0.818673 0.071325 0.060185
0 0.301310 0.701389 0.046579 0.072531
0 0.591703 0.827160 0.173217 0.154321
0 0.566958 0.710648 0.059680 0.060185
0 0.611354 0.674383 0.110626 0.095679
0 0.618632 0.607253 0.049491 0.072531
0 0.660116 0.643519 0.050946 0.095679
0 0.687773 0.609568 0.027656 0.089506
0 0.721252 0.635031 0.036390 0.155864
0 0.777293 0.561728 0.075691 0.135802
0 0.826055 0.462191 0.097525 0.054012
0 0.480349 0.703704 0.034934 0.070988
0 0.578603 0.541667 0.042213 0.033951
0 0.568413 0.440586 0.112082 0.041667
0 0.272926 0.440586 0.144105 0.152778
0 0.218341 0.523148 0.043668 0.067901
0 0.253275 0.538580 0.192140 0.067901
0 0.286754 0.403549 0.142649 0.115741
0 0.297671 0.313272 0.068413 0.135802
0 0.273654 0.250772 0.064047 0.125000
0 0.122271 0.437500 0.043668 0.192901
0 0.116448 0.618056 0.075691 0.121914
0 0.189956 0.668210 0.085881 0.135802
0 0.128821 0.681327 0.120815 0.112654
0 0.434498 0.532407 0.106259 0.148148
0 0.537846 0.484568 0.059680 0.197531
0 0.495633 0.567130 0.126638 0.174383
0 0.455604 0.605710 0.093159 0.087963
0 0.408297 0.396605 0.053857 0.123457
0 0.596070 0.330247 0.062591 0.098765
0 0.581514 0.196759 0.056769 0.100309
0 0.812955 0.278549 0.048035 0.109568
0 0.732169 0.328704 0.052402 0.095679
0 0.764192 0.351080 0.066958 0.180556
0 0.633916 0.426698 0.117904 0.100309
0 0.680495 0.380401 0.074236 0.183642
0 0.608443 0.189043 0.055313 0.152778
0 0.491994 0.273148 0.145560 0.064815
0 0.427948 0.215278 0.104803 0.208333
0 0.665939 0.196759 0.071325 0.134259
0 0.649927 0.436728 0.135371 0.138889