0 0.163743 0.209524 0.157895 0.133333
0 0.269737 0.255556 0.059942 0.117460
0 0.377924 0.196825 0.217836 0.076190
0 0.396199 0.257143 0.052632 0.184127
0 0.344298 0.320635 0.030702 0.057143
0 0.444444 0.276190 0.076023 0.079365
0 0.198830 0.450000 0.040936 0.068254
0 0.156433 0.564286 0.131579 0.169841
0 0.238304 0.515079 0.055556 0.122222
0 0.363304 0.465079 0.121345 0.069841
0 0.317251 0.504762 0.032164 0.050794
0 0.338450 0.545238 0.100877 0.112698
0 0.332602 0.676190 0.048246 0.171429
0 0.382310 0.637302 0.133041 0.071429
0 0.448099 0.690476 0.130117 0.066667
0 0.501462 0.591270 0.035088 0.071429
0 0.473684 0.769841 0.058480 0.206349
0 0.555556 0.794444 0.073099 0.125397
0 0.581140 0.747619 0.068713 0.034921
0 0.585526 0.783333 0.062865 0.036508
0 0.643275 0.764286 0.032164 0.080952
0 0.692251 0.719048 0.092105 0.076190
0 0.751462 0.774603 0.134503 0.057143
0 0.748538 0.661111 0.043860 0.065079
0 0.709795 0.614286 0.080409 0.034921
0 0.774123 0.595238 0.039474 0.088889
0 0.817251 0.579365 0.078947 0.263492
0 0.881579 0.565079 0.102339 0.158730
0 0.529240 0.537302 0.046784 0.052381
0 0.514620 0.415079 0.043860 0.084127
0 0.553363 0.465873 0.118421 0.071429
0 0.596491 0.492063 0.099415 0.041270
0 0.798977 0.414286 0.138889 0.139683
0 0.758041 0.399206 0.118421 0.157143
0 0.690058 0.411111 0.087719 0.050794
0 0.674708 0.357143 0.130117 0.053968
0 0.573099 0.369048 0.128655 0.131746
0 0.550439 0.247619 0.036550 0.107937
0 0.594298 0.243651 0.057018 0.131746
0 0.649854 0.203968 0.095029 0.128571
0 0.704678 0.266667 0.090643 0.092063
0 0.743421 0.218254 0.124269 0.144444
0 0.711988 0.115079 0.099415 0.176190
0 0.640351 0.561905 0.146199 0.101587
0 0.652778 0.549206 0.057018 0.041270
0 0.628655 0.599206 0.055556 0.106349