0 0.344937 0.806217 0.122785 0.033069
0 0.277215 0.722222 0.050633 0.097884
0 0.223418 0.720899 0.067089 0.037037
0 0.280380 0.605159 0.074684 0.067460
0 0.342405 0.638889 0.041772 0.042328
0 0.381013 0.628307 0.058228 0.079365
0 0.244937 0.553571 0.041772 0.062169
0 0.430380 0.707011 0.126582 0.062169
0 0.446203 0.601190 0.036709 0.051587
0 0.472152 0.561508 0.027848 0.091270
0 0.311392 0.513889 0.111392 0.041005
0 0.379114 0.479497 0.100000 0.080688
0 0.403797 0.395503 0.035443 0.050265
0 0.366456 0.394841 0.079747 0.101852
0 0.330380 0.390873 0.058228 0.070106
0 0.294937 0.425265 0.058228 0.067460
0 0.276582 0.392857 0.059494 0.029101
0 0.192405 0.248677 0.037975 0.074074
0 0.231013 0.302910 0.158228 0.082011
0 0.187342 0.304894 0.121519 0.144180
0 0.277215 0.226190 0.070886 0.124339
0 0.351899 0.251984 0.075949 0.030423
0 0.368987 0.201720 0.084810 0.099206
0 0.399367 0.177910 0.059494 0.078042
0 0.448734 0.146164 0.105063 0.054233
0 0.456329 0.111772 0.150633 0.123016
0 0.506962 0.218254 0.120253 0.097884
0 0.519620 0.222884 0.036709 0.059524
0 0.427215 0.314815 0.064557 0.039683
0 0.496835 0.296958 0.046835 0.048942
0 0.521519 0.343254 0.032911 0.117725
0 0.520886 0.367063 0.110127 0.117725
0 0.663924 0.357143 0.105063 0.037037
0 0.751266 0.378307 0.148101 0.097884
0 0.690506 0.208995 0.188608 0.079365
0 0.822152 0.244709 0.049367 0.031746
0 0.887342 0.396164 0.131646 0.088624
0 0.542405 0.516534 0.064557 0.075397
0 0.624684 0.541667 0.072152 0.083333
0 0.563924 0.643519 0.084810 0.112434
0 0.762658 0.599206 0.084810 0.121693
0 0.706329 0.706349 0.118987 0.089947
0 0.731646 0.798280 0.065823 0.133598
0 0.677215 0.777116 0.045570 0.033069
0 0.687342 0.869709 0.086076 0.112434
0 0.613291 0.864418 0.059494 0.112434