0 0.357351 0.914179 0.112082 0.129851
0 0.244541 0.849254 0.058224 0.256716
0 0.225619 0.827612 0.040757 0.073134
0 0.206696 0.886567 0.183406 0.077612
0 0.168122 0.749254 0.068413 0.134328
0 0.296215 0.733582 0.071325 0.091045
0 0.366812 0.699254 0.043668 0.097015
0 0.345706 0.638806 0.149927 0.101493
0 0.344250 0.552239 0.152838 0.098507
0 0.326783 0.501493 0.045124 0.047761
0 0.386463 0.492537 0.050946 0.050746
0 0.437409 0.485075 0.059680 0.083582
0 0.494178 0.440299 0.059680 0.041791
0 0.453421 0.418657 0.059680 0.070149
0 0.525473 0.552985 0.075691 0.123881
0 0.542213 0.626866 0.065502 0.053731
0 0.620815 0.623881 0.048035 0.065672
0 0.588064 0.656716 0.052402 0.137313
0 0.686317 0.643284 0.135371 0.083582
0 0.832606 0.667910 0.096070 0.123881
0 0.731441 0.517164 0.117904 0.088060
0 0.793304 0.464925 0.133916 0.055224
0 0.759825 0.416418 0.098981 0.056716
0 0.598981 0.495522 0.048035 0.095522
0 0.570597 0.409701 0.043668 0.061194
0 0.591703 0.350746 0.082969 0.205970
0 0.657933 0.313433 0.098981 0.074627
0 0.732897 0.200000 0.068413 0.235821
0 0.644833 0.167164 0.116448 0.083582
0 0.658661 0.269403 0.077147 0.129851
0 0.578603 0.202239 0.045124 0.108955
0 0.523290 0.180597 0.082969 0.074627
0 0.524017 0.305970 0.058224 0.137313
0 0.415575 0.314179 0.082969 0.105970
0 0.433770 0.305970 0.171761 0.062687
0 0.441048 0.167164 0.104803 0.182090
0 0.469432 0.184328 0.103348 0.147761
0 0.245269 0.453731 0.080058 0.214925
0 0.268559 0.438806 0.106259 0.041791
0 0.302038 0.404478 0.068413 0.035821
0 0.338428 0.462687 0.167394 0.047761
0 0.231441 0.283582 0.113537 0.071642
0 0.315866 0.286567 0.104803 0.134328
0 0.368268 0.207463 0.131004 0.167164
0 0.368268 0.124627 0.052402 0.111940
0 0.387191 0.248507 0.078603 0.138806