0 0.225519 0.790909 0.118694 0.166667
0 0.313056 0.837121 0.094955 0.131818
0 0.393175 0.890152 0.083086 0.059091
0 0.434718 0.881061 0.083086 0.113636
0 0.374629 0.793182 0.093472 0.065152
0 0.204006 0.687879 0.182493 0.084848
0 0.180267 0.604545 0.054896 0.072727
0 0.318249 0.693182 0.140950 0.104545
0 0.400593 0.641667 0.056380 0.137879
0 0.288576 0.618182 0.075668 0.039394
0 0.332344 0.584848 0.056380 0.030303
0 0.301929 0.559091 0.066766 0.036364
0 0.341246 0.497727 0.035608 0.119697
0 0.267804 0.456061 0.043027 0.103030
0 0.221068 0.445455 0.077151 0.151515
0 0.222552 0.356818 0.142433 0.153030
0 0.424332 0.370455 0.056380 0.083333
0 0.360534 0.368939 0.086053 0.168182
0 0.376113 0.315152 0.146884 0.248485
0 0.434718 0.555303 0.106825 0.116667
0 0.413205 0.482576 0.048961 0.056061
0 0.460682 0.462879 0.075668 0.053030
0 0.517062 0.537879 0.084570 0.075758
0 0.479970 0.359091 0.051929 0.142424
0 0.548220 0.325758 0.090504 0.042424
0 0.581602 0.396970 0.062315 0.115152
0 0.524481 0.266667 0.084570 0.090909
0 0.532641 0.185606 0.166172 0.192424
0 0.675074 0.340152 0.109792 0.128788
0 0.657270 0.457576 0.083086 0.136364
0 0.577893 0.553788 0.072700 0.095455
0 0.620920 0.515909 0.043027 0.153030
0 0.508160 0.639394 0.034125 0.075758
0 0.414688 0.778030 0.114243 0.101515
0 0.579377 0.831818 0.191395 0.063636
0 0.851632 0.568182 0.068249 0.193939
0 0.719585 0.567424 0.169139 0.122727
0 0.781899 0.740909 0.121662 0.136364
0 0.784866 0.697727 0.041543 0.156061
0 0.365727 0.254545 0.132047 0.096970
0 0.599407 0.660606 0.121662 0.048485
0 0.531157 0.675000 0.094955 0.092424
0 0.641691 0.730303 0.066766 0.090909
0 0.584570 0.741667 0.047478 0.098485
0 0.536350 0.755303 0.218101 0.125758
0 0.500000 0.760606 0.089021 0.057576