0 0.097301 0.394215 0.069602 0.133884
0 0.144176 0.538843 0.083807 0.112397
0 0.128551 0.624793 0.058239 0.052893
0 0.193182 0.653719 0.068182 0.170248
0 0.226562 0.738843 0.029830 0.171901
0 0.276989 0.598347 0.107955 0.092562
0 0.240767 0.533058 0.078125 0.041322
0 0.278409 0.790083 0.062500 0.039669
0 0.277699 0.753719 0.072443 0.046281
0 0.301136 0.690083 0.096591 0.074380
0 0.416193 0.636364 0.048295 0.092562
0 0.442472 0.806612 0.137784 0.142149
0 0.401989 0.769421 0.116477 0.170248
0 0.494318 0.699174 0.065341 0.042975
0 0.791903 0.620661 0.115057 0.157025
0 0.753551 0.754545 0.149148 0.104132
0 0.691051 0.591736 0.137784 0.145455
0 0.542614 0.551240 0.053977 0.074380
0 0.620739 0.568595 0.130682 0.181818
0 0.587358 0.630579 0.058239 0.104132
0 0.482955 0.446281 0.110795 0.085950
0 0.383523 0.553719 0.042614 0.135537
0 0.438920 0.543802 0.076705 0.076033
0 0.474432 0.552066 0.082386 0.119008
0 0.318892 0.438843 0.098011 0.080992
0 0.272017 0.452893 0.115057 0.099174
0 0.176847 0.420661 0.140625 0.166942
0 0.238636 0.240496 0.122159 0.114050
0 0.316051 0.350413 0.143466 0.092562
0 0.435369 0.324793 0.100852 0.051240
0 0.411222 0.194215 0.069602 0.071074
0 0.421875 0.119008 0.110795 0.125620
0 0.529830 0.132231 0.076705 0.128926
0 0.477273 0.304959 0.142045 0.094215
0 0.539062 0.308264 0.180398 0.200000
0 0.629972 0.328099 0.163352 0.133884
0 0.666193 0.203306 0.045455 0.072727
0 0.617188 0.219835 0.083807 0.161983
0 0.605114 0.236364 0.071023 0.132231
0 0.720881 0.390909 0.154830 0.077686
0 0.727983 0.376033 0.052557 0.170248
0 0.729403 0.112397 0.075284 0.062810
0 0.235795 0.324793 0.110795 0.041322
0 0.541903 0.757025 0.089489 0.105785
0 0.586648 0.812397 0.139205 0.064463
0 0.583807 0.733058 0.105114 0.117355