0 0.092990 0.392356 0.108727 0.154446
0 0.262518 0.421217 0.084406 0.046802
0 0.285408 0.428237 0.158798 0.182527
0 0.394134 0.429797 0.153076 0.070203
0 0.495708 0.400156 0.055794 0.042122
0 0.384120 0.477379 0.095851 0.165367
0 0.393419 0.561622 0.094421 0.096724
0 0.293276 0.575663 0.111588 0.127925
0 0.343348 0.715289 0.100143 0.051482
0 0.392704 0.778471 0.058655 0.049922
0 0.459227 0.719969 0.151645 0.113885
0 0.472818 0.686427 0.087268 0.084243
0 0.502861 0.744930 0.118741 0.117005
0 0.497854 0.832293 0.100143 0.126365
0 0.580114 0.789392 0.072961 0.078003
0 0.565093 0.877535 0.171674 0.163807
0 0.699571 0.867395 0.157368 0.090484
0 0.687411 0.727769 0.072961 0.095164
0 0.597997 0.706708 0.097282 0.115445
0 0.580114 0.673167 0.061516 0.051482
0 0.649499 0.648206 0.062947 0.063963
0 0.796853 0.721529 0.060086 0.129485
0 0.555079 0.625585 0.060086 0.065523
0 0.502146 0.623245 0.080114 0.076443
0 0.475680 0.551482 0.135908 0.148206
0 0.578684 0.567863 0.095851 0.118565
0 0.624464 0.541342 0.087268 0.174727
0 0.726753 0.574103 0.042918 0.106084
0 0.702432 0.567083 0.125894 0.101404
0 0.753934 0.644306 0.125894 0.068643
0 0.845494 0.549142 0.045780 0.102964
0 0.909871 0.593604 0.054363 0.179407
0 0.901288 0.719189 0.071531 0.099844
0 0.814735 0.622465 0.115880 0.215289
0 0.727468 0.475039 0.113019 0.104524
0 0.610157 0.407176 0.087268 0.068643
0 0.675250 0.372855 0.088698 0.084243
0 0.396996 0.310452 0.110157 0.065523
0 0.437768 0.327613 0.065808 0.137285
0 0.582976 0.301092 0.115880 0.096724
0 0.582976 0.248830 0.067239 0.070203
0 0.646638 0.265211 0.100143 0.127925
0 0.752504 0.215289 0.151645 0.109204
0 0.798999 0.177067 0.044349 0.120125
0 0.811159 0.287832 0.120172 0.095164
0 0.495708 0.475819 0.155937 0.074883