0 0.631673 0.343621 0.039146 0.053498
0 0.679715 0.211420 0.075919 0.060700
0 0.749703 0.293210 0.083037 0.078189
0 0.766311 0.221708 0.104389 0.033951
0 0.446026 0.165638 0.059312 0.094650
0 0.393832 0.093621 0.049822 0.098765
0 0.334520 0.125514 0.066429 0.057613
0 0.379004 0.172840 0.079478 0.034979
0 0.233689 0.079733 0.042705 0.064815
0 0.244365 0.127058 0.071174 0.087449
0 0.182681 0.153807 0.066429 0.077160
0 0.253262 0.212449 0.110320 0.091564
0 0.252669 0.217078 0.035587 0.049383
0 0.315540 0.264918 0.085409 0.077160
0 0.149466 0.251543 0.035587 0.101852
0 0.179715 0.303498 0.058126 0.076132
0 0.176157 0.375000 0.079478 0.064815
0 0.269870 0.353909 0.096085 0.084362
0 0.223606 0.440329 0.129300 0.104938
0 0.186833 0.432613 0.048636 0.058642
0 0.132859 0.457819 0.052195 0.069959
0 0.306643 0.595165 0.129300 0.091564
0 0.215302 0.599794 0.096085 0.045267
0 0.249703 0.725309 0.084223 0.088477
0 0.281732 0.689300 0.124555 0.069959
0 0.354686 0.734568 0.049822 0.144033
0 0.427639 0.707305 0.034401 0.093621
0 0.391459 0.834362 0.040332 0.106996
0 0.454330 0.850309 0.037960 0.042181
0 0.478648 0.810185 0.046263 0.052469
0 0.454330 0.778807 0.182681 0.111111
0 0.496441 0.749486 0.072361 0.087449
0 0.550415 0.786523 0.083037 0.155350
0 0.610913 0.813786 0.052195 0.024691
0 0.566429 0.886317 0.126928 0.062757
0 0.756821 0.804527 0.073547 0.069959
0 0.543891 0.572016 0.048636 0.051440
0 0.600237 0.532407 0.049822 0.036008
0 0.560498 0.492798 0.053381 0.047325
0 0.604982 0.485082 0.035587 0.075103
0 0.539739 0.678498 0.061684 0.070988
0 0.696916 0.930556 0.069988 0.105967
0 0.740807 0.915123 0.074733 0.038066
0 0.787663 0.881687 0.137604 0.030864
0 0.714709 0.902778 0.100830 0.118313
0 0.820285 0.263889 0.100830 0.095679