0 0.332571 0.074973 0.100571 0.039914
0 0.244571 0.182309 0.100571 0.030205
0 0.310857 0.207659 0.066286 0.089536
0 0.138857 0.217907 0.046857 0.036677
0 0.148571 0.256742 0.045714 0.060410
0 0.189714 0.303668 0.043429 0.067961
0 0.157714 0.357066 0.070857 0.034520
0 0.204571 0.382416 0.045714 0.039914
0 0.230286 0.440129 0.058286 0.032362
0 0.256000 0.324703 0.038857 0.064725
0 0.302286 0.419094 0.044571 0.029126
0 0.312000 0.263215 0.082286 0.062567
0 0.322857 0.368932 0.117714 0.034520
0 0.332000 0.369471 0.083429 0.102481
0 0.361714 0.311758 0.042286 0.060410
0 0.390286 0.302050 0.046857 0.030205
0 0.450857 0.313916 0.051429 0.028047
0 0.436000 0.346818 0.024000 0.035599
0 0.451429 0.392125 0.045714 0.080906
0 0.531429 0.442826 0.027429 0.106796
0 0.252571 0.519417 0.084571 0.087379
0 0.324571 0.523193 0.032000 0.069040
0 0.386286 0.570119 0.036571 0.065804
0 0.437714 0.527508 0.038857 0.060410
0 0.399429 0.545847 0.117714 0.140237
0 0.395429 0.693096 0.116571 0.078749
0 0.421143 0.708738 0.099429 0.110032
0 0.334286 0.799892 0.030857 0.098166
0 0.319429 0.885653 0.117714 0.069040
0 0.561143 0.761057 0.080000 0.074434
0 0.537714 0.846278 0.026286 0.078749
0 0.550857 0.887271 0.093714 0.050701
0 0.570286 0.699569 0.091429 0.059331
0 0.642286 0.909924 0.061714 0.080906
0 0.700000 0.918015 0.030857 0.058252
0 0.587429 0.585221 0.064000 0.143474
0 0.688571 0.552319 0.035429 0.049622
0 0.849143 0.574973 0.054857 0.040992
0 0.748000 0.480583 0.101714 0.083064
0 0.838857 0.483819 0.093714 0.044229
0 0.837714 0.436354 0.130286 0.087379
0 0.598857 0.426106 0.029714 0.084142
0 0.637714 0.410464 0.032000 0.104639
0 0.787429 0.588457 0.144000 0.100324
0 0.666857 0.604639 0.053714 0.035599
0 0.688000 0.624056 0.091429 0.100324