0 0.310185 0.906410 0.178571 0.112821
0 0.259921 0.828205 0.088624 0.056410
0 0.332672 0.807692 0.239418 0.110256
0 0.394841 0.841667 0.093915 0.129487
0 0.382275 0.734615 0.089947 0.071795
0 0.460317 0.733974 0.092593 0.052564
0 0.532407 0.743590 0.093915 0.120513
0 0.499339 0.736538 0.167989 0.167949
0 0.518519 0.639103 0.066138 0.047436
0 0.333995 0.666667 0.112434 0.061538
0 0.265873 0.730128 0.137566 0.093590
0 0.634921 0.754487 0.103175 0.067949
0 0.762566 0.627564 0.138889 0.050000
0 0.769180 0.576923 0.096561 0.066667
0 0.573413 0.591026 0.041005 0.069231
0 0.430556 0.552564 0.046296 0.071795
0 0.686508 0.583974 0.182540 0.142308
0 0.703704 0.464103 0.063492 0.061538
0 0.679233 0.354487 0.059524 0.050000
0 0.695767 0.416026 0.119048 0.175641
0 0.740079 0.398718 0.123016 0.046154
0 0.642857 0.453846 0.251323 0.089744
0 0.537698 0.488462 0.075397 0.038462
0 0.462302 0.482051 0.181217 0.110256
0 0.382937 0.491026 0.072751 0.097436
0 0.414683 0.370513 0.183862 0.061538
0 0.269841 0.597436 0.116402 0.084615
0 0.285053 0.508974 0.054233 0.107692
0 0.300265 0.437821 0.084656 0.044872
0 0.453704 0.456410 0.050265 0.061538
0 0.457011 0.405128 0.212963 0.241026
0 0.457011 0.392308 0.099206 0.202564
0 0.447751 0.326282 0.154762 0.055128
0 0.579365 0.350000 0.092593 0.092308
0 0.164021 0.464103 0.116402 0.100000
0 0.234788 0.392308 0.099206 0.061538
0 0.190476 0.314103 0.082011 0.115385
0 0.685847 0.266667 0.072751 0.058974
0 0.481481 0.241667 0.108466 0.116667
0 0.376984 0.208333 0.079365 0.188462
0 0.554894 0.180128 0.107143 0.111538
0 0.552249 0.255128 0.125661 0.117949
0 0.636905 0.195513 0.162698 0.062821
0 0.662037 0.149359 0.130952 0.091026
0 0.660714 0.090385 0.149471 0.060256
0 0.592593 0.495513 0.113757 0.132051