0 0.168114 0.827534 0.179901 0.099849
0 0.191067 0.838124 0.047146 0.214826
0 0.058933 0.698941 0.055831 0.096823
0 0.110422 0.667927 0.089330 0.046899
0 0.171836 0.611952 0.102978 0.052950
0 0.135236 0.725416 0.101737 0.086233
0 0.188586 0.678517 0.076923 0.110439
0 0.303970 0.677005 0.129032 0.092284
0 0.336849 0.732224 0.095533 0.084720
0 0.335608 0.629349 0.147643 0.111952
0 0.211538 0.401664 0.080645 0.083207
0 0.154467 0.213313 0.112903 0.093797
0 0.285980 0.118003 0.150124 0.063540
0 0.355459 0.219365 0.140199 0.069592
0 0.387097 0.201967 0.119107 0.146747
0 0.256203 0.543116 0.090571 0.229955
0 0.365385 0.552950 0.140199 0.046899
0 0.390199 0.534796 0.043424 0.065053
0 0.380273 0.441755 0.053350 0.090772
0 0.459057 0.475794 0.104218 0.119516
0 0.479529 0.589259 0.085608 0.104387
0 0.424318 0.736762 0.074442 0.181543
0 0.419355 0.694402 0.079404 0.151286
0 0.721464 0.791982 0.035980 0.074130
0 0.614764 0.720877 0.100496 0.143722
0 0.546526 0.663389 0.070720 0.062027
0 0.604839 0.691377 0.080645 0.163389
0 0.557692 0.552194 0.070720 0.154312
0 0.616625 0.478064 0.094293 0.175492
0 0.741315 0.608926 0.140199 0.164902
0 0.733251 0.581694 0.071960 0.107413
0 0.788462 0.481089 0.060794 0.066566
0 0.557692 0.372163 0.055831 0.066566
0 0.580645 0.356278 0.183623 0.104387
0 0.575062 0.284418 0.090571 0.211800
0 0.679901 0.335098 0.074442 0.098336
0 0.766749 0.443268 0.096774 0.105900
0 0.769851 0.419062 0.115385 0.099849
0 0.661290 0.274584 0.089330 0.140696
0 0.619727 0.171710 0.075682 0.065053
0 0.700372 0.167171 0.088089 0.101362
0 0.765509 0.277610 0.171216 0.180030
0 0.833127 0.319213 0.150124 0.066566
0 0.389578 0.326778 0.126551 0.060514
0 0.404467 0.335098 0.116625 0.119516
0 0.450372 0.642209 0.079404 0.068079