0 0.677910 0.719403 0.133598 0.089552
0 0.781085 0.601493 0.075397 0.056716
0 0.855159 0.532090 0.051587 0.168657
0 0.816138 0.463433 0.055556 0.132836
0 0.752646 0.532090 0.169312 0.105970
0 0.656085 0.465672 0.044974 0.062687
0 0.738757 0.398507 0.107143 0.089552
0 0.701058 0.397015 0.132275 0.089552
0 0.705688 0.302239 0.130952 0.105970
0 0.693122 0.235075 0.039683 0.079104
0 0.728836 0.259701 0.058201 0.095522
0 0.829365 0.185075 0.103175 0.092537
0 0.777116 0.211194 0.091270 0.120896
0 0.718915 0.167164 0.056878 0.047761
0 0.632275 0.103731 0.164021 0.058209
0 0.613757 0.166418 0.156085 0.073134
0 0.582672 0.316418 0.085979 0.110448
0 0.592593 0.344030 0.119048 0.079104
0 0.580026 0.750746 0.128307 0.223881
0 0.534392 0.671642 0.087302 0.098507
0 0.558201 0.638060 0.119048 0.061194
0 0.515873 0.714925 0.039683 0.131343
0 0.486772 0.567910 0.111111 0.091045
0 0.580688 0.544776 0.116402 0.095522
0 0.390212 0.664925 0.074074 0.061194
0 0.531085 0.461194 0.088624 0.047761
0 0.477513 0.517910 0.153439 0.194030
0 0.517196 0.387313 0.124339 0.102985
0 0.433201 0.246269 0.059524 0.185075
0 0.396825 0.180597 0.044974 0.083582
0 0.337963 0.307463 0.046296 0.092537
0 0.384921 0.371642 0.076720 0.044776
0 0.339286 0.320149 0.085979 0.064179
0 0.280423 0.291045 0.111111 0.119403
0 0.310185 0.460448 0.120370 0.126866
0 0.360450 0.441045 0.059524 0.046269
0 0.256614 0.515672 0.164021 0.073134
0 0.319444 0.625373 0.125661 0.113433
0 0.206349 0.578358 0.132275 0.162687
0 0.150132 0.501493 0.080688 0.140299
0 0.123016 0.675373 0.089947 0.156716
0 0.324735 0.820149 0.056878 0.088060
0 0.332672 0.882836 0.133598 0.102985
0 0.306878 0.891045 0.092593 0.110448
0 0.214947 0.748507 0.141534 0.079104
0 0.193783 0.744030 0.064815 0.198507