0 0.406627 0.765832 0.148193 0.070692
0 0.560241 0.886598 0.093976 0.156112
0 0.652410 0.843888 0.042169 0.153166
0 0.698795 0.828424 0.072289 0.092784
0 0.624699 0.703240 0.155422 0.089838
0 0.565060 0.629602 0.118072 0.204713
0 0.497590 0.657585 0.084337 0.054492
0 0.448193 0.698822 0.127711 0.060383
0 0.454819 0.645066 0.083133 0.111929
0 0.440361 0.608247 0.102410 0.106038
0 0.251807 0.668630 0.139759 0.079529
0 0.220482 0.638439 0.122892 0.248895
0 0.146988 0.539028 0.110843 0.053019
0 0.212048 0.335788 0.065060 0.064801
0 0.121084 0.404271 0.143373 0.216495
0 0.210843 0.444772 0.139759 0.162003
0 0.251807 0.477172 0.043373 0.138439
0 0.337349 0.497054 0.067470 0.069219
0 0.360241 0.532401 0.053012 0.081001
0 0.400602 0.471281 0.083133 0.047128
0 0.312651 0.434462 0.051807 0.085420
0 0.349398 0.406480 0.077108 0.076583
0 0.418675 0.351252 0.165060 0.083947
0 0.422289 0.365979 0.073494 0.172312
0 0.337952 0.292342 0.075904 0.122239
0 0.307831 0.254050 0.179518 0.142857
0 0.404819 0.251841 0.284337 0.117820
0 0.427711 0.231222 0.115663 0.209131
0 0.501205 0.188513 0.132530 0.079529
0 0.534940 0.131811 0.118072 0.069219
0 0.592169 0.268041 0.114458 0.126657
0 0.486747 0.388071 0.079518 0.139912
0 0.571084 0.371870 0.144578 0.083947
0 0.622289 0.395434 0.148193 0.198822
0 0.460241 0.508100 0.156627 0.126657
0 0.585542 0.536082 0.055422 0.094256
0 0.618072 0.549337 0.069880 0.070692
0 0.618072 0.487482 0.113253 0.100147
0 0.709639 0.553019 0.086747 0.098675
0 0.746386 0.438144 0.119277 0.169367
0 0.721084 0.437408 0.143373 0.088365
0 0.792771 0.569219 0.077108 0.122239
0 0.803614 0.532401 0.115663 0.189985
0 0.855422 0.377761 0.166265 0.260677
0 0.750000 0.296760 0.150602 0.063328
0 0.831928 0.315906 0.114458 0.066274