0 0.513466 0.824798 0.073770 0.088949
0 0.583724 0.745283 0.043326 0.150943
0 0.673888 0.784367 0.071429 0.059299
0 0.733607 0.773585 0.078454 0.110512
0 0.762881 0.810647 0.048009 0.095687
0 0.663349 0.694070 0.066745 0.118598
0 0.682670 0.583558 0.074941 0.132075
0 0.792155 0.549865 0.066745 0.064690
0 0.529859 0.739892 0.076112 0.070081
0 0.531030 0.700135 0.050351 0.057951
0 0.553279 0.617925 0.036300 0.076819
0 0.609485 0.611186 0.092506 0.047170
0 0.610656 0.550539 0.064403 0.036388
0 0.396370 0.568733 0.097190 0.061995
0 0.331967 0.691375 0.174473 0.070081
0 0.293911 0.671833 0.063232 0.187332
0 0.233021 0.474394 0.154567 0.132075
0 0.435012 0.613881 0.085480 0.079515
0 0.376464 0.606469 0.087822 0.043127
0 0.416276 0.430593 0.040984 0.106469
0 0.253513 0.280997 0.069087 0.084906
0 0.300351 0.289084 0.033958 0.106469
0 0.355972 0.311321 0.063232 0.056604
0 0.362412 0.252022 0.064403 0.080863
0 0.432084 0.322776 0.110070 0.128032
0 0.501171 0.318733 0.051522 0.052561
0 0.475410 0.161725 0.063232 0.099730
0 0.567916 0.156334 0.126464 0.156334
0 0.590749 0.253369 0.083138 0.215633
0 0.554450 0.245957 0.115925 0.079515
0 0.511710 0.398922 0.103044 0.123989
0 0.524005 0.419811 0.080796 0.101078
0 0.621194 0.403639 0.111241 0.138814
0 0.599532 0.481806 0.084309 0.125337
0 0.515808 0.605795 0.055035 0.160377
0 0.536300 0.561995 0.142857 0.061995
0 0.759368 0.452830 0.057377 0.032345
0 0.819087 0.462938 0.033958 0.071429
0 0.782201 0.503369 0.053864 0.044474
0 0.718970 0.420485 0.042155 0.061995
0 0.693208 0.451482 0.039813 0.118598
0 0.679157 0.360512 0.110070 0.057951
0 0.742974 0.338949 0.069087 0.119946
0 0.787471 0.314690 0.078454 0.090296
0 0.848361 0.333558 0.057377 0.125337
0 0.694965 0.259434 0.048009 0.160377