0 0.095840 0.658209 0.052006 0.056716
0 0.167905 0.715672 0.065379 0.168657
0 0.261516 0.797015 0.118871 0.050746
0 0.507429 0.785075 0.049034 0.083582
0 0.272660 0.674627 0.096582 0.083582
0 0.364785 0.653731 0.040119 0.059701
0 0.407132 0.659701 0.050520 0.062687
0 0.429421 0.709701 0.124814 0.043284
0 0.331352 0.752239 0.118871 0.059701
0 0.338782 0.716418 0.047548 0.200000
0 0.239227 0.605970 0.139673 0.205970
0 0.267459 0.566418 0.077266 0.037313
0 0.347697 0.478358 0.098068 0.082090
0 0.342496 0.491045 0.108470 0.125373
0 0.375929 0.553731 0.112927 0.050746
0 0.440565 0.605970 0.057949 0.041791
0 0.479198 0.522388 0.081724 0.062687
0 0.440565 0.470149 0.049034 0.092537
0 0.506686 0.453731 0.071322 0.077612
0 0.511887 0.584328 0.072808 0.153731
0 0.851412 0.844776 0.053492 0.068657
0 0.795691 0.844030 0.060921 0.079104
0 0.713967 0.767164 0.164933 0.092537
0 0.696137 0.702985 0.090639 0.140299
0 0.628529 0.613433 0.050520 0.032836
0 0.603269 0.574627 0.065379 0.032836
0 0.577266 0.517164 0.096582 0.100000
0 0.588410 0.420149 0.047548 0.046269
0 0.722883 0.584328 0.046062 0.088060
0 0.622585 0.482836 0.118871 0.061194
0 0.618128 0.468657 0.059435 0.122388
0 0.324666 0.328358 0.072808 0.155224
0 0.346211 0.344776 0.196137 0.056716
0 0.418276 0.291045 0.063893 0.047761
0 0.420505 0.245522 0.083210 0.040299
0 0.630758 0.380597 0.170877 0.185075
0 0.622585 0.134328 0.243685 0.089552
0 0.646360 0.240299 0.115899 0.086567
0 0.664933 0.263433 0.093611 0.114925
0 0.682764 0.272388 0.126300 0.091045
0 0.735513 0.371642 0.092125 0.122388
0 0.819465 0.676119 0.150074 0.104478
0 0.841753 0.662687 0.043091 0.047761
0 0.848440 0.601493 0.071322 0.089552
0 0.800892 0.430597 0.044577 0.147761
0 0.852155 0.464925 0.040119 0.177612