0 0.099624 0.914547 0.078947 0.091556
0 0.257519 0.688708 0.067669 0.087487
0 0.243421 0.739573 0.080827 0.111902
0 0.304981 0.648525 0.100564 0.051882
0 0.199718 0.557986 0.055451 0.045778
0 0.335526 0.589522 0.052632 0.088505
0 0.373120 0.557477 0.043233 0.095626
0 0.375470 0.455748 0.036654 0.095626
0 0.445489 0.502035 0.033835 0.135300
0 0.488252 0.498983 0.046053 0.031536
0 0.481203 0.813327 0.037594 0.092574
0 0.512688 0.742116 0.053571 0.031536
0 0.508459 0.701933 0.069549 0.036623
0 0.547462 0.733469 0.061090 0.099695
0 0.598684 0.710071 0.024436 0.046796
0 0.609962 0.645473 0.030075 0.072228
0 0.788064 0.675992 0.076128 0.106816
0 0.855263 0.609868 0.052632 0.086470
0 0.549342 0.526958 0.029135 0.032553
0 0.627350 0.540692 0.044173 0.035605
0 0.655545 0.512208 0.070489 0.025432
0 0.825658 0.564598 0.027256 0.040692
0 0.819079 0.535605 0.059211 0.037640
0 0.778665 0.528993 0.055451 0.111902
0 0.710056 0.451679 0.034774 0.040692
0 0.743421 0.462360 0.043233 0.074262
0 0.818139 0.414039 0.104323 0.054934
0 0.806391 0.436928 0.109023 0.090539
0 0.906485 0.350458 0.096805 0.037640
0 0.905075 0.224822 0.060150 0.097660
0 0.488252 0.319939 0.057331 0.088505
0 0.558271 0.321974 0.037594 0.027467
0 0.503289 0.403866 0.066729 0.038657
0 0.513628 0.451679 0.051692 0.081384
0 0.633929 0.419125 0.034774 0.038657
0 0.621711 0.392167 0.051692 0.055951
0 0.699718 0.347915 0.025376 0.048830
0 0.664474 0.365209 0.120301 0.124110
0 0.621241 0.351475 0.092105 0.076297
0 0.610902 0.046796 0.120301 0.028484
0 0.773966 0.259919 0.053571 0.155646
0 0.731203 0.203967 0.041353 0.064090
0 0.687500 0.240590 0.049812 0.057986
0 0.646617 0.236012 0.039474 0.081384
0 0.609492 0.166836 0.109962 0.073245
0 0.561560 0.143947 0.074248 0.045778