0 0.112389 0.444731 0.106195 0.104339
0 0.207080 0.398760 0.056637 0.103306
0 0.246460 0.309917 0.030973 0.057851
0 0.254867 0.256198 0.037168 0.051653
0 0.153540 0.219525 0.068142 0.139463
0 0.274336 0.194215 0.051327 0.047521
0 0.446903 0.337810 0.040708 0.088843
0 0.410177 0.428202 0.045133 0.025826
0 0.496460 0.379132 0.083186 0.049587
0 0.439823 0.505165 0.040708 0.051653
0 0.353982 0.724690 0.056637 0.160124
0 0.407522 0.833678 0.046903 0.053719
0 0.430973 0.630682 0.035398 0.085744
0 0.494690 0.707645 0.040708 0.074380
0 0.566372 0.831612 0.060177 0.099174
0 0.557522 0.761880 0.116814 0.075413
0 0.642478 0.725723 0.056637 0.046488
0 0.527434 0.603822 0.026549 0.081612
0 0.581858 0.642045 0.053982 0.054752
0 0.664602 0.821798 0.049558 0.025826
0 0.743363 0.911157 0.107965 0.035124
0 0.830531 0.915806 0.114159 0.104339
0 0.937168 0.837293 0.047788 0.094008
0 0.758407 0.686467 0.084956 0.131198
0 0.813274 0.730888 0.155752 0.075413
0 0.679646 0.792872 0.109735 0.081612
0 0.689381 0.767045 0.090265 0.065083
0 0.907080 0.602789 0.054867 0.145661
0 0.830973 0.474174 0.086726 0.045455
0 0.745575 0.545455 0.039823 0.099174
0 0.510619 0.541322 0.106195 0.078512
0 0.484513 0.517045 0.075221 0.100207
0 0.543805 0.488636 0.064602 0.033058
0 0.574336 0.463843 0.037168 0.039256
0 0.643363 0.568698 0.084956 0.060950
0 0.734071 0.581095 0.135398 0.083678
0 0.791593 0.580062 0.085841 0.071281
0 0.735841 0.604339 0.016814 0.035124
0 0.888938 0.228306 0.034513 0.047521
0 0.861504 0.253616 0.036283 0.050620
0 0.657965 0.483988 0.117699 0.141529
0 0.632743 0.472107 0.069027 0.082645
0 0.597345 0.411157 0.061947 0.084711
0 0.607522 0.416322 0.126549 0.066116
0 0.834956 0.355888 0.105310 0.120868
0 0.193363 0.049070 0.027434 0.077479