0 0.160079 0.586207 0.111989 0.056426
0 0.161397 0.612069 0.075099 0.170846
0 0.257576 0.634796 0.085639 0.053292
0 0.239789 0.735110 0.065876 0.084639
0 0.296443 0.749216 0.089592 0.172414
0 0.274704 0.836991 0.051383 0.184953
0 0.332675 0.680251 0.030303 0.094044
0 0.366930 0.731975 0.043478 0.090909
0 0.400527 0.837774 0.084321 0.076803
0 0.504611 0.783699 0.163373 0.094044
0 0.518445 0.811912 0.106719 0.090909
0 0.474308 0.873824 0.055336 0.155172
0 0.585639 0.865204 0.164690 0.147335
0 0.445323 0.721003 0.089592 0.059561
0 0.481555 0.677116 0.030303 0.047022
0 0.512516 0.697492 0.086957 0.053292
0 0.493412 0.635580 0.130435 0.076803
0 0.554677 0.593260 0.060606 0.136364
0 0.498024 0.557994 0.055336 0.050157
0 0.451252 0.560345 0.048748 0.054859
0 0.420290 0.536050 0.131752 0.075235
0 0.613307 0.572100 0.035573 0.175549
0 0.657444 0.681818 0.068511 0.150470
0 0.657444 0.662226 0.057971 0.214734
0 0.699605 0.543887 0.084321 0.115987
0 0.799078 0.416144 0.090909 0.192790
0 0.738472 0.259404 0.093544 0.076803
0 0.768775 0.315047 0.117260 0.231975
0 0.785244 0.219436 0.052701 0.040752
0 0.910408 0.413009 0.094862 0.155172
0 0.861001 0.356583 0.075099 0.227273
0 0.841897 0.236677 0.081686 0.128527
0 0.755599 0.129310 0.164690 0.111285
0 0.563241 0.127743 0.235837 0.061129
0 0.581686 0.386364 0.075099 0.092476
0 0.572464 0.432602 0.051383 0.072100
0 0.534256 0.460031 0.067194 0.061129
0 0.509881 0.456897 0.076416 0.130094
0 0.450593 0.452194 0.060606 0.117555
0 0.450593 0.401254 0.060606 0.109718
0 0.425560 0.318182 0.123847 0.059561
0 0.272727 0.478840 0.079051 0.054859
0 0.366930 0.463166 0.088274 0.067398
0 0.341238 0.397335 0.034256 0.083072
0 0.297101 0.359718 0.069829 0.155172
0 0.260870 0.375392 0.055336 0.083072