0 0.859375 0.103862 0.040179 0.135819
0 0.757143 0.298269 0.075000 0.135819
0 0.645089 0.229694 0.049107 0.113182
0 0.802232 0.370839 0.041964 0.115846
0 0.866071 0.366178 0.058929 0.133156
0 0.943304 0.518642 0.029464 0.075899
0 0.900000 0.548602 0.055357 0.157124
0 0.774554 0.910120 0.033036 0.145140
0 0.786607 0.604527 0.044643 0.122503
0 0.768750 0.633822 0.103571 0.045273
0 0.583482 0.857523 0.041964 0.066578
0 0.548214 0.805593 0.028571 0.125166
0 0.588839 0.781625 0.038393 0.047936
0 0.619196 0.824900 0.088393 0.059920
0 0.588839 0.857523 0.091964 0.167776
0 0.675446 0.804261 0.049107 0.042610
0 0.731250 0.835553 0.048214 0.142477
0 0.708929 0.789614 0.025000 0.119840
0 0.649107 0.756325 0.037500 0.042610
0 0.616071 0.733688 0.076786 0.050599
0 0.412946 0.702397 0.097321 0.070573
0 0.434375 0.648469 0.024107 0.071904
0 0.495982 0.621172 0.041964 0.041278
0 0.526786 0.682423 0.080357 0.059920
0 0.551786 0.641811 0.025000 0.050599
0 0.535268 0.579228 0.024107 0.079893
0 0.498214 0.525300 0.071429 0.097204
0 0.586161 0.630493 0.034821 0.083888
0 0.599107 0.621172 0.080357 0.161119
0 0.616071 0.699734 0.126786 0.075899
0 0.679464 0.586551 0.046429 0.059920
0 0.630357 0.579893 0.058929 0.078562
0 0.682143 0.539947 0.082143 0.043941
0 0.623214 0.515979 0.021429 0.049268
0 0.730804 0.714381 0.075893 0.150466
0 0.781250 0.717044 0.080357 0.043941
0 0.754464 0.671771 0.062500 0.038615
0 0.668304 0.371505 0.040179 0.037284
0 0.655357 0.397470 0.062500 0.054594
0 0.653571 0.453395 0.041071 0.075899
0 0.592411 0.474700 0.047321 0.137150
0 0.568750 0.471372 0.030357 0.093209
0 0.554464 0.421438 0.067857 0.078562
0 0.599554 0.386152 0.024107 0.087883
0 0.576339 0.340213 0.106250 0.105193
0 0.050893 0.406125 0.028571 0.053262