0 0.359254 0.300787 0.137532 0.176378
0 0.212725 0.348819 0.116967 0.121260
0 0.160668 0.510236 0.077121 0.223622
0 0.253856 0.485039 0.057841 0.097638
0 0.217866 0.545669 0.037275 0.114961
0 0.200514 0.651181 0.079692 0.240945
0 0.118252 0.722835 0.051414 0.113386
0 0.276992 0.675591 0.070694 0.072441
0 0.311054 0.519685 0.035990 0.160630
0 0.372108 0.567717 0.073265 0.218898
0 0.397172 0.495276 0.038560 0.080315
0 0.387532 0.366142 0.062982 0.140157
0 0.398458 0.580315 0.110540 0.165354
0 0.437661 0.593701 0.060411 0.040945
0 0.382391 0.703937 0.116967 0.135433
0 0.326478 0.782677 0.053985 0.062992
0 0.463368 0.688976 0.052699 0.039370
0 0.540488 0.699213 0.039846 0.075591
0 0.584833 0.704724 0.043702 0.089764
0 0.570694 0.780315 0.192802 0.108661
0 0.483933 0.840945 0.114396 0.091339
0 0.476221 0.830709 0.052699 0.114961
0 0.460154 0.896063 0.115681 0.160630
0 0.490360 0.607087 0.096401 0.285039
0 0.641388 0.648819 0.131105 0.078740
0 0.710154 0.696850 0.142674 0.070866
0 0.742288 0.665354 0.042416 0.177953
0 0.871465 0.705512 0.143959 0.047244
0 0.825835 0.599213 0.124679 0.114961
0 0.785347 0.571654 0.087404 0.091339
0 0.709512 0.577953 0.041131 0.066142
0 0.631748 0.577165 0.119537 0.089764
0 0.658098 0.486614 0.051414 0.122835
0 0.498072 0.458268 0.044987 0.170079
0 0.509640 0.405512 0.160668 0.152756
0 0.544987 0.403937 0.038560 0.102362
0 0.521208 0.314173 0.052699 0.058268
0 0.475578 0.248819 0.084833 0.091339
0 0.544987 0.255906 0.069409 0.130709
0 0.598329 0.241732 0.047558 0.168504
0 0.632391 0.169291 0.107969 0.168504
0 0.678021 0.325984 0.129820 0.085039
0 0.755784 0.251969 0.141388 0.047244
0 0.814267 0.314173 0.057841 0.105512
0 0.742931 0.407087 0.136247 0.124409
0 0.879820 0.423622 0.096401 0.100787