0 0.102326 0.349938 0.065116 0.067248
0 0.447674 0.810087 0.127907 0.048568
0 0.425581 0.695517 0.046512 0.083437
0 0.511047 0.743462 0.077907 0.077210
0 0.255233 0.293275 0.084884 0.103362
0 0.563372 0.094022 0.052326 0.051059
0 0.465698 0.232877 0.061628 0.064757
0 0.437791 0.139477 0.047674 0.087173
0 0.469186 0.091532 0.082558 0.061021
0 0.426744 0.190535 0.100000 0.044832
0 0.377907 0.313200 0.053488 0.051059
0 0.325581 0.315691 0.067442 0.063512
0 0.340116 0.370486 0.094186 0.070984
0 0.465698 0.377335 0.089535 0.074720
0 0.462791 0.305729 0.109302 0.115816
0 0.581977 0.240349 0.140698 0.119552
0 0.603488 0.176837 0.041860 0.077210
0 0.655233 0.183064 0.054651 0.044832
0 0.697093 0.183064 0.098837 0.112080
0 0.620349 0.379203 0.045349 0.066002
0 0.255814 0.421544 0.088372 0.078456
0 0.298837 0.449564 0.044186 0.062267
0 0.309302 0.512453 0.097674 0.063512
0 0.397093 0.595268 0.047674 0.107098
0 0.386047 0.574720 0.120930 0.046077
0 0.473256 0.531133 0.048837 0.128269
0 0.560465 0.472603 0.072093 0.128269
0 0.588372 0.447696 0.065116 0.051059
0 0.517442 0.683064 0.074419 0.070984
0 0.571512 0.665629 0.082558 0.100872
0 0.699419 0.661893 0.045349 0.051059
0 0.675000 0.749066 0.145349 0.100872
0 0.832558 0.659402 0.076744 0.056040
0 0.661628 0.569116 0.102326 0.044832
0 0.693605 0.523661 0.110465 0.048568
0 0.774419 0.504981 0.111628 0.118306
0 0.774419 0.510585 0.076744 0.099626
0 0.913953 0.514944 0.067442 0.103362
0 0.905814 0.405355 0.055814 0.118306
0 0.734884 0.179950 0.100000 0.165629
0 0.873256 0.285803 0.065116 0.056040
0 0.747093 0.343711 0.122093 0.154421
0 0.799419 0.293898 0.117442 0.097136
0 0.816860 0.207347 0.063953 0.061021
0 0.811628 0.247198 0.081395 0.046077
0 0.479651 0.763387 0.082558 0.052304