0 0.348291 0.713866 0.032051 0.052879
0 0.201923 0.623384 0.066239 0.066980
0 0.141026 0.513514 0.040598 0.157462
0 0.089209 0.545828 0.071581 0.184489
0 0.157585 0.300235 0.088675 0.062280
0 0.261752 0.248531 0.096154 0.064630
0 0.348825 0.150999 0.165598 0.050529
0 0.458868 0.175088 0.097222 0.103408
0 0.425214 0.136898 0.104701 0.182139
0 0.531517 0.189189 0.129274 0.086957
0 0.652244 0.248531 0.071581 0.090482
0 0.621795 0.317274 0.079060 0.070505
0 0.589209 0.355464 0.077991 0.055229
0 0.535791 0.289659 0.054487 0.043478
0 0.498397 0.313749 0.065171 0.084606
0 0.452457 0.350176 0.129274 0.190364
0 0.469017 0.403643 0.042735 0.081081
0 0.641560 0.420682 0.095085 0.068155
0 0.698184 0.443596 0.043803 0.062280
0 0.763355 0.497650 0.058761 0.038778
0 0.858974 0.525264 0.128205 0.108108
0 0.831197 0.596357 0.081197 0.078731
0 0.794338 0.611046 0.035256 0.047004
0 0.739850 0.596357 0.065171 0.069330
0 0.777778 0.662162 0.108974 0.055229
0 0.635684 0.552879 0.029915 0.090482
0 0.603098 0.504113 0.080128 0.051704
0 0.532051 0.520564 0.057692 0.037603
0 0.486111 0.533490 0.096154 0.143361
0 0.540064 0.564630 0.065171 0.071680
0 0.529380 0.641011 0.114316 0.034078
0 0.625534 0.634548 0.043803 0.058754
0 0.570513 0.689189 0.049145 0.055229
0 0.536325 0.705640 0.049145 0.088132
0 0.628739 0.687427 0.063034 0.035253
0 0.623397 0.717979 0.135684 0.101058
0 0.636752 0.752644 0.064103 0.031727
0 0.645299 0.812573 0.132479 0.074031
0 0.661325 0.809636 0.064103 0.136310
0 0.821581 0.770270 0.164530 0.078731
0 0.776709 0.832550 0.106838 0.038778
0 0.760684 0.847239 0.066239 0.148061
0 0.596688 0.887779 0.037393 0.041128
0 0.575855 0.915394 0.170940 0.098707
0 0.809829 0.923619 0.079060 0.082256
0 0.451389 0.239718 0.063034 0.042303