0 0.345152 0.884558 0.047757 0.053973
0 0.356006 0.927286 0.141823 0.058471
0 0.224313 0.898051 0.089725 0.134933
0 0.521708 0.881559 0.056440 0.107946
0 0.505065 0.786357 0.072359 0.037481
0 0.112156 0.754123 0.094067 0.134933
0 0.152677 0.702399 0.068017 0.085457
0 0.283647 0.620690 0.063676 0.047976
0 0.279305 0.714393 0.118669 0.094453
0 0.280029 0.763868 0.108538 0.160420
0 0.308973 0.796102 0.125904 0.053973
0 0.395803 0.652174 0.094067 0.053973
0 0.427641 0.705397 0.105644 0.097451
0 0.464544 0.603448 0.052098 0.058471
0 0.511577 0.619940 0.085384 0.094453
0 0.188133 0.461769 0.054993 0.131934
0 0.153401 0.529985 0.081042 0.049475
0 0.222142 0.517991 0.198263 0.157421
0 0.234443 0.541229 0.057887 0.128936
0 0.264834 0.477511 0.054993 0.055472
0 0.350941 0.395802 0.085384 0.101949
0 0.408828 0.350075 0.076700 0.061469
0 0.405210 0.505997 0.136035 0.097451
0 0.588278 0.604198 0.062229 0.068966
0 0.653401 0.711394 0.096961 0.112444
0 0.670767 0.601199 0.079595 0.122939
0 0.639653 0.515742 0.046310 0.092954
0 0.583936 0.454273 0.041968 0.059970
0 0.469609 0.443028 0.068017 0.055472
0 0.592619 0.391304 0.151954 0.059970
0 0.583213 0.355322 0.089725 0.050975
0 0.727207 0.836582 0.085384 0.119940
0 0.751809 0.859070 0.169320 0.128936
0 0.819826 0.767616 0.114327 0.158921
0 0.893632 0.576462 0.154848 0.190405
0 0.905210 0.559220 0.082489 0.110945
0 0.900145 0.368816 0.101302 0.071964
0 0.548480 0.118441 0.133140 0.119940
0 0.738784 0.581709 0.091172 0.131934
0 0.796671 0.549475 0.053546 0.160420
0 0.749638 0.491004 0.098408 0.076462
0 0.828509 0.482759 0.096961 0.200900
0 0.492764 0.312594 0.076700 0.130435
0 0.617945 0.258621 0.069465 0.064468
0 0.637482 0.292354 0.076700 0.077961
0 0.516643 0.254123 0.147612 0.073463