0 0.500765 0.897196 0.267584 0.067290
0 0.672783 0.724299 0.045872 0.200000
0 0.730887 0.743925 0.076453 0.142056
0 0.492355 0.818692 0.155963 0.052336
0 0.409786 0.763551 0.140673 0.162617
0 0.487768 0.747664 0.244648 0.067290
0 0.592508 0.587850 0.209480 0.267290
0 0.560398 0.642991 0.071865 0.082243
0 0.672018 0.532710 0.105505 0.153271
0 0.814220 0.562617 0.090214 0.071028
0 0.840214 0.645794 0.123853 0.147664
0 0.828746 0.568224 0.079511 0.213084
0 0.772171 0.477570 0.128440 0.110280
0 0.835627 0.370093 0.221713 0.224299
0 0.838685 0.378505 0.105505 0.084112
0 0.836391 0.296262 0.134557 0.065421
0 0.846330 0.232710 0.071865 0.244860
0 0.817278 0.098131 0.099388 0.050467
0 0.634557 0.171963 0.269113 0.074766
0 0.586391 0.242056 0.157492 0.140187
0 0.628440 0.350467 0.030581 0.080374
0 0.669725 0.362617 0.097859 0.168224
0 0.662844 0.391589 0.111621 0.147664
0 0.546636 0.489720 0.047401 0.078505
0 0.533639 0.384112 0.128440 0.147664
0 0.506881 0.442056 0.102446 0.117757
0 0.429664 0.324299 0.042813 0.173832
0 0.392966 0.285981 0.094801 0.093458
0 0.222477 0.441121 0.081040 0.052336
0 0.324924 0.455140 0.081040 0.046729
0 0.297401 0.403738 0.093272 0.074766
0 0.165902 0.503738 0.047401 0.080374
0 0.231651 0.513084 0.282875 0.170093
0 0.340979 0.700000 0.155963 0.177570
0 0.314220 0.683178 0.084098 0.065421
0 0.303517 0.571028 0.041284 0.076636
0 0.347095 0.569159 0.051988 0.132710
0 0.233180 0.682243 0.056575 0.194393
0 0.195719 0.710280 0.131498 0.134579
0 0.120031 0.617757 0.102446 0.076636
0 0.117737 0.625234 0.070336 0.117757
0 0.308104 0.232710 0.194190 0.084112
0 0.348624 0.393458 0.146789 0.114019
0 0.747706 0.391589 0.051988 0.057944
0 0.467125 0.376636 0.077982 0.125234
0 0.175841 0.744860 0.067278 0.042991