0 0.296820 0.876462 0.282686 0.153509
0 0.524735 0.945175 0.180212 0.062865
0 0.813604 0.902047 0.362191 0.096491
0 0.226148 0.715643 0.077739 0.103801
0 0.131625 0.671784 0.128975 0.179825
0 0.152827 0.556287 0.097173 0.057018
0 0.272968 0.677632 0.061837 0.153509
0 0.369258 0.691520 0.151943 0.140351
0 0.374558 0.619883 0.102473 0.131579
0 0.484982 0.775585 0.192580 0.112573
0 0.594523 0.733918 0.072438 0.093567
0 0.751767 0.828947 0.114841 0.070175
0 0.903710 0.819444 0.157244 0.080409
0 0.881625 0.698099 0.159011 0.080409
0 0.698763 0.701023 0.083039 0.226608
0 0.641343 0.812865 0.130742 0.184211
0 0.531802 0.640351 0.137809 0.043860
0 0.496466 0.711257 0.102473 0.036550
0 0.509717 0.682018 0.075972 0.159357
0 0.491166 0.546053 0.081272 0.074561
0 0.532686 0.576754 0.139576 0.057018
0 0.672261 0.578216 0.128975 0.109649
0 0.838339 0.537281 0.090106 0.092105
0 0.281802 0.546053 0.086572 0.068713
0 0.408127 0.443713 0.070671 0.051170
0 0.418728 0.405702 0.077739 0.036550
0 0.361307 0.388889 0.065371 0.093567
0 0.304770 0.361111 0.075972 0.146199
0 0.286219 0.304094 0.067138 0.040936
0 0.238516 0.407895 0.084806 0.081871
0 0.481449 0.270468 0.047703 0.055556
0 0.142226 0.477339 0.111307 0.135965
0 0.078622 0.413743 0.097173 0.172515
0 0.124558 0.331140 0.153710 0.138889
0 0.141343 0.200292 0.201413 0.105263
0 0.203180 0.142544 0.197880 0.159357
0 0.383392 0.133041 0.151943 0.175439
0 0.387809 0.213450 0.114841 0.175439
0 0.489399 0.316520 0.212014 0.077485
0 0.515901 0.324561 0.095406 0.093567
0 0.643993 0.453947 0.171378 0.051170
0 0.575972 0.409357 0.084806 0.108187
0 0.492933 0.502924 0.176678 0.119883
0 0.644876 0.369152 0.063604 0.065789
0 0.714664 0.422515 0.167845 0.040936
0 0.853357 0.396199 0.127208 0.134503