0 0.120637 0.408081 0.141123 0.072727
0 0.204097 0.476768 0.128983 0.056566
0 0.298179 0.363636 0.089530 0.157576
0 0.322458 0.215152 0.071320 0.094949
0 0.363429 0.214141 0.044006 0.105051
0 0.373293 0.318182 0.048558 0.038384
0 0.376328 0.339394 0.106222 0.068687
0 0.501517 0.238384 0.119879 0.125253
0 0.471168 0.306061 0.056146 0.107071
0 0.432473 0.388889 0.042489 0.078788
0 0.371017 0.438384 0.110774 0.080808
0 0.473445 0.433333 0.033384 0.090909
0 0.374052 0.490909 0.077390 0.084848
0 0.430197 0.531313 0.183612 0.056566
0 0.504552 0.493939 0.053111 0.054545
0 0.265554 0.639394 0.057663 0.171717
0 0.363429 0.588889 0.132018 0.135354
0 0.327011 0.702020 0.044006 0.171717
0 0.405159 0.826263 0.063733 0.064646
0 0.395296 0.911111 0.080425 0.101010
0 0.493930 0.700000 0.104704 0.151515
0 0.588771 0.480808 0.139605 0.072727
0 0.553869 0.514141 0.051593 0.038384
0 0.609256 0.506061 0.044006 0.111111
0 0.588771 0.554545 0.197269 0.111111
0 0.531108 0.796970 0.115326 0.058586
0 0.525038 0.757576 0.097117 0.214141
0 0.618361 0.730303 0.089530 0.212121
0 0.624431 0.643434 0.044006 0.042424
0 0.591047 0.733333 0.034901 0.068687
0 0.604704 0.787879 0.037936 0.101010
0 0.701821 0.659596 0.086495 0.187879
0 0.892261 0.383838 0.106222 0.121212
0 0.853566 0.391919 0.092564 0.121212
0 0.783763 0.353535 0.044006 0.101010
0 0.767830 0.419192 0.063733 0.046465
0 0.724583 0.441414 0.062215 0.147475
0 0.701062 0.493939 0.057663 0.200000
0 0.594841 0.380808 0.084977 0.054545
0 0.642640 0.421212 0.031866 0.151515
0 0.735964 0.276768 0.151745 0.141414
0 0.700303 0.313131 0.047041 0.113131
0 0.762519 0.159596 0.037936 0.113131
0 0.637329 0.209091 0.106222 0.131313
0 0.706373 0.153535 0.086495 0.193939
0 0.710926 0.627273 0.037936 0.058586