0 0.185154 0.292769 0.124573 0.088183
0 0.253413 0.291887 0.080205 0.093474
0 0.138225 0.396825 0.105802 0.095238
0 0.194539 0.460317 0.095563 0.052910
0 0.191980 0.548501 0.049488 0.052910
0 0.243174 0.633157 0.066553 0.077601
0 0.175768 0.605820 0.112628 0.146384
0 0.186007 0.725750 0.139932 0.192240
0 0.293515 0.642857 0.044369 0.202822
0 0.351536 0.414462 0.194539 0.134039
0 0.371160 0.397707 0.046075 0.065256
0 0.308874 0.388889 0.105802 0.287478
0 0.417235 0.299824 0.049488 0.070547
0 0.467577 0.303351 0.047782 0.098765
0 0.670648 0.114638 0.255973 0.105820
0 0.590444 0.127866 0.146758 0.065256
0 0.710751 0.213404 0.066553 0.141093
0 0.568259 0.223986 0.139932 0.056437
0 0.616041 0.357143 0.163823 0.082892
0 0.538396 0.315697 0.093857 0.158730
0 0.616041 0.312169 0.078498 0.098765
0 0.525597 0.462963 0.081911 0.185185
0 0.550341 0.428571 0.083618 0.042328
0 0.587884 0.465608 0.069966 0.105820
0 0.468430 0.547619 0.141638 0.121693
0 0.415529 0.567901 0.052901 0.063492
0 0.483788 0.634921 0.107509 0.123457
0 0.587884 0.590829 0.076792 0.116402
0 0.370307 0.735450 0.064846 0.059965
0 0.413823 0.752205 0.186007 0.111111
0 0.465870 0.804233 0.146758 0.056437
0 0.452218 0.837743 0.075085 0.028219
0 0.452218 0.898589 0.129693 0.061728
0 0.575085 0.802469 0.051195 0.123457
0 0.644198 0.540564 0.046075 0.065256
0 0.678328 0.645503 0.117747 0.194004
0 0.644198 0.663139 0.127986 0.067019
0 0.732082 0.560847 0.081911 0.109347
0 0.848123 0.578483 0.105802 0.102293
0 0.790102 0.518519 0.061433 0.088183
0 0.833618 0.457672 0.052901 0.181658
0 0.883106 0.399471 0.117747 0.178131
0 0.713311 0.365079 0.081911 0.102293
0 0.778157 0.320106 0.061433 0.185185
0 0.859215 0.281305 0.083618 0.040564
0 0.937713 0.294533 0.059727 0.045855