0 0.303571 0.881061 0.115714 0.107576
0 0.382143 0.827273 0.104286 0.115152
0 0.330000 0.719697 0.051429 0.081818
0 0.382857 0.718939 0.054286 0.050000
0 0.475000 0.827273 0.132857 0.093939
0 0.172857 0.718182 0.100000 0.215152
0 0.210714 0.743939 0.035714 0.078788
0 0.200000 0.606061 0.097143 0.106061
0 0.282143 0.746212 0.072857 0.146970
0 0.305000 0.615152 0.161429 0.124242
0 0.318571 0.576515 0.111429 0.104545
0 0.423571 0.581061 0.032857 0.116667
0 0.412857 0.568939 0.085714 0.040909
0 0.508571 0.739394 0.117143 0.093939
0 0.630714 0.778788 0.101429 0.081818
0 0.537143 0.638636 0.057143 0.146970
0 0.653571 0.676515 0.161429 0.043939
0 0.602857 0.590909 0.128571 0.093939
0 0.737143 0.658333 0.114286 0.174242
0 0.890714 0.519697 0.061429 0.190909
0 0.842857 0.455303 0.071429 0.265152
0 0.730000 0.498485 0.125714 0.115152
0 0.795000 0.303788 0.098571 0.119697
0 0.754286 0.336364 0.097143 0.184848
0 0.677857 0.390152 0.041429 0.101515
0 0.639286 0.375758 0.050000 0.042424
0 0.605714 0.362879 0.054286 0.140909
0 0.550714 0.485606 0.181429 0.107576
0 0.498571 0.392424 0.074286 0.151515
0 0.329286 0.506818 0.135714 0.053030
0 0.291429 0.465909 0.051429 0.068182
0 0.200714 0.465909 0.078571 0.053030
0 0.199286 0.425000 0.132857 0.065152
0 0.267143 0.376515 0.034286 0.128788
0 0.315000 0.298485 0.072857 0.033333
0 0.190000 0.331061 0.071429 0.056061
0 0.235714 0.259848 0.102857 0.046970
0 0.292857 0.168939 0.080000 0.068182
0 0.362143 0.192424 0.044286 0.112121
0 0.397857 0.315152 0.101429 0.100000
0 0.410714 0.234091 0.058571 0.140909
0 0.480000 0.250000 0.054286 0.054545
0 0.558571 0.229545 0.068571 0.059091
0 0.501429 0.184091 0.134286 0.080303
0 0.680000 0.234091 0.142857 0.128788
0 0.446429 0.114394 0.055714 0.095455