0 0.820280 0.106518 0.088112 0.050874
0 0.843357 0.148649 0.131469 0.081081
0 0.762238 0.175676 0.041958 0.154213
0 0.729371 0.131955 0.051748 0.146264
0 0.649650 0.135135 0.065734 0.190779
0 0.561538 0.236089 0.068531 0.093800
0 0.530769 0.167727 0.032168 0.141494
0 0.451049 0.134340 0.088112 0.058824
0 0.440559 0.191574 0.128671 0.071542
0 0.495804 0.245628 0.054545 0.100159
0 0.474126 0.293323 0.109091 0.154213
0 0.372028 0.250397 0.117483 0.062003
0 0.432168 0.344197 0.072727 0.128776
0 0.322378 0.315580 0.113287 0.074722
0 0.325874 0.338633 0.072727 0.136725
0 0.230070 0.285374 0.085315 0.147854
0 0.107692 0.375994 0.103497 0.240064
0 0.154545 0.444356 0.088112 0.087440
0 0.150350 0.542130 0.079720 0.082671
0 0.218881 0.399046 0.076923 0.044515
0 0.285315 0.406995 0.072727 0.057234
0 0.272028 0.512719 0.127273 0.147854
0 0.358042 0.457870 0.041958 0.079491
0 0.388112 0.483307 0.054545 0.136725
0 0.326573 0.537361 0.051748 0.069952
0 0.249650 0.607313 0.079720 0.063593
0 0.339161 0.585056 0.065734 0.057234
0 0.483217 0.437202 0.141259 0.066773
0 0.570629 0.380763 0.061538 0.049285
0 0.560839 0.416534 0.061538 0.063593
0 0.611888 0.399841 0.043357 0.074722
0 0.659441 0.325914 0.102098 0.117647
0 0.641259 0.494436 0.166434 0.047695
0 0.474126 0.616057 0.078322 0.087440
0 0.418182 0.595390 0.097902 0.144674
0 0.363636 0.665342 0.047552 0.087440
0 0.303497 0.651828 0.100699 0.082671
0 0.204196 0.686804 0.117483 0.117647
0 0.367832 0.765501 0.153846 0.096979
0 0.319580 0.772655 0.124476 0.117647
0 0.915385 0.528617 0.054545 0.090620
0 0.838462 0.524642 0.130070 0.181240
0 0.802797 0.505564 0.103497 0.063593
0 0.774825 0.634340 0.232168 0.057234
0 0.681818 0.836248 0.096503 0.181240
0 0.474825 0.802862 0.118881 0.174881