0 0.595112 0.705813 0.095643 0.102017
0 0.497343 0.765125 0.102019 0.068802
0 0.299150 0.781139 0.043571 0.041518
0 0.184378 0.629893 0.026567 0.064057
0 0.283741 0.632266 0.029756 0.135231
0 0.428799 0.699881 0.043571 0.056940
0 0.397450 0.640569 0.042508 0.056940
0 0.428268 0.652432 0.129649 0.049822
0 0.427736 0.595492 0.032944 0.068802
0 0.369288 0.596679 0.073326 0.182681
0 0.351222 0.622776 0.058448 0.078292
0 0.329437 0.538553 0.065887 0.123369
0 0.503188 0.559312 0.073326 0.048636
0 0.459086 0.605575 0.034006 0.126928
0 0.517003 0.513642 0.056323 0.035587
0 0.581828 0.602610 0.071201 0.052195
0 0.606801 0.534401 0.087141 0.088968
0 0.728480 0.517200 0.130712 0.097272
0 0.581296 0.441874 0.063762 0.039146
0 0.511690 0.373665 0.069075 0.083037
0 0.524973 0.373665 0.127524 0.130486
0 0.726355 0.309015 0.100956 0.060498
0 0.923486 0.243772 0.112646 0.181495
0 0.043571 0.553974 0.055260 0.068802
0 0.109458 0.520759 0.078640 0.158956
0 0.249734 0.526097 0.068013 0.079478
0 0.223167 0.491696 0.021254 0.041518
0 0.170563 0.506524 0.075452 0.071174
0 0.180659 0.483986 0.150903 0.111507
0 0.209883 0.519573 0.107333 0.168446
0 0.145590 0.411625 0.053135 0.030842
0 0.126993 0.366548 0.143464 0.049822
0 0.224761 0.331554 0.028693 0.160142
0 0.329437 0.469158 0.042508 0.053381
0 0.416047 0.383749 0.024442 0.055753
0 0.343252 0.392052 0.099894 0.103203
0 0.388948 0.298339 0.121148 0.039146
0 0.285335 0.236655 0.058448 0.086595
0 0.250797 0.237841 0.187035 0.069988
0 0.241764 0.145907 0.092455 0.090154
0 0.354942 0.212930 0.042508 0.079478
0 0.384166 0.202847 0.052072 0.080664
0 0.458555 0.216489 0.075452 0.081851
0 0.396918 0.064057 0.126461 0.071174
0 0.653560 0.068802 0.055260 0.042705
0 0.709883 0.080071 0.040383 0.100830