0 0.070659 0.742500 0.068641 0.151667
0 0.179677 0.795833 0.063257 0.061667
0 0.244953 0.786667 0.158816 0.166667
0 0.282638 0.859167 0.123822 0.171667
0 0.299462 0.775833 0.098250 0.115000
0 0.321669 0.870833 0.094213 0.065000
0 0.389637 0.877500 0.090175 0.178333
0 0.430686 0.908333 0.118439 0.056667
0 0.473082 0.814167 0.065949 0.061667
0 0.408479 0.747500 0.098250 0.045000
0 0.509421 0.719167 0.100942 0.048333
0 0.406460 0.664167 0.094213 0.108333
0 0.331763 0.645000 0.160162 0.106667
0 0.390983 0.600000 0.117093 0.073333
0 0.500673 0.619167 0.040377 0.081667
0 0.372813 0.543333 0.059219 0.060000
0 0.343203 0.477500 0.115747 0.065000
0 0.325707 0.474167 0.126514 0.105000
0 0.445491 0.429167 0.086137 0.048333
0 0.335128 0.369167 0.129206 0.108333
0 0.357335 0.342500 0.065949 0.038333
0 0.241588 0.205833 0.103634 0.238333
0 0.710633 0.777500 0.096904 0.178333
0 0.664199 0.700000 0.060565 0.140000
0 0.670256 0.610000 0.115747 0.073333
0 0.548452 0.627500 0.044415 0.095000
0 0.532301 0.445833 0.098250 0.118333
0 0.548452 0.398333 0.082100 0.140000
0 0.590175 0.353333 0.092867 0.040000
0 0.582100 0.322500 0.041723 0.061667
0 0.637281 0.358333 0.071332 0.103333
0 0.685734 0.466667 0.068641 0.053333
0 0.712651 0.365000 0.044415 0.063333
0 0.707941 0.302500 0.091521 0.038333
0 0.822342 0.455833 0.191117 0.088333
0 0.925303 0.449167 0.095559 0.078333
0 0.885599 0.163333 0.064603 0.176667
0 0.667564 0.203333 0.096904 0.153333
0 0.606326 0.250000 0.030956 0.113333
0 0.558546 0.266667 0.061911 0.043333
0 0.561238 0.218333 0.072678 0.086667
0 0.471063 0.207500 0.061911 0.155000
0 0.539031 0.150000 0.052490 0.046667
0 0.531629 0.173333 0.126514 0.116667
0 0.465680 0.539167 0.142665 0.095000
0 0.469044 0.523333 0.119785 0.113333