0 0.103704 0.968401 0.050370 0.060719
0 0.307407 0.700124 0.063704 0.096654
0 0.248148 0.623296 0.054815 0.101611
0 0.231852 0.532838 0.108148 0.042131
0 0.319259 0.557621 0.045926 0.074349
0 0.368148 0.586741 0.054815 0.045849
0 0.376296 0.529120 0.062222 0.047088
0 0.428889 0.572491 0.045926 0.037175
0 0.448148 0.557621 0.066667 0.091698
0 0.336296 0.457249 0.127407 0.032218
0 0.307407 0.402107 0.099259 0.028501
0 0.291852 0.374226 0.094815 0.024783
0 0.344444 0.342007 0.096296 0.089219
0 0.461481 0.320322 0.034074 0.060719
0 0.455556 0.363073 0.108148 0.066914
0 0.765185 0.699504 0.087407 0.078067
0 0.657037 0.710657 0.217778 0.053284
0 0.700741 0.740397 0.121481 0.055762
0 0.691852 0.749690 0.035556 0.086741
0 0.626667 0.773234 0.047407 0.069393
0 0.557037 0.815366 0.142222 0.104089
0 0.502963 0.788724 0.096296 0.140025
0 0.575556 0.760843 0.060741 0.121437
0 0.762222 0.604089 0.122963 0.028501
0 0.845185 0.574349 0.099259 0.075589
0 0.765926 0.541512 0.050370 0.071871
0 0.668148 0.539033 0.094815 0.032218
0 0.722963 0.499380 0.080000 0.066914
0 0.795556 0.460967 0.023704 0.061958
0 0.823704 0.468401 0.130370 0.076828
0 0.841481 0.409542 0.088889 0.085502
0 0.757778 0.377323 0.099259 0.038414
0 0.705926 0.421933 0.072593 0.038414
0 0.486667 0.253408 0.048889 0.040892
0 0.588889 0.266419 0.048889 0.061958
0 0.676296 0.297398 0.060741 0.044610
0 0.864444 0.293061 0.042963 0.110285
0 0.798519 0.229864 0.035556 0.140025
0 0.737037 0.243494 0.075556 0.048327
0 0.592593 0.210657 0.100741 0.074349
0 0.648889 0.168525 0.139259 0.138786
0 0.627407 0.122677 0.090370 0.133829
0 0.582963 0.094176 0.081481 0.071871
0 0.491852 0.120818 0.094815 0.174721
0 0.492593 0.195787 0.042963 0.049566
0 0.448148 0.191450 0.051852 0.102850