0 0.122899 0.873573 0.090336 0.171289
0 0.150210 0.747961 0.098739 0.112561
0 0.232143 0.703915 0.086134 0.063622
0 0.273109 0.822186 0.205882 0.150082
0 0.332983 0.796900 0.073529 0.053834
0 0.310924 0.720228 0.147059 0.184339
0 0.120798 0.632137 0.115546 0.181077
0 0.225840 0.576672 0.077731 0.099511
0 0.227941 0.650082 0.174370 0.079935
0 0.426471 0.596248 0.218487 0.073409
0 0.463235 0.727569 0.123950 0.153344
0 0.481092 0.747961 0.205882 0.070147
0 0.464286 0.827896 0.184874 0.125612
0 0.739496 0.787928 0.231092 0.241436
0 0.611345 0.814029 0.071429 0.153344
0 0.654412 0.806688 0.199580 0.070147
0 0.827731 0.597879 0.180672 0.151713
0 0.806723 0.553018 0.092437 0.075041
0 0.706933 0.554649 0.170168 0.101142
0 0.657563 0.519576 0.100840 0.050571
0 0.831933 0.446166 0.084034 0.099511
0 0.180672 0.478793 0.193277 0.057096
0 0.194328 0.473899 0.060924 0.106036
0 0.274160 0.434747 0.086134 0.073409
0 0.143908 0.352365 0.077731 0.185971
0 0.351891 0.392333 0.056723 0.099511
0 0.421218 0.358075 0.094538 0.079935
0 0.436975 0.455139 0.193277 0.117455
0 0.546218 0.477977 0.184874 0.065253
0 0.555672 0.377651 0.107143 0.063622
0 0.668067 0.443719 0.121849 0.081566
0 0.727941 0.441272 0.077731 0.053834
0 0.643908 0.366232 0.098739 0.102773
0 0.721639 0.369494 0.086134 0.079935
0 0.783613 0.352365 0.113445 0.091354
0 0.869748 0.238173 0.117647 0.185971
0 0.768908 0.225122 0.134454 0.133768
0 0.612395 0.202284 0.136555 0.130506
0 0.590336 0.196574 0.184874 0.057096
0 0.509454 0.095432 0.228992 0.132137
0 0.284664 0.181077 0.220588 0.205546
0 0.302521 0.322186 0.096639 0.164763
0 0.402311 0.194127 0.081933 0.068515
0 0.459034 0.193312 0.094538 0.106036
0 0.382353 0.225122 0.067227 0.068515
0 0.460084 0.288744 0.184874 0.078303