0 0.797170 0.920819 0.126415 0.149502
0 0.392453 0.844961 0.083019 0.095238
0 0.827358 0.771872 0.107547 0.095238
0 0.851887 0.688261 0.130189 0.074197
0 0.788679 0.684385 0.222642 0.073090
0 0.752830 0.675526 0.052830 0.106312
0 0.206604 0.749169 0.047170 0.080842
0 0.265094 0.666667 0.062264 0.115172
0 0.307547 0.634551 0.079245 0.081949
0 0.279245 0.637320 0.196226 0.131783
0 0.184906 0.690476 0.105660 0.140642
0 0.138679 0.594684 0.167925 0.068660
0 0.177358 0.600775 0.181132 0.122924
0 0.233019 0.456257 0.137736 0.174972
0 0.236792 0.491694 0.273585 0.077519
0 0.487736 0.565338 0.183019 0.029900
0 0.438679 0.547619 0.130189 0.129568
0 0.402830 0.480066 0.062264 0.040975
0 0.473585 0.451827 0.154717 0.106312
0 0.321698 0.400886 0.047170 0.046512
0 0.290566 0.361019 0.124528 0.062016
0 0.259434 0.289037 0.069811 0.157254
0 0.365094 0.264120 0.058491 0.080842
0 0.484906 0.239756 0.113208 0.027685
0 0.402830 0.196013 0.092453 0.035437
0 0.936792 0.559247 0.100000 0.190476
0 0.816981 0.526578 0.067925 0.156146
0 0.774528 0.576412 0.152830 0.107420
0 0.725472 0.547065 0.073585 0.048726
0 0.590566 0.558140 0.135849 0.064230
0 0.692453 0.437984 0.124528 0.032115
0 0.719811 0.430786 0.103774 0.115172
0 0.730189 0.353821 0.162264 0.071982
0 0.574528 0.384828 0.164151 0.105205
0 0.475472 0.381506 0.230189 0.058693
0 0.879245 0.298450 0.166038 0.098560
0 0.838679 0.200997 0.156604 0.111849
0 0.807547 0.186600 0.064151 0.054264
0 0.725472 0.162237 0.073585 0.060908
0 0.642453 0.271318 0.224528 0.128461
0 0.627358 0.190476 0.084906 0.104097
0 0.567925 0.193245 0.264151 0.052049
0 0.549057 0.109635 0.132075 0.022148
0 0.400943 0.144518 0.107547 0.067553
0 0.450943 0.085825 0.215094 0.058693
0 0.599057 0.055925 0.247170 0.080842