0 0.583721 0.902954 0.100775 0.120253
0 0.675194 0.934072 0.057364 0.114979
0 0.502326 0.597046 0.055814 0.042194
0 0.400775 0.618143 0.075969 0.052743
0 0.338760 0.625000 0.038760 0.083333
0 0.333333 0.579641 0.117829 0.060127
0 0.491473 0.497890 0.251163 0.075949
0 0.623256 0.518987 0.043411 0.029536
0 0.526357 0.533228 0.165891 0.066456
0 0.902326 0.235232 0.074419 0.099156
0 0.892248 0.130274 0.106977 0.077004
0 0.739535 0.135021 0.074419 0.088608
0 0.685271 0.127637 0.096124 0.177215
0 0.595349 0.216772 0.046512 0.045359
0 0.821705 0.294831 0.062016 0.049578
0 0.682946 0.284810 0.116279 0.029536
0 0.541860 0.336498 0.137984 0.090717
0 0.581395 0.372363 0.083721 0.025316
0 0.451163 0.435127 0.105426 0.030591
0 0.495349 0.460970 0.147287 0.061181
0 0.686822 0.453586 0.176744 0.113924
0 0.762016 0.483122 0.165891 0.061181
0 0.807752 0.419831 0.089922 0.082278
0 0.171318 0.313291 0.119380 0.044304
0 0.099225 0.372890 0.046512 0.053797
0 0.139535 0.448840 0.052713 0.049578
0 0.286047 0.434072 0.200000 0.039030
0 0.351938 0.501055 0.186047 0.059072
0 0.334884 0.340190 0.065116 0.089662
0 0.351163 0.234177 0.072868 0.109705
0 0.486047 0.200422 0.060465 0.065401
0 0.279845 0.122363 0.203101 0.048523
0 0.138760 0.094409 0.131783 0.095992
0 0.137209 0.176688 0.082171 0.062236
0 0.210853 0.167194 0.065116 0.047468
0 0.266667 0.205169 0.105426 0.051688
0 0.432558 0.119726 0.074419 0.133966
0 0.408527 0.143460 0.051163 0.071730
0 0.496899 0.079114 0.060465 0.063291
0 0.575194 0.075422 0.108527 0.074895
0 0.600775 0.143460 0.100775 0.059072
0 0.447287 0.308017 0.079070 0.054852
0 0.167442 0.308544 0.217054 0.089662
0 0.534109 0.509494 0.051163 0.037975
0 0.304651 0.167722 0.063566 0.050633
0 0.665116 0.238924 0.052713 0.039030