0 0.073444 0.883798 0.080739 0.038513
0 0.321984 0.050465 0.107004 0.058433
0 0.282588 0.082337 0.022374 0.045153
0 0.302043 0.127490 0.035992 0.050465
0 0.253405 0.180611 0.034047 0.039841
0 0.238327 0.249668 0.054475 0.082337
0 0.315175 0.246348 0.025292 0.067729
0 0.275292 0.214475 0.052529 0.126162
0 0.245136 0.241036 0.107004 0.083665
0 0.273833 0.349934 0.045720 0.091633
0 0.311284 0.384462 0.031128 0.078353
0 0.381809 0.354582 0.071012 0.071713
0 0.366245 0.357238 0.072957 0.084993
0 0.330253 0.434927 0.034047 0.043825
0 0.534047 0.381142 0.048638 0.082337
0 0.446984 0.526560 0.024319 0.049137
0 0.511673 0.534529 0.035019 0.051793
0 0.346304 0.491368 0.035019 0.058433
0 0.388132 0.490704 0.079767 0.110226
0 0.387160 0.510624 0.029183 0.062417
0 0.482004 0.423639 0.032101 0.077025
0 0.333658 0.605578 0.036965 0.100930
0 0.358463 0.570385 0.051556 0.107570
0 0.443580 0.581673 0.070039 0.050465
0 0.577821 0.575697 0.075875 0.057105
0 0.558852 0.614210 0.072957 0.070385
0 0.535992 0.630810 0.031128 0.031873
0 0.350681 0.753652 0.065175 0.054449
0 0.375000 0.698539 0.065175 0.066401
0 0.575389 0.690571 0.121595 0.053121
0 0.490759 0.824701 0.092412 0.042497
0 0.420233 0.861886 0.038911 0.119522
0 0.503891 0.903054 0.054475 0.114210
0 0.771887 0.766268 0.059339 0.047809
0 0.716926 0.954847 0.038911 0.071713
0 0.975681 0.745020 0.025292 0.077025
0 0.966440 0.807437 0.045720 0.069057
0 0.947471 0.703187 0.027237 0.123506
0 0.924611 0.709827 0.032101 0.099602
0 0.796206 0.505976 0.051556 0.050465
0 0.752432 0.434927 0.047665 0.131474
0 0.556420 0.413015 0.093385 0.130146
0 0.438716 0.339973 0.031128 0.084993
0 0.435798 0.381142 0.068093 0.087649
0 0.482490 0.378486 0.060311 0.074369
0 0.441634 0.367862 0.075875 0.034529