0 0.388889 0.123418 0.084291 0.124473
0 0.460728 0.119198 0.055556 0.056962
0 0.486590 0.158228 0.107280 0.080169
0 0.522989 0.202532 0.065134 0.084388
0 0.544061 0.323840 0.137931 0.124473
0 0.569923 0.393460 0.051724 0.061181
0 0.624521 0.298523 0.057471 0.120253
0 0.680077 0.351266 0.095785 0.107595
0 0.424330 0.297468 0.113027 0.210970
0 0.377395 0.275316 0.065134 0.073840
0 0.362069 0.333333 0.042146 0.063291
0 0.464559 0.372363 0.090038 0.166667
0 0.361111 0.445148 0.151341 0.054852
0 0.325670 0.368143 0.072797 0.120253
0 0.580460 0.156118 0.065134 0.172996
0 0.712644 0.224684 0.114943 0.251055
0 0.212644 0.247890 0.145594 0.116034
0 0.171456 0.331224 0.151341 0.118143
0 0.253831 0.429325 0.093870 0.166667
0 0.226054 0.451477 0.157088 0.168776
0 0.114943 0.422996 0.103448 0.103376
0 0.137931 0.696203 0.095785 0.227848
0 0.826628 0.253165 0.143678 0.206751
0 0.751916 0.505274 0.132184 0.145570
0 0.829502 0.521097 0.153257 0.105485
0 0.604406 0.581224 0.159004 0.145570
0 0.586207 0.586498 0.065134 0.118143
0 0.607280 0.492616 0.187739 0.145570
0 0.515326 0.494726 0.057471 0.103376
0 0.454023 0.544304 0.049808 0.109705
0 0.433908 0.644515 0.101533 0.124473
0 0.386015 0.674051 0.090038 0.103376
0 0.307471 0.750000 0.074713 0.056962
0 0.365900 0.800633 0.095785 0.052743
0 0.542146 0.740506 0.241379 0.244726
0 0.545019 0.786920 0.040230 0.113924
0 0.519157 0.713080 0.145594 0.075949
0 0.659004 0.735232 0.118774 0.090717
0 0.749042 0.703586 0.130268 0.217300
0 0.808429 0.646624 0.145594 0.090717
0 0.873563 0.666667 0.134100 0.139241
0 0.597701 0.863924 0.187739 0.170886
0 0.500958 0.858650 0.063218 0.059072
0 0.269157 0.606540 0.116858 0.069620
0 0.250958 0.598101 0.137931 0.145570
0 0.232759 0.819620 0.101533 0.078059