0 0.123547 0.537206 0.151163 0.118799
0 0.270349 0.560052 0.107558 0.046997
0 0.278343 0.494778 0.071221 0.099217
0 0.214390 0.698433 0.059593 0.067885
0 0.259448 0.687337 0.033430 0.069191
0 0.325581 0.710183 0.125000 0.080940
0 0.411337 0.727154 0.058140 0.078329
0 0.438227 0.721279 0.172965 0.108355
0 0.426599 0.782637 0.120640 0.030026
0 0.423692 0.863577 0.132267 0.103133
0 0.582122 0.789817 0.129360 0.073107
0 0.581395 0.785248 0.046512 0.118799
0 0.707849 0.791123 0.066860 0.104439
0 0.679506 0.866841 0.178779 0.067885
0 0.786337 0.925587 0.136628 0.120104
0 0.786337 0.867493 0.061047 0.142298
0 0.795058 0.763055 0.055233 0.079634
0 0.848110 0.845300 0.068314 0.040470
0 0.800145 0.659269 0.077035 0.203655
0 0.722384 0.636423 0.066860 0.037859
0 0.495640 0.601175 0.052326 0.043081
0 0.609012 0.572454 0.052326 0.045692
0 0.542878 0.581593 0.050872 0.087467
0 0.591570 0.636423 0.063953 0.032637
0 0.590843 0.679504 0.106105 0.100522
0 0.576308 0.681462 0.146802 0.049608
0 0.703488 0.543734 0.075581 0.152742
0 0.880087 0.429504 0.062500 0.026110
0 0.896076 0.372715 0.074128 0.074413
0 0.792878 0.427546 0.042151 0.110966
0 0.849564 0.120104 0.109012 0.086162
0 0.747093 0.132507 0.145349 0.155352
0 0.778343 0.227807 0.140988 0.061358
0 0.649709 0.189295 0.058140 0.169713
0 0.694767 0.319843 0.081395 0.078329
0 0.723110 0.340731 0.062500 0.148825
0 0.536337 0.404047 0.049419 0.084856
0 0.630814 0.437337 0.133721 0.114883
0 0.659884 0.387728 0.058140 0.122715
0 0.678779 0.419060 0.168605 0.216710
0 0.699855 0.399478 0.268895 0.086162
0 0.495640 0.563316 0.197674 0.110966
0 0.470930 0.453655 0.061047 0.105744
0 0.403343 0.432115 0.082849 0.065274
0 0.401890 0.443211 0.071221 0.045692
0 0.364826 0.479765 0.095930 0.027415