0 0.747178 0.264347 0.092551 0.125763
0 0.767494 0.063492 0.099323 0.109890
0 0.862867 0.111722 0.125282 0.067155
0 0.925508 0.151404 0.081264 0.048840
0 0.826185 0.167277 0.058691 0.070818
0 0.816027 0.222222 0.088036 0.087912
0 0.571670 0.306471 0.084650 0.053724
0 0.389391 0.324176 0.110609 0.069597
0 0.276524 0.213065 0.151242 0.069597
0 0.205418 0.274115 0.038375 0.069597
0 0.134876 0.355922 0.102709 0.179487
0 0.059819 0.351648 0.069977 0.095238
0 0.251693 0.362027 0.081264 0.120879
0 0.240406 0.433455 0.081264 0.041514
0 0.221783 0.466422 0.025959 0.065934
0 0.205418 0.483516 0.090293 0.075702
0 0.259594 0.514042 0.045147 0.117216
0 0.336343 0.529304 0.106095 0.052503
0 0.372460 0.412698 0.085779 0.075702
0 0.419865 0.498168 0.065463 0.065934
0 0.461061 0.498779 0.059819 0.150183
0 0.266366 0.595238 0.092551 0.089133
0 0.193567 0.571429 0.039503 0.063492
0 0.124153 0.586081 0.040632 0.236874
0 0.128104 0.598901 0.095937 0.079365
0 0.091986 0.623932 0.041761 0.090354
0 0.057562 0.619048 0.058691 0.063492
0 0.080135 0.530525 0.058691 0.074481
0 0.103273 0.539683 0.028217 0.080586
0 0.199774 0.709402 0.051919 0.034188
0 0.233634 0.728938 0.083521 0.117216
0 0.276524 0.733822 0.103837 0.180708
0 0.284989 0.756410 0.048533 0.052503
0 0.323363 0.762515 0.032731 0.057387
0 0.358352 0.731990 0.064334 0.042735
0 0.370203 0.753968 0.065463 0.108669
0 0.515237 0.475580 0.068849 0.101343
0 0.634312 0.541514 0.045147 0.042735
0 0.513544 0.753358 0.047404 0.039072
0 0.463318 0.802808 0.073363 0.081807
0 0.419300 0.775946 0.046275 0.164835
0 0.529910 0.783272 0.134312 0.072039
0 0.499436 0.832723 0.095937 0.029304
0 0.564898 0.799756 0.037246 0.051282
0 0.471219 0.901709 0.120767 0.094017
0 0.220090 0.887057 0.139955 0.162393