0 0.357820 0.782633 0.080569 0.054204
0 0.384479 0.717920 0.039100 0.081858
0 0.349526 0.653761 0.030806 0.068584
0 0.322867 0.726770 0.086493 0.059735
0 0.212085 0.632190 0.101896 0.109513
0 0.279621 0.568031 0.097156 0.045354
0 0.185427 0.513827 0.124408 0.105088
0 0.094787 0.480088 0.066351 0.044248
0 0.138626 0.516593 0.052133 0.026549
0 0.232820 0.470686 0.091232 0.032080
0 0.053910 0.423673 0.034360 0.053097
0 0.074645 0.386615 0.059242 0.127212
0 0.133294 0.408739 0.060427 0.080752
0 0.129739 0.305863 0.124408 0.162611
0 0.176540 0.360066 0.106635 0.120575
0 0.269550 0.444690 0.079384 0.061947
0 0.279621 0.379425 0.056872 0.028761
0 0.292654 0.337942 0.092417 0.067478
0 0.302725 0.305863 0.039100 0.065265
0 0.277251 0.299226 0.156398 0.094027
0 0.396919 0.286504 0.071090 0.117257
0 0.460308 0.123341 0.155213 0.122788
0 0.470972 0.098451 0.058057 0.165929
0 0.479265 0.214049 0.046209 0.071903
0 0.600118 0.190819 0.117299 0.067478
0 0.590640 0.278761 0.133886 0.035398
0 0.613152 0.354535 0.131517 0.080752
0 0.748815 0.412611 0.040284 0.130531
0 0.546801 0.648783 0.034360 0.051991
0 0.566351 0.662058 0.111374 0.122788
0 0.650474 0.597898 0.135071 0.131637
0 0.598934 0.464049 0.065166 0.043142
0 0.515995 0.616150 0.129147 0.161504
0 0.462085 0.554204 0.109005 0.103982
0 0.534360 0.542035 0.054502 0.084071
0 0.503555 0.519912 0.066351 0.053097
0 0.611967 0.503872 0.114929 0.056416
0 0.409953 0.495575 0.063981 0.042035
0 0.334716 0.504978 0.053318 0.142699
0 0.388033 0.449668 0.079384 0.109513
0 0.417654 0.461283 0.164692 0.061947
0 0.483412 0.436394 0.106635 0.029867
0 0.542062 0.409292 0.088863 0.037611
0 0.448460 0.948562 0.031991 0.045354
0 0.433057 0.920907 0.119668 0.074115
0 0.455569 0.860619 0.036730 0.077434