0 0.702247 0.071046 0.043922 0.088472
0 0.508682 0.149464 0.102145 0.063003
0 0.430031 0.180295 0.085802 0.060322
0 0.422880 0.252011 0.067416 0.142091
0 0.378958 0.111260 0.102145 0.096515
0 0.266088 0.089812 0.054137 0.050938
0 0.215015 0.113941 0.074566 0.034853
0 0.171093 0.123995 0.070480 0.092493
0 0.207865 0.184987 0.072523 0.064343
0 0.232891 0.205764 0.077630 0.071046
0 0.283453 0.231903 0.115424 0.067024
0 0.299796 0.219839 0.041879 0.107239
0 0.276302 0.302949 0.050051 0.096515
0 0.351379 0.292895 0.046987 0.138070
0 0.405005 0.250670 0.031665 0.058981
0 0.377937 0.278820 0.044944 0.045576
0 0.338611 0.389410 0.072523 0.178284
0 0.454035 0.314343 0.107252 0.103217
0 0.372319 0.399464 0.068437 0.064343
0 0.413177 0.432306 0.068437 0.052279
0 0.374362 0.491957 0.076609 0.083110
0 0.442799 0.492627 0.037794 0.046917
0 0.245659 0.341823 0.045965 0.045576
0 0.191522 0.359920 0.043922 0.038874
0 0.269663 0.408847 0.087845 0.075067
0 0.285495 0.443700 0.025536 0.104558
0 0.328396 0.504692 0.033708 0.071046
0 0.289070 0.560322 0.040858 0.067024
0 0.265066 0.516086 0.043922 0.037534
0 0.235955 0.450402 0.067416 0.104558
0 0.141982 0.398123 0.067416 0.075067
0 0.126149 0.425603 0.084780 0.054960
0 0.133810 0.401475 0.051073 0.138070
0 0.176200 0.448391 0.068437 0.079088
0 0.167007 0.492627 0.043922 0.036193
0 0.176711 0.522788 0.057201 0.037534
0 0.124617 0.545576 0.106231 0.053619
0 0.100102 0.473861 0.059244 0.065684
0 0.036261 0.477882 0.052094 0.079088
0 0.040858 0.554290 0.038815 0.081769
0 0.346272 0.558311 0.053115 0.132708
0 0.041369 0.779491 0.060266 0.087131
0 0.234423 0.915550 0.099081 0.171582
0 0.975996 0.116622 0.031665 0.064343
0 0.359040 0.423592 0.023493 0.053619
0 0.388151 0.358579 0.038815 0.065684