0 0.942752 0.506024 0.086796 0.185886
0 0.856879 0.516351 0.108957 0.185886
0 0.779778 0.459552 0.122807 0.092943
0 0.763620 0.395869 0.036934 0.268503
0 0.827331 0.344234 0.103416 0.065404
0 0.837488 0.351979 0.121884 0.149742
0 0.844875 0.428571 0.070175 0.096386
0 0.759003 0.590361 0.044321 0.079174
0 0.734995 0.527539 0.033241 0.108434
0 0.700369 0.511188 0.039705 0.086059
0 0.650046 0.486231 0.029548 0.077453
0 0.665282 0.446644 0.041551 0.122203
0 0.678670 0.378657 0.036934 0.161790
0 0.699446 0.344234 0.026777 0.072289
0 0.721145 0.382100 0.022161 0.079174
0 0.656048 0.346816 0.058172 0.067126
0 0.709141 0.290878 0.073869 0.137694
0 0.730840 0.277969 0.032318 0.053356
0 0.642198 0.309811 0.041551 0.213425
0 0.613112 0.425990 0.022161 0.077453
0 0.606187 0.339071 0.054478 0.209983
0 0.567867 0.333907 0.046168 0.086059
0 0.560942 0.355422 0.076639 0.135972
0 0.514312 0.382100 0.036934 0.079174
0 0.554478 0.216007 0.119114 0.122203
0 0.550323 0.203959 0.092336 0.170396
0 0.544321 0.080895 0.091413 0.072289
0 0.482456 0.317556 0.080332 0.056799
0 0.473223 0.400172 0.050785 0.132530
0 0.420129 0.421687 0.036934 0.110155
0 0.217452 0.419966 0.067405 0.151463
0 0.634349 0.574010 0.049861 0.046472
0 0.625115 0.574010 0.027701 0.111876
0 0.663435 0.647160 0.030471 0.137694
0 0.700831 0.700516 0.031394 0.161790
0 0.669898 0.783133 0.074792 0.158348
0 0.734995 0.756454 0.038781 0.177281
0 0.617267 0.764200 0.036011 0.154905
0 0.577562 0.803787 0.058172 0.113597
0 0.577562 0.677281 0.024931 0.139415
0 0.534626 0.551635 0.081256 0.129088
0 0.471376 0.613597 0.069252 0.225473
0 0.387812 0.562823 0.094183 0.065404
0 0.420591 0.603270 0.061865 0.194492
0 0.534164 0.838210 0.045245 0.289157
0 0.039243 0.423408 0.071099 0.061962