0 0.141626 0.190079 0.056650 0.067780
0 0.312808 0.137525 0.078818 0.080550
0 0.072660 0.510314 0.088670 0.083497
0 0.577586 0.047642 0.068966 0.083497
0 0.574507 0.072200 0.092365 0.085462
0 0.495074 0.094303 0.066502 0.110020
0 0.567118 0.126719 0.102217 0.037328
0 0.657635 0.149312 0.108374 0.043222
0 0.695197 0.266208 0.116995 0.031434
0 0.866379 0.304028 0.065271 0.069745
0 0.834975 0.328585 0.061576 0.095285
0 0.788177 0.336935 0.056650 0.058939
0 0.879926 0.455796 0.065271 0.106090
0 0.916872 0.534872 0.087438 0.069745
0 0.927340 0.681238 0.051724 0.048134
0 0.912562 0.660609 0.086207 0.160118
0 0.798030 0.668959 0.147783 0.100196
0 0.793719 0.661100 0.119458 0.053045
0 0.705049 0.437623 0.062808 0.069745
0 0.671798 0.593320 0.131773 0.064833
0 0.562808 0.630157 0.044335 0.057957
0 0.562808 0.562868 0.061576 0.033399
0 0.663793 0.664047 0.123153 0.056974
0 0.657020 0.697446 0.060345 0.029470
0 0.572044 0.725933 0.107143 0.098232
0 0.478448 0.756385 0.099754 0.074656
0 0.584975 0.301572 0.128079 0.113949
0 0.556034 0.353635 0.149015 0.039293
0 0.570813 0.352161 0.077586 0.065815
0 0.506158 0.395874 0.044335 0.062868
0 0.623153 0.416012 0.061576 0.083497
0 0.580049 0.411591 0.024631 0.045187
0 0.373153 0.299607 0.066502 0.068762
0 0.292488 0.349214 0.139163 0.073674
0 0.288793 0.400786 0.060345 0.027505
0 0.377463 0.438114 0.139163 0.100196
0 0.434729 0.451866 0.152709 0.049116
0 0.448276 0.456287 0.150246 0.067780
0 0.448276 0.495088 0.103448 0.082515
0 0.564655 0.487721 0.065271 0.089391
0 0.607143 0.475442 0.034483 0.037328
0 0.637315 0.500000 0.048030 0.023576
0 0.604064 0.519155 0.055419 0.018664
0 0.617611 0.540766 0.050493 0.022593
0 0.671182 0.892436 0.157635 0.054028
0 0.692734 0.964145 0.087438 0.028487