0 0.450514 0.101852 0.230077 0.092593
0 0.442802 0.230710 0.070694 0.137346
0 0.453728 0.371914 0.043702 0.117284
0 0.557198 0.275463 0.165810 0.189815
0 0.675450 0.218364 0.101542 0.125000
0 0.695373 0.213735 0.079692 0.180556
0 0.794344 0.307870 0.118252 0.103395
0 0.872751 0.192130 0.066838 0.112654
0 0.749357 0.390432 0.141388 0.151235
0 0.713368 0.418981 0.138817 0.078704
0 0.811054 0.442901 0.097686 0.135802
0 0.811697 0.486883 0.080977 0.165123
0 0.658098 0.466821 0.046272 0.075617
0 0.631105 0.508488 0.061697 0.057099
0 0.706298 0.590278 0.039846 0.057099
0 0.900386 0.609568 0.119537 0.157407
0 0.702442 0.665895 0.057841 0.050926
0 0.652956 0.660494 0.066838 0.089506
0 0.536632 0.603395 0.050129 0.145062
0 0.484576 0.620370 0.074550 0.077160
0 0.496144 0.486111 0.125964 0.043210
0 0.231362 0.249228 0.115681 0.118827
0 0.209512 0.327160 0.107969 0.064815
0 0.321979 0.336420 0.127249 0.123457
0 0.290488 0.283951 0.061697 0.067901
0 0.322622 0.300926 0.051414 0.135802
0 0.321337 0.438272 0.151671 0.083333
0 0.242288 0.514660 0.124679 0.180556
0 0.261568 0.575617 0.062982 0.141975
0 0.205656 0.540895 0.038560 0.103395
0 0.154884 0.504630 0.034704 0.058642
0 0.133033 0.536265 0.098972 0.121914
0 0.127249 0.619599 0.056555 0.115741
0 0.394602 0.600309 0.113111 0.089506
0 0.140103 0.682099 0.159383 0.061728
0 0.306555 0.724537 0.055270 0.054012
0 0.308483 0.729938 0.164524 0.209877
0 0.278920 0.799383 0.089974 0.111111
0 0.365681 0.732253 0.060411 0.066358
0 0.392674 0.692901 0.070694 0.037037
0 0.399100 0.825617 0.093830 0.049383
0 0.386247 0.817130 0.039846 0.103395
0 0.482648 0.789352 0.044987 0.066358
0 0.513496 0.855710 0.055270 0.044753
0 0.612468 0.864969 0.065553 0.115741
0 0.453085 0.925926 0.170951 0.067901