0 0.834497 0.109596 0.082402 0.049495
0 0.816341 0.192424 0.082402 0.102020
0 0.930168 0.309091 0.092179 0.165657
0 0.727654 0.400505 0.078212 0.091919
0 0.528631 0.221212 0.040503 0.086869
0 0.593575 0.260101 0.081006 0.136364
0 0.483240 0.304545 0.100559 0.033333
0 0.539106 0.347475 0.209497 0.074747
0 0.457402 0.372727 0.048883 0.034343
0 0.357542 0.413636 0.075419 0.093939
0 0.433659 0.493939 0.060056 0.090909
0 0.419693 0.559596 0.076816 0.048485
0 0.434358 0.639394 0.041899 0.080808
0 0.215782 0.607576 0.085196 0.077778
0 0.397346 0.156566 0.062849 0.054545
0 0.412011 0.109091 0.072626 0.022222
0 0.474860 0.054040 0.083799 0.035354
0 0.410615 0.028788 0.134078 0.039394
0 0.299581 0.059091 0.101955 0.047475
0 0.361732 0.087374 0.100559 0.049495
0 0.513966 0.048990 0.092179 0.085859
0 0.530028 0.101515 0.124302 0.035354
0 0.452514 0.147980 0.050279 0.128283
0 0.543296 0.146465 0.106145 0.064646
0 0.650838 0.469192 0.064246 0.118182
0 0.754190 0.484848 0.081006 0.092929
0 0.775838 0.751515 0.107542 0.054545
0 0.108939 0.565657 0.103352 0.143434
0 0.358240 0.716162 0.051676 0.042424
0 0.175279 0.689899 0.090782 0.036364
0 0.229749 0.705051 0.087989 0.032323
0 0.201117 0.737374 0.067039 0.028283
0 0.217877 0.803535 0.053073 0.035354
0 0.282821 0.802525 0.076816 0.027273
0 0.365922 0.776263 0.100559 0.079798
0 0.421788 0.776768 0.072626 0.101010
0 0.403631 0.843939 0.100559 0.023232
0 0.524441 0.763636 0.051676 0.030303
0 0.488128 0.819697 0.054469 0.055556
0 0.163408 0.779293 0.050279 0.126263
0 0.118017 0.733838 0.046089 0.049495
0 0.282123 0.811111 0.360335 0.078788
0 0.558659 0.932828 0.120112 0.075758
0 0.542598 0.699495 0.062849 0.063636
0 0.833101 0.837374 0.060056 0.096970
0 0.791201 0.902525 0.057263 0.029293