0 0.074593 0.517113 0.102170 0.063988
0 0.040687 0.581101 0.052441 0.102679
0 0.119349 0.561756 0.128391 0.052083
0 0.396022 0.109375 0.063291 0.168155
0 0.415461 0.201637 0.037071 0.111607
0 0.439873 0.129464 0.044304 0.166667
0 0.507685 0.084821 0.028029 0.119048
0 0.487342 0.123512 0.059675 0.154762
0 0.559675 0.090774 0.056058 0.035714
0 0.490506 0.211310 0.103978 0.145833
0 0.471971 0.284970 0.048825 0.084821
0 0.616184 0.244048 0.066004 0.119048
0 0.567812 0.279018 0.030741 0.135417
0 0.389693 0.345238 0.039783 0.270833
0 0.350814 0.488095 0.034358 0.077381
0 0.471067 0.383929 0.084991 0.190476
0 0.522152 0.331101 0.035262 0.084821
0 0.551537 0.351190 0.027125 0.122024
0 0.608951 0.316220 0.051537 0.144345
0 0.418174 0.557292 0.123870 0.061012
0 0.435353 0.655506 0.073237 0.078869
0 0.423599 0.677827 0.038879 0.049107
0 0.683544 0.755208 0.023508 0.058036
0 0.658680 0.777530 0.044304 0.072917
0 0.689873 0.845238 0.043400 0.065476
0 0.709765 0.787946 0.023508 0.099702
0 0.806962 0.812500 0.024412 0.062500
0 0.961573 0.950893 0.053345 0.056548
0 0.909584 0.868304 0.057866 0.162202
0 0.874322 0.926339 0.057866 0.078869
0 0.843580 0.861607 0.079566 0.107143
0 0.826854 0.748512 0.080470 0.041667
0 0.870705 0.646577 0.119349 0.114583
0 0.822785 0.616815 0.019892 0.066964
0 0.782550 0.601935 0.082278 0.117560
0 0.699819 0.611607 0.036166 0.071429
0 0.893309 0.506696 0.019892 0.084821
0 0.843128 0.481399 0.069620 0.168155
0 0.798825 0.482887 0.028029 0.102679
0 0.773960 0.500744 0.072333 0.218750
0 0.613924 0.590774 0.092224 0.089286
0 0.748192 0.343750 0.082278 0.107143
0 0.666817 0.404018 0.066004 0.281250
0 0.630199 0.431548 0.054250 0.083333
0 0.671338 0.136161 0.111212 0.111607
0 0.704792 0.494048 0.116637 0.095238