0 0.127660 0.741509 0.075286 0.294340
0 0.373159 0.847170 0.232406 0.101887
0 0.446809 0.760377 0.068740 0.094340
0 0.358429 0.666038 0.150573 0.052830
0 0.554828 0.816981 0.121113 0.071698
0 0.616203 0.762264 0.063830 0.128302
0 0.595745 0.736792 0.147300 0.069811
0 0.676759 0.833962 0.165303 0.120755
0 0.834697 0.749057 0.085106 0.071698
0 0.813421 0.714151 0.163666 0.107547
0 0.746318 0.655660 0.049100 0.137736
0 0.880524 0.638679 0.108020 0.043396
0 0.809329 0.592453 0.044190 0.188679
0 0.562193 0.571698 0.063830 0.086792
0 0.582651 0.620755 0.134206 0.067925
0 0.698036 0.571698 0.044190 0.060377
0 0.706219 0.541509 0.106383 0.067925
0 0.851882 0.497170 0.037643 0.133962
0 0.711948 0.462264 0.036007 0.056604
0 0.825696 0.461321 0.214403 0.069811
0 0.756956 0.381132 0.040917 0.090566
0 0.809329 0.387736 0.047463 0.073585
0 0.833879 0.352830 0.142390 0.083019
0 0.494272 0.473585 0.049100 0.071698
0 0.581015 0.453774 0.042553 0.039623
0 0.567921 0.443396 0.058920 0.132075
0 0.351882 0.552830 0.068740 0.132075
0 0.301146 0.503774 0.052373 0.109434
0 0.424714 0.402830 0.073650 0.043396
0 0.402619 0.471698 0.117840 0.135849
0 0.355155 0.273585 0.075286 0.128302
0 0.382160 0.295283 0.099836 0.228302
0 0.477905 0.257547 0.072013 0.039623
0 0.536007 0.297170 0.040917 0.160377
0 0.522913 0.298113 0.152209 0.071698
0 0.574468 0.206604 0.045827 0.111321
0 0.594926 0.378302 0.057283 0.141509
0 0.639116 0.427358 0.037643 0.096226
0 0.664484 0.376415 0.042553 0.130189
0 0.673486 0.261321 0.037643 0.111321
0 0.738953 0.094340 0.060556 0.132075
0 0.746318 0.071698 0.075286 0.049057
0 0.773322 0.122642 0.057283 0.041509
0 0.806874 0.182075 0.049100 0.096226
0 0.935352 0.127358 0.054010 0.084906
0 0.914894 0.202830 0.081833 0.069811