0 0.529365 0.927013 0.058730 0.065436
0 0.461111 0.927013 0.087302 0.045302
0 0.479365 0.880034 0.241270 0.088926
0 0.584921 0.781040 0.138095 0.139262
0 0.362698 0.680369 0.096825 0.082215
0 0.157937 0.671141 0.153968 0.114094
0 0.159524 0.555369 0.058730 0.077181
0 0.232540 0.650168 0.109524 0.246644
0 0.200794 0.636745 0.096825 0.186242
0 0.280952 0.574664 0.063492 0.052013
0 0.331746 0.583054 0.041270 0.058725
0 0.403968 0.548658 0.039683 0.080537
0 0.423810 0.604027 0.117460 0.063758
0 0.487302 0.665268 0.123810 0.052013
0 0.573016 0.598993 0.104762 0.040268
0 0.453968 0.499161 0.092063 0.085570
0 0.509524 0.421980 0.060317 0.035235
0 0.581746 0.520973 0.052381 0.075503
0 0.579365 0.515940 0.126984 0.098993
0 0.674603 0.510067 0.050794 0.147651
0 0.582540 0.415268 0.085714 0.122483
0 0.735714 0.852349 0.106349 0.050336
0 0.780952 0.788591 0.133333 0.093960
0 0.761905 0.624161 0.079365 0.177852
0 0.846032 0.677852 0.092063 0.097315
0 0.891270 0.609060 0.042857 0.060403
0 0.773016 0.513423 0.041270 0.110738
0 0.867460 0.511745 0.071429 0.120805
0 0.898413 0.393456 0.111111 0.266779
0 0.937302 0.356544 0.090476 0.186242
0 0.822222 0.322987 0.050794 0.105705
0 0.769841 0.359060 0.031746 0.124161
0 0.715873 0.350671 0.060317 0.073826
0 0.698413 0.300336 0.034921 0.067114
0 0.654762 0.274329 0.084127 0.072148
0 0.652381 0.224832 0.136508 0.067114
0 0.622222 0.181208 0.123810 0.077181
0 0.786508 0.197987 0.061905 0.140940
0 0.265873 0.473154 0.052381 0.097315
0 0.228571 0.370805 0.047619 0.073826
0 0.299206 0.241611 0.131746 0.040268
0 0.485714 0.220638 0.060317 0.139262
0 0.307937 0.132550 0.165079 0.181208
0 0.448413 0.124161 0.065079 0.134228
0 0.524603 0.101510 0.150794 0.065436
0 0.066667 0.570470 0.126984 0.070470