0 0.626016 0.084963 0.097561 0.130807
0 0.450407 0.168093 0.208130 0.111247
0 0.728455 0.449267 0.048780 0.050122
0 0.951220 0.401589 0.055285 0.062347
0 0.901626 0.397922 0.079675 0.116137
0 0.765041 0.372861 0.089431 0.058680
0 0.679675 0.446822 0.065041 0.125917
0 0.695122 0.536064 0.112195 0.042787
0 0.756098 0.553790 0.061789 0.112469
0 0.689431 0.630196 0.172358 0.030562
0 0.534959 0.619804 0.126829 0.053790
0 0.595122 0.682152 0.068293 0.061125
0 0.557724 0.711491 0.081301 0.051345
0 0.495935 0.808068 0.152846 0.095355
0 0.363415 0.788509 0.177236 0.088020
0 0.344715 0.729829 0.061789 0.129584
0 0.256911 0.667482 0.123577 0.117359
0 0.344715 0.622249 0.084553 0.075795
0 0.400000 0.608191 0.071545 0.108802
0 0.473984 0.677873 0.050407 0.089242
0 0.300813 0.533007 0.039024 0.117359
0 0.289431 0.573961 0.152846 0.067237
0 0.235772 0.496944 0.104065 0.040342
0 0.172358 0.463325 0.120325 0.029340
0 0.120325 0.570293 0.143089 0.201711
0 0.382114 0.455990 0.052033 0.046455
0 0.450407 0.518949 0.061789 0.067237
0 0.529268 0.429095 0.105691 0.024450
0 0.542276 0.577628 0.050407 0.172372
0 0.515447 0.517726 0.071545 0.096577
0 0.435772 0.503667 0.149593 0.063570
0 0.573984 0.534230 0.052033 0.073350
0 0.614634 0.456601 0.061789 0.057457
0 0.647154 0.308068 0.188618 0.144254
0 0.647154 0.322738 0.107317 0.136919
0 0.543902 0.309902 0.157724 0.108802
0 0.483740 0.298289 0.196748 0.066015
0 0.344715 0.320293 0.175610 0.070905
0 0.324390 0.288509 0.076423 0.171149
0 0.326016 0.382641 0.157724 0.031785
0 0.105691 0.339242 0.162602 0.135697
0 0.613008 0.422372 0.065041 0.035452
0 0.488618 0.729829 0.060163 0.127139
0 0.703252 0.570293 0.063415 0.062347
0 0.198374 0.931540 0.100813 0.068460
0 0.411382 0.647922 0.097561 0.036675