0 0.110399 0.460294 0.092593 0.070588
0 0.214387 0.411765 0.118234 0.158824
0 0.251425 0.386765 0.106838 0.070588
0 0.203704 0.563971 0.082621 0.051471
0 0.222222 0.538235 0.116809 0.073529
0 0.254986 0.505147 0.028490 0.069118
0 0.331197 0.633824 0.152422 0.102941
0 0.457977 0.570588 0.092593 0.073529
0 0.450142 0.527206 0.042735 0.039706
0 0.421652 0.594853 0.116809 0.101471
0 0.431624 0.700735 0.102564 0.051471
0 0.390313 0.711029 0.142450 0.083824
0 0.424501 0.658088 0.165242 0.139706
0 0.482906 0.750735 0.051282 0.025000
0 0.435185 0.889706 0.069801 0.102941
0 0.500712 0.858088 0.098291 0.195588
0 0.558405 0.611765 0.034188 0.185294
0 0.607550 0.633088 0.027066 0.192647
0 0.674501 0.624265 0.041311 0.107353
0 0.655983 0.552206 0.024217 0.104412
0 0.707977 0.650735 0.037037 0.207353
0 0.631054 0.589706 0.022792 0.064706
0 0.364672 0.452941 0.122507 0.064706
0 0.425214 0.477941 0.047009 0.061765
0 0.428775 0.382353 0.082621 0.041176
0 0.453704 0.313971 0.069801 0.036765
0 0.240028 0.272059 0.058405 0.064706
0 0.297009 0.275735 0.086895 0.083824
0 0.304843 0.311765 0.074074 0.123529
0 0.368234 0.231618 0.160969 0.098529
0 0.344729 0.188235 0.051282 0.091176
0 0.495014 0.236765 0.112536 0.200000
0 0.539174 0.376471 0.084046 0.085294
0 0.512821 0.401471 0.071225 0.029412
0 0.649573 0.211765 0.039886 0.102941
0 0.689459 0.243382 0.059829 0.080882
0 0.777778 0.208088 0.051282 0.136765
0 0.821937 0.125735 0.153846 0.154412
0 0.900285 0.183088 0.111111 0.169118
0 0.858262 0.326471 0.072650 0.041176
0 0.702991 0.416912 0.103989 0.042647
0 0.616097 0.382353 0.049858 0.055882
0 0.653134 0.400000 0.081197 0.085294
0 0.532764 0.447794 0.051282 0.025000
0 0.576923 0.433088 0.031339 0.142647
0 0.586895 0.547794 0.048433 0.086765