0 0.559507 0.062842 0.071118 0.071038
0 0.626270 0.123634 0.161103 0.031421
0 0.513788 0.127732 0.066763 0.056011
0 0.484035 0.178962 0.117562 0.046448
0 0.518868 0.213115 0.068215 0.049180
0 0.517417 0.259563 0.108853 0.079235
0 0.674891 0.278689 0.119013 0.109290
0 0.588534 0.356557 0.201742 0.060109
0 0.722061 0.210383 0.036284 0.081967
0 0.766328 0.183743 0.043541 0.121585
0 0.622642 0.407787 0.153846 0.086066
0 0.797533 0.342213 0.076923 0.056011
0 0.727141 0.439208 0.153846 0.039617
0 0.524673 0.456284 0.134978 0.092896
0 0.661103 0.504781 0.076923 0.072404
0 0.646589 0.584016 0.091437 0.110656
0 0.618287 0.625683 0.063861 0.071038
0 0.930334 0.556694 0.081277 0.129781
0 0.865747 0.731557 0.053701 0.091530
0 0.504354 0.525956 0.050798 0.065574
0 0.431060 0.441257 0.058055 0.125683
0 0.368650 0.379098 0.087083 0.056011
0 0.293904 0.401639 0.117562 0.040984
0 0.304790 0.415301 0.066763 0.101093
0 0.222787 0.420082 0.082729 0.116120
0 0.225689 0.500683 0.152395 0.124317
0 0.122642 0.520492 0.178520 0.068306
0 0.105225 0.619536 0.094340 0.143443
0 0.074020 0.715847 0.081277 0.035519
0 0.182148 0.637978 0.068215 0.139344
0 0.179245 0.765027 0.062409 0.081967
0 0.210450 0.708333 0.046444 0.083333
0 0.248186 0.633197 0.058055 0.061475
0 0.331640 0.620219 0.076923 0.057377
0 0.380261 0.594945 0.104499 0.088798
0 0.526851 0.905738 0.084180 0.136612
0 0.519594 0.864754 0.121916 0.051913
0 0.501451 0.794399 0.105951 0.069672
0 0.402032 0.762978 0.095791 0.056011
0 0.343251 0.684426 0.053701 0.040984
0 0.384615 0.663934 0.037736 0.046448
0 0.450653 0.676913 0.134978 0.127049
0 0.454282 0.704918 0.069666 0.065574
0 0.526851 0.683743 0.104499 0.072404
0 0.530479 0.627732 0.053701 0.072404
0 0.395501 0.559426 0.047896 0.050546