0 0.681054 0.493548 0.043722 0.050323
0 0.716368 0.370323 0.051570 0.046452
0 0.748879 0.394839 0.035874 0.030968
0 0.729821 0.461290 0.042601 0.107097
0 0.770179 0.512258 0.114350 0.077419
0 0.947870 0.463871 0.077354 0.107097
0 0.922646 0.551613 0.038117 0.070968
0 0.877242 0.254839 0.117713 0.076129
0 0.808296 0.086452 0.053812 0.103226
0 0.711883 0.208387 0.051570 0.032258
0 0.638453 0.158065 0.072870 0.081290
0 0.563341 0.257419 0.028027 0.055484
0 0.588565 0.351613 0.051570 0.029677
0 0.607623 0.300645 0.100897 0.087742
0 0.593049 0.517419 0.056054 0.038710
0 0.446749 0.303871 0.048206 0.029677
0 0.476457 0.265806 0.076233 0.033548
0 0.349776 0.261935 0.123318 0.082581
0 0.290919 0.244516 0.097534 0.055484
0 0.450112 0.364516 0.102018 0.037419
0 0.426570 0.417419 0.028027 0.047742
0 0.468610 0.449677 0.123318 0.070968
0 0.480942 0.490968 0.029148 0.076129
0 0.437780 0.571613 0.063901 0.059355
0 0.424327 0.713548 0.039238 0.033548
0 0.477018 0.602581 0.075112 0.092903
0 0.570067 0.489677 0.070628 0.058065
0 0.627242 0.661290 0.162556 0.060645
0 0.642937 0.729032 0.045964 0.077419
0 0.688341 0.736774 0.127803 0.149677
0 0.814462 0.667097 0.066143 0.154839
0 0.804372 0.748387 0.070628 0.054194
0 0.659193 0.905806 0.116592 0.046452
0 0.598655 0.908387 0.159193 0.167742
0 0.482623 0.754194 0.070628 0.109677
0 0.368834 0.716774 0.042601 0.081290
0 0.354260 0.647742 0.069507 0.103226
0 0.325112 0.409032 0.103139 0.059355
0 0.304933 0.400645 0.038117 0.107097
0 0.194507 0.347097 0.133408 0.046452
0 0.225336 0.469677 0.062780 0.038710
0 0.281390 0.545806 0.062780 0.059355
0 0.235987 0.541935 0.063901 0.090323
0 0.153587 0.496774 0.091928 0.105806
0 0.094731 0.561935 0.124439 0.171613
0 0.593610 0.556774 0.032511 0.081290