0 0.254584 0.795858 0.114245 0.201183
0 0.263752 0.695266 0.039492 0.065089
0 0.269394 0.638314 0.251058 0.152367
0 0.339915 0.699704 0.073343 0.115385
0 0.272920 0.517751 0.150917 0.153846
0 0.341326 0.514053 0.135402 0.105030
0 0.440056 0.521450 0.053597 0.081361
0 0.435825 0.708580 0.045134 0.177515
0 0.503526 0.729290 0.208745 0.053254
0 0.512694 0.662722 0.150917 0.044379
0 0.557828 0.563609 0.040903 0.056213
0 0.593794 0.603550 0.042313 0.100592
0 0.667842 0.704142 0.052186 0.150888
0 0.583216 0.787722 0.052186 0.087278
0 0.423836 0.898669 0.193230 0.134615
0 0.564880 0.840237 0.077574 0.121302
0 0.752468 0.786243 0.196051 0.137574
0 0.741890 0.588757 0.045134 0.068047
0 0.777151 0.555473 0.031030 0.125740
0 0.843441 0.639793 0.078984 0.149408
0 0.825106 0.616124 0.141044 0.084320
0 0.856841 0.492604 0.043724 0.100592
0 0.659379 0.534024 0.165021 0.085799
0 0.614245 0.481509 0.069111 0.042899
0 0.671368 0.462278 0.050776 0.105030
0 0.515515 0.463757 0.088858 0.051775
0 0.547955 0.393491 0.057828 0.050296
0 0.543018 0.361686 0.163611 0.255917
0 0.648801 0.316568 0.045134 0.162722
0 0.772920 0.403107 0.101551 0.078402
0 0.901269 0.364645 0.095910 0.087278
0 0.820874 0.325444 0.081805 0.079882
0 0.703808 0.271450 0.177715 0.250000
0 0.548660 0.181213 0.076164 0.096154
0 0.521862 0.272929 0.067701 0.048817
0 0.579690 0.182692 0.045134 0.208580
0 0.415374 0.351331 0.148096 0.149408
0 0.424542 0.346893 0.095910 0.028107
0 0.424542 0.308432 0.132581 0.190828
0 0.316643 0.313609 0.035261 0.082840
0 0.315938 0.283284 0.087447 0.187870
0 0.363893 0.207101 0.101551 0.071006
0 0.224965 0.238166 0.108604 0.106509
0 0.176305 0.318787 0.031030 0.158284
0 0.437941 0.196746 0.080395 0.171598
0 0.344147 0.139053 0.183357 0.047337