0 0.675214 0.860088 0.051282 0.029455
0 0.594729 0.949926 0.092593 0.044183
0 0.453704 0.888807 0.052707 0.142857
0 0.297721 0.879234 0.065527 0.132548
0 0.354701 0.893225 0.156695 0.045655
0 0.353276 0.774669 0.048433 0.067747
0 0.356838 0.779087 0.129630 0.061856
0 0.386752 0.808542 0.103989 0.032401
0 0.256410 0.775405 0.068376 0.154639
0 0.360399 0.715022 0.056980 0.045655
0 0.082621 0.778351 0.105413 0.175258
0 0.175214 0.713549 0.048433 0.134021
0 0.114672 0.620029 0.055556 0.103093
0 0.249288 0.490427 0.145299 0.108984
0 0.228632 0.511046 0.089744 0.088365
0 0.345442 0.464654 0.049858 0.204713
0 0.400997 0.520619 0.069801 0.160530
0 0.320513 0.248159 0.048433 0.086892
0 0.513533 0.748159 0.109687 0.082474
0 0.450142 0.664948 0.048433 0.042710
0 0.698718 0.726804 0.047009 0.030928
0 0.690171 0.757732 0.106838 0.092784
0 0.628205 0.698085 0.065527 0.035346
0 0.722934 0.674521 0.058405 0.082474
0 0.601140 0.596465 0.054131 0.162003
0 0.665242 0.543446 0.071225 0.035346
0 0.737179 0.561856 0.109687 0.089838
0 0.771368 0.513991 0.078348 0.250368
0 0.869658 0.458763 0.112536 0.072165
0 0.928063 0.606775 0.115385 0.144330
0 0.834758 0.688513 0.068376 0.116348
0 0.482194 0.540501 0.129630 0.114875
0 0.482906 0.501473 0.085470 0.081001
0 0.519231 0.488218 0.038462 0.092784
0 0.576923 0.455817 0.068376 0.092784
0 0.650285 0.440353 0.052707 0.064801
0 0.655983 0.444772 0.064103 0.061856
0 0.717949 0.414580 0.162393 0.104566
0 0.594729 0.339470 0.055556 0.042710
0 0.490028 0.340943 0.059829 0.051546
0 0.502137 0.297496 0.129630 0.032401
0 0.529202 0.220913 0.041311 0.103093
0 0.527778 0.240059 0.160969 0.061856
0 0.509259 0.096465 0.089744 0.122239
0 0.869658 0.374816 0.186610 0.078056
0 0.847578 0.336524 0.071225 0.095729