0 0.180662 0.362153 0.147583 0.052202
0 0.104962 0.487765 0.179389 0.120718
0 0.166031 0.582382 0.128499 0.172920
0 0.201018 0.621533 0.106870 0.215334
0 0.302163 0.473083 0.095420 0.039152
0 0.348601 0.514682 0.086514 0.057096
0 0.321883 0.552202 0.066158 0.040783
0 0.317430 0.637031 0.115776 0.063622
0 0.375318 0.586460 0.099237 0.112561
0 0.368321 0.661501 0.092875 0.125612
0 0.444656 0.587276 0.044529 0.039152
0 0.439567 0.477162 0.100509 0.096248
0 0.496819 0.553834 0.049618 0.047308
0 0.524173 0.582382 0.086514 0.045677
0 0.463104 0.840946 0.111959 0.154976
0 0.594148 0.839315 0.124682 0.145188
0 0.458015 0.684339 0.175573 0.164763
0 0.480916 0.730016 0.122137 0.063622
0 0.506361 0.681892 0.139949 0.078303
0 0.615140 0.654160 0.151399 0.084829
0 0.615776 0.713703 0.035623 0.076672
0 0.697201 0.607667 0.055980 0.148450
0 0.696565 0.831974 0.057252 0.130506
0 0.754453 0.710440 0.063613 0.079935
0 0.774173 0.572594 0.087786 0.048940
0 0.909033 0.670473 0.047074 0.048940
0 0.863232 0.614192 0.082697 0.154976
0 0.875318 0.579119 0.096692 0.130506
0 0.942112 0.510604 0.031807 0.094617
0 0.949746 0.606036 0.082697 0.109299
0 0.965013 0.618271 0.049618 0.101142
0 0.555980 0.383361 0.147583 0.101142
0 0.639949 0.528548 0.111959 0.163132
0 0.631043 0.434747 0.096692 0.050571
0 0.667303 0.417618 0.067430 0.146819
0 0.730280 0.436378 0.063613 0.096248
0 0.762087 0.455954 0.050891 0.086460
0 0.799618 0.406199 0.044529 0.176183
0 0.834606 0.402121 0.048346 0.086460
0 0.887405 0.442088 0.115776 0.107667
0 0.921120 0.332790 0.142494 0.153344
0 0.845420 0.253670 0.062341 0.135400
0 0.729644 0.244698 0.049618 0.156607
0 0.671120 0.239804 0.077608 0.048940
0 0.678117 0.117455 0.071247 0.189233
0 0.747455 0.107667 0.146310 0.104405