0 0.357143 0.162698 0.109774 0.134921
0 0.506767 0.086508 0.120301 0.065079
0 0.369925 0.179365 0.168421 0.203175
0 0.444361 0.198413 0.067669 0.044444
0 0.481203 0.255556 0.063158 0.238095
0 0.439850 0.281746 0.091729 0.042857
0 0.418045 0.351587 0.075188 0.103175
0 0.344361 0.327778 0.078195 0.080952
0 0.327068 0.371429 0.055639 0.063492
0 0.442857 0.384127 0.034586 0.104762
0 0.408271 0.452381 0.070677 0.041270
0 0.464662 0.485714 0.069173 0.168254
0 0.580451 0.259524 0.063158 0.096825
0 0.208271 0.344444 0.097744 0.073016
0 0.259398 0.379365 0.079699 0.139683
0 0.255639 0.407143 0.102256 0.046032
0 0.153383 0.561111 0.084211 0.176190
0 0.136090 0.665079 0.076692 0.047619
0 0.102256 0.731746 0.060150 0.085714
0 0.247368 0.771429 0.067669 0.193651
0 0.200752 0.920635 0.040602 0.088889
0 0.546617 0.692857 0.178947 0.058730
0 0.487218 0.648413 0.072180 0.042857
0 0.515038 0.604762 0.097744 0.107937
0 0.557143 0.580952 0.088722 0.098413
0 0.586466 0.582540 0.057143 0.044444
0 0.666917 0.466667 0.178947 0.063492
0 0.627068 0.476984 0.075188 0.153968
0 0.679699 0.523810 0.102256 0.165079
0 0.666165 0.471429 0.060150 0.082540
0 0.603759 0.378571 0.052632 0.074603
0 0.672180 0.388889 0.057143 0.088889
0 0.732331 0.378571 0.108271 0.061905
0 0.888722 0.516667 0.171429 0.163492
0 0.763158 0.534921 0.070677 0.111111
0 0.839098 0.610317 0.126316 0.103175
0 0.800752 0.675397 0.130827 0.068254
0 0.763158 0.754762 0.067669 0.046032
0 0.725564 0.719841 0.055639 0.128571
0 0.733835 0.285714 0.099248 0.044444
0 0.766917 0.308730 0.201504 0.077778
0 0.818045 0.233333 0.093233 0.079365
0 0.710526 0.183333 0.112782 0.100000
0 0.676692 0.111111 0.126316 0.057143
0 0.687218 0.083333 0.093233 0.074603
0 0.709023 0.544444 0.040602 0.050794