0 0.086233 0.522790 0.066566 0.098066
0 0.136157 0.501381 0.048411 0.035912
0 0.130862 0.550414 0.101362 0.098066
0 0.174735 0.555939 0.080182 0.034530
0 0.237519 0.542818 0.030257 0.077348
0 0.291225 0.520718 0.062027 0.033149
0 0.292738 0.584945 0.059002 0.095304
0 0.213313 0.648481 0.033283 0.095304
0 0.267776 0.676796 0.042360 0.024862
0 0.217095 0.711326 0.080182 0.030387
0 0.218608 0.441298 0.077156 0.056630
0 0.192890 0.833564 0.062027 0.026243
0 0.245840 0.781768 0.107413 0.099448
0 0.335098 0.761740 0.101362 0.073204
0 0.258699 0.866022 0.102874 0.038674
0 0.396369 0.925414 0.054463 0.063536
0 0.593041 0.675414 0.118003 0.162983
0 0.588502 0.564227 0.075643 0.026243
0 0.465204 0.660912 0.068079 0.040055
0 0.506808 0.727210 0.063540 0.089779
0 0.464448 0.784530 0.124054 0.071823
0 0.468230 0.618785 0.134644 0.118785
0 0.892587 0.517265 0.163389 0.053867
0 0.697428 0.528315 0.087746 0.067680
0 0.370651 0.551796 0.133132 0.048343
0 0.484871 0.487569 0.119516 0.069061
0 0.416036 0.479282 0.048411 0.038674
0 0.537065 0.524171 0.084720 0.073204
0 0.575643 0.448895 0.074130 0.049724
0 0.489410 0.353591 0.055976 0.030387
0 0.355522 0.397790 0.060514 0.044199
0 0.345688 0.364641 0.104387 0.088398
0 0.395613 0.420580 0.183056 0.073204
0 0.792738 0.338398 0.036309 0.058011
0 0.738275 0.274862 0.051437 0.104972
0 0.658094 0.355663 0.121029 0.042818
0 0.680787 0.331492 0.118003 0.138122
0 0.633132 0.429558 0.128593 0.099448
0 0.583964 0.177486 0.121029 0.037293
0 0.484871 0.148481 0.062027 0.067680
0 0.362330 0.073895 0.146747 0.042818
0 0.339637 0.145718 0.071104 0.084254
0 0.322995 0.157459 0.095310 0.041436
0 0.123298 0.366713 0.059002 0.040055
0 0.251891 0.370166 0.113464 0.099448
0 0.225416 0.382597 0.099849 0.052486