0 0.441634 0.906692 0.041245 0.132561
0 0.233852 0.835907 0.117510 0.119691
0 0.196887 0.713642 0.071595 0.117117
0 0.044747 0.824324 0.058366 0.093951
0 0.091440 0.784427 0.072374 0.068211
0 0.124903 0.758687 0.053696 0.096525
0 0.142023 0.707851 0.033463 0.043758
0 0.141245 0.303089 0.042802 0.039897
0 0.108171 0.175032 0.035798 0.056628
0 0.122568 0.086229 0.066148 0.054054
0 0.157588 0.052124 0.053696 0.045045
0 0.194553 0.069498 0.029572 0.087516
0 0.227237 0.059846 0.032685 0.114543
0 0.265759 0.180180 0.038132 0.100386
0 0.219844 0.208494 0.044358 0.030888
0 0.246693 0.238739 0.042023 0.117117
0 0.678210 0.657658 0.080156 0.105534
0 0.658755 0.651866 0.035019 0.099099
0 0.637743 0.595882 0.045914 0.133848
0 0.687549 0.505792 0.025681 0.074646
0 0.631518 0.448520 0.083268 0.045045
0 0.544358 0.411840 0.092607 0.090090
0 0.613619 0.434363 0.072374 0.122265
0 0.656420 0.373230 0.041245 0.072072
0 0.618288 0.315315 0.017899 0.046332
0 0.553307 0.230373 0.074708 0.061776
0 0.650584 0.251609 0.049805 0.142857
0 0.700778 0.237452 0.025681 0.029601
0 0.736187 0.277992 0.024903 0.056628
0 0.952918 0.247748 0.053696 0.124839
0 0.898444 0.288932 0.039689 0.027027
0 0.877043 0.387387 0.037354 0.087516
0 0.792218 0.445302 0.028016 0.054054
0 0.815175 0.422136 0.053696 0.030888
0 0.767704 0.359717 0.025681 0.111969
0 0.785603 0.295367 0.021012 0.052767
0 0.823346 0.319176 0.035798 0.077220
0 0.796498 0.234234 0.101946 0.113256
0 0.800389 0.216860 0.031907 0.029601
0 0.830739 0.210425 0.039689 0.050193
0 0.854086 0.178250 0.039689 0.045045
0 0.839300 0.097169 0.091051 0.124839
0 0.696887 0.154440 0.030350 0.043758
0 0.687938 0.121622 0.029572 0.068211
0 0.752529 0.116474 0.040467 0.039897
0 0.752140 0.151223 0.064591 0.060489