0 0.777477 0.878195 0.181982 0.063158
0 0.647748 0.861654 0.084685 0.177444
0 0.570270 0.793233 0.290090 0.067669
0 0.393694 0.708271 0.055856 0.069173
0 0.263063 0.721053 0.082883 0.115789
0 0.238739 0.669925 0.084685 0.124812
0 0.218919 0.556391 0.171171 0.126316
0 0.181081 0.489474 0.077477 0.061654
0 0.190090 0.443609 0.059459 0.057143
0 0.792793 0.678195 0.122523 0.036090
0 0.719820 0.660150 0.124324 0.099248
0 0.855856 0.615038 0.082883 0.144361
0 0.799099 0.548120 0.081081 0.082707
0 0.780180 0.475940 0.072072 0.049624
0 0.782883 0.431579 0.117117 0.054135
0 0.929730 0.482707 0.036036 0.057143
0 0.694595 0.430075 0.063063 0.114286
0 0.682883 0.370677 0.082883 0.070677
0 0.749550 0.354135 0.158559 0.040602
0 0.757658 0.280451 0.059459 0.058647
0 0.811712 0.259398 0.142342 0.082707
0 0.903604 0.242857 0.073874 0.157895
0 0.629730 0.226316 0.099099 0.079699
0 0.551351 0.279699 0.061261 0.123308
0 0.527928 0.272180 0.172973 0.051128
0 0.483784 0.261654 0.055856 0.072180
0 0.408108 0.308271 0.102703 0.057143
0 0.252252 0.359398 0.180180 0.063158
0 0.338739 0.278195 0.036036 0.057143
0 0.209009 0.294737 0.111712 0.045113
0 0.073874 0.284962 0.068468 0.058647
0 0.358559 0.164662 0.097297 0.133835
0 0.469369 0.157895 0.113514 0.111278
0 0.618919 0.155639 0.113514 0.037594
0 0.574775 0.148120 0.288288 0.112782
0 0.587387 0.129323 0.064865 0.135338
0 0.435135 0.396992 0.189189 0.099248
0 0.540541 0.409023 0.061261 0.045113
0 0.578378 0.457895 0.219820 0.118797
0 0.627928 0.539850 0.081081 0.063158
0 0.461261 0.498496 0.108108 0.067669
0 0.415315 0.613534 0.066667 0.087218
0 0.475676 0.576692 0.194595 0.070677
0 0.513514 0.600752 0.190991 0.178947
0 0.555856 0.615038 0.099099 0.117293
0 0.431532 0.624812 0.124324 0.115789