0 0.177060 0.661184 0.022272 0.061842
0 0.523942 0.619079 0.099109 0.093421
0 0.594655 0.534211 0.040089 0.078947
0 0.537862 0.532237 0.064588 0.090789
0 0.531737 0.532237 0.059020 0.053947
0 0.541759 0.500000 0.067929 0.084211
0 0.487751 0.499342 0.064588 0.093421
0 0.482183 0.439474 0.097996 0.092105
0 0.600223 0.457895 0.126949 0.115789
0 0.574610 0.408553 0.084633 0.085526
0 0.297884 0.045395 0.165924 0.051316
0 0.363586 0.099342 0.139198 0.061842
0 0.277840 0.136184 0.085746 0.072368
0 0.262806 0.171711 0.044543 0.101316
0 0.391425 0.151316 0.121381 0.028947
0 0.067929 0.275000 0.082405 0.142105
0 0.073497 0.285526 0.120267 0.086842
0 0.255011 0.326974 0.026726 0.067105
0 0.276726 0.373026 0.041203 0.032895
0 0.306236 0.390789 0.073497 0.134211
0 0.224944 0.461184 0.042316 0.103947
0 0.296771 0.412500 0.139198 0.043421
0 0.389198 0.410526 0.070156 0.136842
0 0.564031 0.315132 0.072383 0.090789
0 0.794543 0.278289 0.067929 0.040789
0 0.734410 0.355263 0.079065 0.044737
0 0.688753 0.417763 0.041203 0.035526
0 0.736637 0.437500 0.070156 0.072368
0 0.830735 0.517763 0.044543 0.038158
0 0.810134 0.501316 0.083519 0.189474
0 0.803452 0.566447 0.076837 0.098684
0 0.941537 0.643421 0.116927 0.097368
0 0.870824 0.692763 0.035635 0.075000
0 0.922606 0.850658 0.032294 0.061842
0 0.555122 0.857237 0.052339 0.038158
0 0.497773 0.756579 0.053452 0.028947
0 0.636414 0.960526 0.103563 0.031579
0 0.228285 0.723026 0.046771 0.077632
0 0.222717 0.705921 0.075724 0.035526
0 0.129176 0.723026 0.033408 0.117105
0 0.182628 0.824342 0.071269 0.056579
0 0.192094 0.771053 0.076837 0.107895
0 0.203229 0.763158 0.076837 0.050000
0 0.488864 0.373026 0.048998 0.061842
0 0.548441 0.420395 0.025612 0.038158
0 0.104677 0.729605 0.122494 0.085526