0 0.352339 0.072270 0.204678 0.091006
0 0.312135 0.104390 0.121345 0.080300
0 0.328216 0.172912 0.203216 0.110278
0 0.446637 0.180407 0.083333 0.116702
0 0.355994 0.262848 0.051170 0.086724
0 0.417398 0.309957 0.130117 0.050321
0 0.496345 0.280514 0.057018 0.059957
0 0.546053 0.245182 0.135965 0.158458
0 0.573099 0.202891 0.105263 0.067452
0 0.663012 0.246788 0.153509 0.050321
0 0.799708 0.318522 0.154971 0.110278
0 0.931287 0.289615 0.102339 0.103854
0 0.894006 0.396146 0.165205 0.055675
0 0.769006 0.391863 0.081871 0.032120
0 0.518275 0.367773 0.156433 0.063169
0 0.471491 0.446467 0.100877 0.085653
0 0.476608 0.541221 0.067251 0.153105
0 0.097222 0.467345 0.059942 0.061028
0 0.179094 0.502677 0.127193 0.150964
0 0.321637 0.627409 0.210526 0.042827
0 0.339181 0.655246 0.125731 0.040685
0 0.350146 0.710921 0.138889 0.074946
0 0.344298 0.720021 0.045322 0.041756
0 0.596491 0.635439 0.146199 0.033191
0 0.647661 0.610814 0.067251 0.033191
0 0.620614 0.573876 0.144737 0.053533
0 0.630848 0.533191 0.059942 0.038544
0 0.595029 0.458779 0.067251 0.041756
0 0.547515 0.480728 0.042398 0.072805
0 0.603801 0.507495 0.070175 0.038544
0 0.695906 0.477516 0.093567 0.070664
0 0.760234 0.576017 0.122807 0.079229
0 0.788012 0.575482 0.149123 0.035332
0 0.807749 0.511242 0.127193 0.108137
0 0.839181 0.493041 0.125731 0.031049
0 0.754386 0.621520 0.090643 0.063169
0 0.724415 0.667024 0.086257 0.051392
0 0.594298 0.751606 0.097953 0.059957
0 0.918129 0.610814 0.122807 0.105996
0 0.910088 0.694325 0.092105 0.052463
0 0.867690 0.752141 0.092105 0.039615
0 0.826023 0.761242 0.096491 0.102784
0 0.680556 0.796039 0.033626 0.067452
0 0.681287 0.786403 0.175439 0.099572
0 0.845029 0.867238 0.154971 0.044968
0 0.703947 0.929336 0.083333 0.092077