0 0.134328 0.887430 0.092869 0.071295
0 0.265340 0.863977 0.116086 0.189493
0 0.271973 0.856473 0.056385 0.073171
0 0.155058 0.748593 0.157546 0.056285
0 0.091211 0.715760 0.109453 0.151970
0 0.103648 0.594747 0.058043 0.161351
0 0.189055 0.552533 0.162521 0.155722
0 0.226368 0.567542 0.114428 0.054409
0 0.271144 0.625704 0.061360 0.091932
0 0.223881 0.688555 0.169154 0.067542
0 0.352405 0.846154 0.064677 0.161351
0 0.393864 0.884615 0.140962 0.088180
0 0.401327 0.744841 0.106136 0.048780
0 0.427032 0.628518 0.164179 0.150094
0 0.473466 0.725141 0.024876 0.058161
0 0.221393 0.510319 0.243781 0.131332
0 0.388060 0.416510 0.129353 0.240150
0 0.323383 0.365854 0.059701 0.075047
0 0.360697 0.348968 0.048093 0.033771
0 0.460199 0.311445 0.111111 0.180113
0 0.436153 0.320826 0.185738 0.082552
0 0.438640 0.267355 0.094527 0.043152
0 0.592040 0.300188 0.238806 0.195122
0 0.673300 0.294559 0.076285 0.097561
0 0.553897 0.184803 0.208955 0.099437
0 0.570481 0.460600 0.116086 0.133208
0 0.543947 0.508443 0.096186 0.033771
0 0.548093 0.515947 0.067993 0.135084
0 0.666667 0.590994 0.072968 0.045028
0 0.520730 0.607880 0.076285 0.041276
0 0.530680 0.687617 0.119403 0.106942
0 0.504975 0.816135 0.044776 0.142589
0 0.637645 0.829268 0.074627 0.228893
0 0.695688 0.825516 0.147595 0.093809
0 0.702322 0.678236 0.104478 0.065666
0 0.820896 0.676360 0.079602 0.088180
0 0.715589 0.509381 0.071310 0.046904
0 0.699005 0.492495 0.097844 0.159475
0 0.792703 0.464353 0.043118 0.076923
0 0.840796 0.487805 0.142620 0.142589
0 0.942786 0.289869 0.058043 0.080675
0 0.839967 0.298311 0.061360 0.142589
0 0.772803 0.358349 0.039801 0.090056
0 0.776949 0.266417 0.061360 0.108818
0 0.733831 0.218574 0.038143 0.099437
0 0.503317 0.106004 0.184080 0.039400