0 0.182990 0.289026 0.046392 0.052550
0 0.136598 0.272798 0.084192 0.183926
0 0.257732 0.304482 0.072165 0.083462
0 0.334192 0.368624 0.132302 0.106646
0 0.363402 0.408037 0.128866 0.123648
0 0.410653 0.472952 0.140893 0.052550
0 0.463918 0.374034 0.044674 0.114374
0 0.493127 0.435085 0.151203 0.109737
0 0.565292 0.361669 0.151203 0.154560
0 0.601375 0.294436 0.089347 0.094281
0 0.469072 0.180835 0.103093 0.046368
0 0.408076 0.167697 0.118557 0.088099
0 0.607388 0.146059 0.070447 0.069552
0 0.552405 0.223338 0.170103 0.063369
0 0.682990 0.282844 0.060137 0.058733
0 0.724227 0.328439 0.053265 0.081917
0 0.328179 0.531685 0.054983 0.034003
0 0.657216 0.534776 0.036082 0.055641
0 0.728522 0.471406 0.085911 0.111283
0 0.830756 0.513910 0.060137 0.057187
0 0.109966 0.563369 0.130584 0.156105
0 0.121993 0.545595 0.137457 0.176198
0 0.264605 0.616692 0.116838 0.068006
0 0.417526 0.608192 0.048110 0.057187
0 0.496564 0.576507 0.079038 0.095827
0 0.421821 0.656105 0.159794 0.041731
0 0.323883 0.595827 0.221649 0.100464
0 0.322165 0.710974 0.070447 0.052550
0 0.530069 0.688563 0.053265 0.156105
0 0.588488 0.666924 0.108247 0.038640
0 0.625430 0.663833 0.072165 0.091190
0 0.671821 0.664606 0.058419 0.086553
0 0.726804 0.695518 0.054983 0.068006
0 0.843643 0.632148 0.161512 0.105100
0 0.865979 0.591190 0.113402 0.224111
0 0.816151 0.734930 0.061856 0.072643
0 0.718213 0.756569 0.106529 0.112828
0 0.717354 0.788253 0.118557 0.114374
0 0.475086 0.714065 0.266323 0.071097
0 0.298969 0.799845 0.041237 0.100464
0 0.143471 0.782071 0.097938 0.129830
0 0.585052 0.840804 0.111684 0.083462
0 0.469072 0.870943 0.144330 0.072643
0 0.639175 0.933539 0.164948 0.126739
0 0.918385 0.802164 0.132302 0.108192
0 0.767182 0.907264 0.249141 0.074189