0 0.052083 0.533497 0.068056 0.099673
0 0.177778 0.598039 0.172222 0.058824
0 0.331250 0.583333 0.054167 0.088235
0 0.218056 0.361111 0.050000 0.098039
0 0.318750 0.410131 0.048611 0.156863
0 0.413889 0.355392 0.055556 0.047386
0 0.430556 0.405229 0.136111 0.101307
0 0.565972 0.467320 0.054167 0.039216
0 0.340278 0.664216 0.072222 0.093137
0 0.425694 0.645425 0.084722 0.114379
0 0.433333 0.608660 0.069444 0.145425
0 0.405556 0.526144 0.094444 0.156863
0 0.511806 0.897059 0.043056 0.143791
0 0.606250 0.892974 0.081944 0.158497
0 0.663889 0.901961 0.116667 0.192810
0 0.672222 0.709967 0.077778 0.066993
0 0.627778 0.756536 0.091667 0.101307
0 0.691667 0.482026 0.050000 0.140523
0 0.765972 0.558824 0.123611 0.042484
0 0.795139 0.599673 0.062500 0.035948
0 0.772222 0.661765 0.058333 0.081699
0 0.736111 0.558824 0.038889 0.251634
0 0.481250 0.573529 0.029167 0.049020
0 0.536111 0.756536 0.044444 0.045752
0 0.547917 0.720588 0.048611 0.062092
0 0.893750 0.340686 0.095833 0.207516
0 0.794444 0.372549 0.072222 0.196078
0 0.828472 0.169935 0.112500 0.039216
0 0.595833 0.212418 0.058333 0.052288
0 0.793750 0.103758 0.159722 0.080065
0 0.571528 0.140523 0.159722 0.068627
0 0.515278 0.263072 0.038889 0.130719
0 0.506944 0.179739 0.108333 0.081699
0 0.472917 0.254902 0.037500 0.081699
0 0.414583 0.174837 0.076389 0.055556
0 0.602778 0.245915 0.227778 0.066993
0 0.221528 0.234477 0.140278 0.122549
0 0.256250 0.264706 0.098611 0.117647
0 0.282639 0.292484 0.073611 0.133987
0 0.506250 0.614379 0.034722 0.068627
0 0.526389 0.579248 0.088889 0.093137
0 0.531944 0.584150 0.075000 0.171569
0 0.604167 0.645425 0.038889 0.150327
0 0.566667 0.664216 0.055556 0.063725
0 0.634722 0.605392 0.080556 0.080065
0 0.613194 0.514706 0.062500 0.049020