0 0.518018 0.100446 0.120721 0.084821
0 0.466667 0.202381 0.126126 0.148810
0 0.491892 0.187500 0.353153 0.062500
0 0.308108 0.150298 0.147748 0.086310
0 0.667568 0.084077 0.181982 0.055060
0 0.802703 0.134673 0.066667 0.075893
0 0.718919 0.223214 0.079279 0.178571
0 0.786486 0.287202 0.084685 0.035714
0 0.904505 0.348214 0.147748 0.163690
0 0.599099 0.317708 0.066667 0.123512
0 0.559459 0.318452 0.200000 0.166667
0 0.600000 0.229911 0.187387 0.061012
0 0.459459 0.331101 0.075676 0.066964
0 0.339640 0.325149 0.145946 0.203869
0 0.655856 0.351935 0.090090 0.084821
0 0.635135 0.398065 0.214414 0.046131
0 0.704505 0.421875 0.209009 0.066964
0 0.538739 0.457589 0.082883 0.049107
0 0.686486 0.503720 0.057658 0.078869
0 0.637838 0.562500 0.183784 0.068452
0 0.492793 0.551339 0.109910 0.069940
0 0.423423 0.514881 0.082883 0.059524
0 0.800000 0.442708 0.147748 0.102679
0 0.784685 0.488095 0.117117 0.095238
0 0.873874 0.523810 0.122523 0.139881
0 0.822523 0.591518 0.102703 0.174107
0 0.745946 0.591518 0.046847 0.093750
0 0.738739 0.672619 0.072072 0.050595
0 0.645045 0.627232 0.111712 0.049107
0 0.632432 0.657738 0.086486 0.044643
0 0.558559 0.674107 0.169369 0.080357
0 0.616216 0.736607 0.129730 0.056548
0 0.223423 0.386905 0.108108 0.133929
0 0.162162 0.403274 0.111712 0.113095
0 0.099099 0.494048 0.111712 0.199405
0 0.318919 0.460565 0.115315 0.058036
0 0.352252 0.558036 0.073874 0.110119
0 0.456757 0.662946 0.077477 0.069940
0 0.377477 0.720982 0.095495 0.144345
0 0.150450 0.735119 0.088288 0.276786
0 0.736937 0.759673 0.115315 0.129464
0 0.522523 0.779762 0.122523 0.077381
0 0.325225 0.881696 0.117117 0.186012
0 0.236036 0.857887 0.057658 0.072917
0 0.257658 0.878720 0.183784 0.147321
0 0.310811 0.814732 0.218018 0.150298