0 0.508913 0.928571 0.098039 0.107632
0 0.667558 0.873777 0.197861 0.103718
0 0.637255 0.785714 0.065954 0.072407
0 0.739750 0.772994 0.049911 0.090020
0 0.575758 0.763209 0.217469 0.136986
0 0.223708 0.898239 0.133690 0.043053
0 0.373440 0.766145 0.094474 0.072407
0 0.966132 0.456947 0.067736 0.205479
0 0.918895 0.592955 0.083779 0.320939
0 0.834225 0.317025 0.081996 0.144814
0 0.790553 0.521526 0.140820 0.166341
0 0.688948 0.549902 0.083779 0.172211
0 0.710339 0.687867 0.204991 0.056751
0 0.512478 0.640900 0.158645 0.119374
0 0.512478 0.708415 0.090909 0.101761
0 0.231729 0.764188 0.174688 0.041096
0 0.163102 0.702544 0.065954 0.258317
0 0.110517 0.686888 0.089127 0.136986
0 0.071301 0.636008 0.081996 0.078278
0 0.066845 0.529354 0.094474 0.213307
0 0.227273 0.610568 0.133690 0.164384
0 0.224599 0.577299 0.085561 0.156556
0 0.349376 0.599804 0.153298 0.072407
0 0.406417 0.677104 0.092692 0.082192
0 0.630125 0.385519 0.083779 0.215264
0 0.574866 0.426614 0.044563 0.097847
0 0.598930 0.393346 0.163993 0.136986
0 0.458111 0.528376 0.128342 0.093933
0 0.376114 0.479452 0.074866 0.191781
0 0.318182 0.418787 0.058824 0.070450
0 0.246881 0.455969 0.065954 0.093933
0 0.204991 0.421722 0.146168 0.107632
0 0.204991 0.351272 0.060606 0.127202
0 0.266488 0.326810 0.040998 0.062622
0 0.320856 0.336595 0.078431 0.121331
0 0.395722 0.348337 0.060606 0.058708
0 0.431373 0.320939 0.096257 0.152642
0 0.236185 0.260274 0.044563 0.062622
0 0.230838 0.239726 0.119430 0.095890
0 0.364528 0.181996 0.140820 0.113503
0 0.530303 0.223092 0.251337 0.117417
0 0.407308 0.111546 0.180036 0.050881
0 0.440285 0.063601 0.163993 0.052838
0 0.577540 0.073386 0.060606 0.099804
0 0.620321 0.163405 0.060606 0.146771
0 0.587344 0.234834 0.151515 0.148728