0 0.067839 0.334805 0.072864 0.167718
0 0.108040 0.312106 0.055276 0.097100
0 0.152010 0.368222 0.090452 0.287516
0 0.186558 0.293190 0.086683 0.087011
0 0.322864 0.143758 0.163317 0.078184
0 0.439698 0.059269 0.190955 0.105927
0 0.577261 0.102774 0.116834 0.122320
0 0.536432 0.163934 0.118090 0.179067
0 0.524497 0.245902 0.084171 0.042875
0 0.421482 0.213745 0.091709 0.087011
0 0.437186 0.156999 0.153266 0.074401
0 0.607412 0.222573 0.051508 0.122320
0 0.613065 0.273644 0.128141 0.184111
0 0.505025 0.350567 0.100503 0.058008
0 0.770729 0.261665 0.209799 0.087011
0 0.763819 0.332282 0.128141 0.107188
0 0.859296 0.389660 0.092965 0.146280
0 0.797111 0.423707 0.146985 0.055485
0 0.639447 0.399117 0.175879 0.049180
0 0.541457 0.448928 0.042714 0.073140
0 0.484925 0.438209 0.072864 0.109710
0 0.410176 0.423707 0.099246 0.078184
0 0.314698 0.498739 0.157035 0.092055
0 0.293970 0.574401 0.077889 0.059269
0 0.125628 0.597100 0.203518 0.175284
0 0.091080 0.717528 0.146985 0.098361
0 0.130653 0.663934 0.105528 0.218159
0 0.246231 0.713745 0.052764 0.095839
0 0.285804 0.811475 0.207286 0.051702
0 0.385678 0.834174 0.158291 0.071879
0 0.371859 0.667718 0.236181 0.122320
0 0.491834 0.760404 0.071608 0.060530
0 0.532035 0.752207 0.109296 0.129887
0 0.529523 0.698613 0.184673 0.121059
0 0.626884 0.628625 0.062814 0.107188
0 0.685930 0.668348 0.077889 0.055485
0 0.720477 0.723203 0.089196 0.071879
0 0.718593 0.601513 0.120603 0.068096
0 0.694095 0.532787 0.069095 0.074401
0 0.925879 0.485498 0.087940 0.090794
0 0.932161 0.551072 0.052764 0.078184
0 0.885678 0.617276 0.110553 0.092055
0 0.893844 0.612863 0.074121 0.211854
0 0.931533 0.783733 0.091709 0.157629
0 0.810302 0.813367 0.067839 0.166456
0 0.903894 0.983607 0.086683 0.035309