0 0.084939 0.462810 0.115587 0.159780
0 0.124781 0.353306 0.107706 0.147383
0 0.221979 0.188705 0.084939 0.082645
0 0.321366 0.259642 0.054291 0.078512
0 0.328809 0.367769 0.049912 0.096419
0 0.322680 0.449725 0.051664 0.084022
0 0.268827 0.515152 0.092820 0.079890
0 0.251751 0.551653 0.058669 0.048209
0 0.263573 0.741047 0.077058 0.148760
0 0.292907 0.777548 0.062172 0.089532
0 0.359019 0.597796 0.045534 0.101928
0 0.401051 0.683196 0.026270 0.118457
0 0.393608 0.545455 0.102452 0.060606
0 0.414623 0.497245 0.083187 0.079890
0 0.470665 0.442149 0.032399 0.074380
0 0.433012 0.219008 0.039405 0.068871
0 0.454904 0.163223 0.028897 0.061983
0 0.484676 0.177686 0.041156 0.118457
0 0.511821 0.190771 0.035902 0.064738
0 0.560858 0.215565 0.072680 0.128099
0 0.567863 0.123278 0.086690 0.053719
0 0.540718 0.267906 0.062172 0.045455
0 0.600701 0.411846 0.071804 0.148760
0 0.579247 0.438705 0.028897 0.067493
0 0.555166 0.484848 0.061296 0.044077
0 0.493433 0.535813 0.042907 0.046832
0 0.508319 0.612948 0.102452 0.055096
0 0.462785 0.659780 0.083187 0.212121
0 0.509632 0.688705 0.047285 0.060606
0 0.484676 0.737603 0.058669 0.037190
0 0.530210 0.786501 0.041156 0.137741
0 0.574431 0.815427 0.084063 0.104683
0 0.454904 0.962121 0.090193 0.056474
0 0.594133 0.736915 0.042907 0.126722
0 0.668564 0.727273 0.048161 0.044077
0 0.758319 0.678375 0.077058 0.084022
0 0.700088 0.719697 0.056918 0.202479
0 0.718914 0.405647 0.040280 0.100551
0 0.666813 0.402893 0.051664 0.185950
0 0.737303 0.469008 0.040280 0.141873
0 0.766637 0.174242 0.070928 0.172176
0 0.809982 0.105372 0.049037 0.130854
0 0.868651 0.150826 0.052539 0.125344
0 0.944834 0.274793 0.063047 0.213499
0 0.930823 0.667355 0.049037 0.177686
0 0.840193 0.814050 0.046410 0.148760