0 0.614055 0.920879 0.089862 0.087912
0 0.519585 0.902198 0.140553 0.103297
0 0.349078 0.826374 0.112903 0.268132
0 0.410138 0.810989 0.147465 0.065934
0 0.508065 0.739560 0.071429 0.142857
0 0.551843 0.724176 0.066820 0.103297
0 0.567972 0.779121 0.048387 0.063736
0 0.167051 0.756044 0.117512 0.043956
0 0.269585 0.714286 0.082949 0.092308
0 0.255760 0.646154 0.105991 0.162637
0 0.209677 0.658242 0.078341 0.160440
0 0.078341 0.601099 0.105991 0.090110
0 0.123272 0.579121 0.158986 0.169231
0 0.223502 0.525275 0.101382 0.145055
0 0.339862 0.554945 0.085253 0.063736
0 0.299539 0.497802 0.087558 0.068132
0 0.635945 0.821978 0.036866 0.123077
0 0.617512 0.635165 0.129032 0.057143
0 0.644009 0.736264 0.145161 0.189011
0 0.698157 0.752747 0.092166 0.142857
0 0.849078 0.787912 0.209677 0.142857
0 0.782258 0.665934 0.080645 0.140659
0 0.700461 0.614286 0.078341 0.050549
0 0.799539 0.592308 0.082949 0.072527
0 0.884793 0.538462 0.092166 0.210989
0 0.794931 0.528571 0.175115 0.063736
0 0.781106 0.387912 0.202765 0.059341
0 0.679724 0.458242 0.078341 0.041758
0 0.463134 0.609890 0.156682 0.076923
0 0.604839 0.458242 0.145161 0.107692
0 0.523041 0.372527 0.050691 0.090110
0 0.544931 0.492308 0.158986 0.162637
0 0.357143 0.441758 0.129032 0.057143
0 0.383641 0.398901 0.043779 0.068132
0 0.460829 0.354945 0.133641 0.221978
0 0.403226 0.339560 0.161290 0.081319
0 0.791475 0.264835 0.089862 0.050549
0 0.721198 0.336264 0.129032 0.039560
0 0.648618 0.084615 0.209677 0.142857
0 0.556452 0.102198 0.274194 0.134066
0 0.539171 0.217582 0.142857 0.171429
0 0.400922 0.227473 0.124424 0.072527
0 0.274194 0.197802 0.119816 0.145055
0 0.203917 0.286813 0.205069 0.068132
0 0.141705 0.419780 0.186636 0.127473
0 0.052995 0.406593 0.064516 0.083516