0 0.955370 0.735738 0.066946 0.125839
0 0.853556 0.749161 0.111576 0.085570
0 0.920502 0.839765 0.097629 0.102349
0 0.766388 0.721477 0.082287 0.100671
0 0.740586 0.666946 0.072524 0.058725
0 0.663877 0.660235 0.058577 0.088926
0 0.718968 0.620805 0.101813 0.083893
0 0.838912 0.578020 0.157601 0.119128
0 0.725941 0.473993 0.177127 0.132550
0 0.652720 0.568792 0.094840 0.144295
0 0.617852 0.525168 0.086471 0.063758
0 0.621339 0.492450 0.199442 0.055369
0 0.582287 0.413591 0.068340 0.119128
0 0.634589 0.407718 0.058577 0.151007
0 0.523013 0.420302 0.050209 0.196309
0 0.500697 0.544463 0.066946 0.058725
0 0.435146 0.586409 0.041841 0.068792
0 0.493724 0.624161 0.105997 0.060403
0 0.421199 0.709732 0.058577 0.107383
0 0.539052 0.683725 0.062762 0.142617
0 0.449093 0.818792 0.094840 0.130872
0 0.354951 0.842282 0.099024 0.184564
0 0.525105 0.875839 0.121339 0.124161
0 0.578801 0.806208 0.164575 0.105705
0 0.593445 0.862416 0.121339 0.070470
0 0.649233 0.894295 0.132497 0.127517
0 0.312413 0.659396 0.156206 0.130872
0 0.191771 0.741611 0.085077 0.093960
0 0.303347 0.607383 0.121339 0.110738
0 0.240586 0.567953 0.124128 0.075503
0 0.159693 0.586409 0.043236 0.075503
0 0.175035 0.534396 0.138075 0.058725
0 0.263598 0.488255 0.080893 0.057047
0 0.334728 0.510906 0.083682 0.055369
0 0.377266 0.453020 0.054393 0.134228
0 0.445607 0.485738 0.062762 0.078859
0 0.456764 0.397651 0.048815 0.070470
0 0.328452 0.391779 0.071130 0.041946
0 0.276151 0.398490 0.103208 0.085570
0 0.349372 0.348154 0.213389 0.075503
0 0.197350 0.364094 0.107392 0.077181
0 0.099024 0.341443 0.080893 0.119128
0 0.088563 0.426174 0.146444 0.097315
0 0.260112 0.288591 0.073919 0.046980
0 0.180614 0.275168 0.085077 0.144295
0 0.146444 0.059564 0.047420 0.088926