0 0.161046 0.210608 0.170320 0.049922
0 0.363406 0.209048 0.059022 0.084243
0 0.244519 0.369735 0.067454 0.078003
0 0.253794 0.416537 0.052277 0.065523
0 0.343170 0.414197 0.075885 0.035881
0 0.475548 0.349454 0.074199 0.040562
0 0.347386 0.290952 0.138280 0.051482
0 0.394604 0.328393 0.101180 0.120125
0 0.421585 0.186427 0.037099 0.057722
0 0.467116 0.193448 0.050590 0.196568
0 0.526138 0.209828 0.050590 0.166927
0 0.188027 0.531201 0.123103 0.076443
0 0.201518 0.541342 0.170320 0.127925
0 0.181282 0.658346 0.069140 0.046802
0 0.117201 0.659126 0.072513 0.123245
0 0.348229 0.589704 0.143339 0.109204
0 0.345700 0.650546 0.077572 0.043682
0 0.368465 0.689548 0.116358 0.034321
0 0.464587 0.484399 0.106239 0.141966
0 0.423272 0.555382 0.111298 0.071763
0 0.483137 0.528081 0.099494 0.110764
0 0.512648 0.617005 0.104553 0.039002
0 0.460371 0.698908 0.242833 0.112324
0 0.510118 0.752730 0.055649 0.098284
0 0.212479 0.843214 0.040472 0.095164
0 0.270658 0.879095 0.048904 0.107644
0 0.346543 0.833853 0.062395 0.070203
0 0.315346 0.797972 0.165261 0.054602
0 0.398820 0.938378 0.150084 0.067083
0 0.639123 0.714509 0.057336 0.068643
0 0.514334 0.836973 0.141653 0.045242
0 0.648398 0.837754 0.160202 0.146646
0 0.624789 0.848674 0.059022 0.162246
0 0.532884 0.433697 0.107926 0.099844
0 0.675379 0.407956 0.096121 0.092044
0 0.628162 0.338534 0.079258 0.078003
0 0.785835 0.737910 0.067454 0.134165
0 0.777403 0.455538 0.134907 0.124805
0 0.912310 0.294072 0.124789 0.132605
0 0.760540 0.070203 0.145025 0.056162
0 0.846543 0.122465 0.104553 0.088924
0 0.779933 0.230889 0.042159 0.059282
0 0.834739 0.187988 0.097808 0.039002
0 0.607926 0.181747 0.069140 0.141966
0 0.669477 0.141966 0.168634 0.196568
0 0.342327 0.529641 0.047218 0.045242