0 0.074002 0.748629 0.075949 0.111517
0 0.184518 0.842779 0.036027 0.204753
0 0.267283 0.912249 0.096397 0.073126
0 0.236611 0.790676 0.103213 0.122486
0 0.469815 0.824497 0.049659 0.142596
0 0.340312 0.722121 0.041870 0.149909
0 0.374878 0.652651 0.068160 0.135283
0 0.304771 0.674589 0.029211 0.106033
0 0.329601 0.596892 0.127556 0.243144
0 0.387050 0.547532 0.034080 0.060329
0 0.406037 0.638940 0.035054 0.199269
0 0.448880 0.643510 0.054528 0.047532
0 0.467868 0.574040 0.067186 0.106033
0 0.440117 0.537477 0.062317 0.102377
0 0.488802 0.671846 0.042843 0.067642
0 0.132911 0.568556 0.082765 0.120658
0 0.175755 0.647166 0.051607 0.043876
0 0.214703 0.575868 0.098345 0.069470
0 0.255112 0.585923 0.149951 0.104205
0 0.144109 0.463437 0.052580 0.210238
0 0.088121 0.401280 0.086660 0.243144
0 0.259981 0.402194 0.038948 0.138940
0 0.275073 0.466179 0.049659 0.095064
0 0.320837 0.436929 0.032132 0.069470
0 0.350536 0.452468 0.038948 0.107861
0 0.395326 0.427788 0.070107 0.127971
0 0.416748 0.473492 0.046738 0.117002
0 0.467381 0.387569 0.091529 0.186472
0 0.529211 0.362888 0.030185 0.133455
0 0.563291 0.614260 0.094450 0.138940
0 0.617332 0.287934 0.029211 0.078611
0 0.614411 0.242230 0.062317 0.246801
0 0.544304 0.168190 0.085686 0.109689
0 0.492210 0.175503 0.049659 0.065814
0 0.418208 0.186472 0.104187 0.201097
0 0.358325 0.240402 0.134372 0.133455
0 0.424051 0.139854 0.084713 0.217550
0 0.262415 0.248629 0.086660 0.127971
0 0.197176 0.308044 0.111977 0.093236
0 0.260467 0.265996 0.076923 0.144424
0 0.183544 0.156307 0.045764 0.148080
0 0.218598 0.141682 0.111977 0.133455
0 0.597371 0.659049 0.039922 0.078611
0 0.620740 0.652651 0.037975 0.117002
0 0.932814 0.384826 0.126582 0.140768
0 0.348101 0.612431 0.036027 0.080439