0 0.631664 0.826758 0.219709 0.072041
0 0.302100 0.729846 0.206785 0.084048
0 0.327141 0.463979 0.121163 0.214408
0 0.823102 0.547170 0.082391 0.216123
0 0.275444 0.624357 0.124394 0.161235
0 0.674475 0.613208 0.166397 0.056604
0 0.589661 0.372213 0.168013 0.085763
0 0.542811 0.738422 0.138934 0.118353
0 0.161551 0.436535 0.174475 0.066895
0 0.908724 0.554889 0.075929 0.166381
0 0.590468 0.564322 0.143780 0.092624
0 0.278675 0.461407 0.147011 0.092624
0 0.408724 0.264151 0.122779 0.113208
0 0.273021 0.612350 0.135703 0.075472
0 0.572698 0.404803 0.043619 0.137221
0 0.489499 0.284734 0.129241 0.065180
0 0.361874 0.403087 0.064620 0.089194
0 0.413570 0.394511 0.058158 0.051458
0 0.362682 0.481132 0.056543 0.053173
0 0.315832 0.779588 0.079160 0.046312
0 0.256058 0.819897 0.108239 0.106346
0 0.096123 0.457118 0.085622 0.104631
0 0.458805 0.331046 0.129241 0.048027
0 0.396607 0.216123 0.114701 0.092624
0 0.373990 0.170669 0.066236 0.077187
0 0.428110 0.143225 0.048465 0.046312
0 0.519386 0.155232 0.066236 0.046312
0 0.524233 0.221269 0.085622 0.072041
0 0.592892 0.186106 0.054927 0.077187
0 0.638934 0.294168 0.105008 0.063465
0 0.653473 0.425386 0.095315 0.051458
0 0.668013 0.485420 0.063005 0.041166
0 0.725363 0.367925 0.064620 0.090909
0 0.774637 0.379074 0.043619 0.082333
0 0.823910 0.358491 0.051696 0.065180
0 0.483845 0.683533 0.101777 0.063465
0 0.454766 0.774443 0.046850 0.073756
0 0.582391 0.757290 0.063005 0.077187
0 0.802908 0.878216 0.067851 0.085763
0 0.745557 0.885077 0.088853 0.120069
0 0.657512 0.759005 0.048465 0.125214
0 0.761712 0.771012 0.108239 0.094340
0 0.706785 0.679245 0.046850 0.092624
0 0.868336 0.689537 0.079160 0.123499
0 0.766559 0.548027 0.095315 0.104631
0 0.768174 0.538593 0.069467 0.123499