0 0.087189 0.527482 0.153025 0.214539
0 0.248221 0.527482 0.097865 0.101064
0 0.281139 0.544326 0.131673 0.219858
0 0.328292 0.664894 0.161922 0.070922
0 0.451957 0.560284 0.060498 0.152482
0 0.410142 0.738475 0.254448 0.118794
0 0.497331 0.675532 0.087189 0.053191
0 0.538256 0.535461 0.097865 0.120567
0 0.567616 0.498227 0.074733 0.085106
0 0.632562 0.520390 0.097865 0.161348
0 0.387011 0.897163 0.090747 0.049645
0 0.409253 0.865248 0.110320 0.131206
0 0.498221 0.884752 0.138790 0.145390
0 0.542705 0.836879 0.099644 0.049645
0 0.556940 0.765957 0.067616 0.074468
0 0.658363 0.906028 0.042705 0.078014
0 0.690391 0.763298 0.103203 0.129433
0 0.727758 0.703901 0.064057 0.148936
0 0.898577 0.754433 0.135231 0.147163
0 0.807829 0.736702 0.142349 0.118794
0 0.935943 0.634752 0.099644 0.063830
0 0.860320 0.623227 0.158363 0.129433
0 0.789146 0.632092 0.080071 0.090426
0 0.775801 0.593085 0.085409 0.054965
0 0.869217 0.534574 0.137011 0.062057
0 0.860320 0.516844 0.104982 0.150709
0 0.729537 0.515957 0.113879 0.124113
0 0.559609 0.407801 0.137011 0.117021
0 0.707295 0.383865 0.069395 0.054965
0 0.718861 0.330674 0.078292 0.051418
0 0.851423 0.368794 0.158363 0.081560
0 0.856762 0.338652 0.080071 0.177305
0 0.698399 0.282801 0.126335 0.051418
0 0.633452 0.358156 0.106762 0.205674
0 0.572954 0.294326 0.046263 0.053191
0 0.516904 0.304965 0.151246 0.191489
0 0.491103 0.281028 0.067616 0.115248
0 0.685053 0.164894 0.167260 0.120567
0 0.425267 0.209220 0.039146 0.102837
0 0.388790 0.259752 0.044484 0.143617
0 0.389680 0.375000 0.081851 0.062057
0 0.267794 0.416667 0.140569 0.124113
0 0.290036 0.394504 0.181495 0.115248
0 0.261566 0.332447 0.124555 0.196809
0 0.252669 0.140071 0.195730 0.216312
0 0.316726 0.189716 0.138790 0.067376