0 0.069873 0.904215 0.025408 0.043423
0 0.039474 0.916986 0.029946 0.120051
0 0.088475 0.732439 0.037205 0.090677
0 0.098457 0.703065 0.060799 0.047254
0 0.220054 0.729885 0.060799 0.024266
0 0.285390 0.978927 0.051724 0.044700
0 0.256352 0.942529 0.031760 0.071520
0 0.180127 0.886335 0.031760 0.061303
0 0.141107 0.919540 0.053539 0.104725
0 0.129764 0.802682 0.018149 0.054917
0 0.237750 0.890805 0.056261 0.039591
0 0.184664 0.883780 0.166062 0.074074
0 0.179673 0.835888 0.112523 0.197957
0 0.159710 0.795658 0.136116 0.053640
0 0.141561 0.763091 0.103448 0.192848
0 0.312613 0.892082 0.068058 0.095785
0 0.367514 0.316731 0.047187 0.033206
0 0.105717 0.484674 0.086207 0.106003
0 0.127495 0.522350 0.044465 0.102171
0 0.129764 0.578544 0.038113 0.074074
0 0.159256 0.630907 0.028131 0.120051
0 0.198276 0.489783 0.039020 0.167305
0 0.197822 0.501277 0.083485 0.026820
0 0.279946 0.418902 0.120690 0.089400
0 0.328947 0.461047 0.088022 0.048531
0 0.307623 0.476373 0.036298 0.117497
0 0.349365 0.564496 0.027223 0.058748
0 0.325771 0.533844 0.018149 0.107280
0 0.260436 0.562580 0.047187 0.154534
0 0.296279 0.585568 0.124319 0.054917
0 0.328040 0.655172 0.111615 0.028097
0 0.395644 0.588761 0.065336 0.053640
0 0.379764 0.580460 0.028131 0.108557
0 0.428312 0.620690 0.030853 0.040868
0 0.450091 0.640485 0.087114 0.039591
0 0.421506 0.682631 0.068058 0.044700
0 0.463702 0.771392 0.025408 0.061303
0 0.437840 0.727331 0.102541 0.044700
0 0.390653 0.789911 0.107985 0.070243
0 0.408348 0.830779 0.068966 0.100894
0 0.669238 0.450830 0.091652 0.076628
0 0.759982 0.459770 0.042650 0.056194
0 0.923775 0.097701 0.081670 0.052363
0 0.529038 0.364623 0.038113 0.213282
0 0.528584 0.079821 0.048094 0.052363
0 0.298548 0.541507 0.030853 0.033206