0 0.029615 0.311986 0.057692 0.102233
0 0.068077 0.270858 0.094615 0.099882
0 0.073462 0.391892 0.079231 0.078731
0 0.130000 0.379553 0.029231 0.159812
0 0.169615 0.388954 0.162308 0.068155
0 0.223077 0.330787 0.086154 0.059929
0 0.082692 0.494125 0.030000 0.076381
0 0.110769 0.462397 0.083077 0.043478
0 0.186154 0.431845 0.089231 0.142186
0 0.191923 0.442421 0.070000 0.085781
0 0.286154 0.340188 0.023077 0.135135
0 0.262308 0.223854 0.061538 0.027027
0 0.227308 0.136898 0.073077 0.048179
0 0.291154 0.180964 0.057692 0.056404
0 0.286154 0.171563 0.026154 0.037603
0 0.368846 0.197415 0.025385 0.056404
0 0.408846 0.251469 0.054615 0.044653
0 0.404615 0.942421 0.047692 0.096357
0 0.457692 0.858402 0.047692 0.111633
0 0.562692 0.831962 0.070000 0.051704
0 0.587308 0.881316 0.048462 0.061105
0 0.648846 0.900118 0.059231 0.039953
0 0.714231 0.903055 0.083846 0.097532
0 0.946923 0.320799 0.101538 0.075206
0 0.941154 0.390717 0.066923 0.081081
0 0.851154 0.438308 0.016154 0.082256
0 0.668462 0.419506 0.090769 0.103408
0 0.662308 0.456522 0.081538 0.090482
0 0.690385 0.371328 0.030000 0.032902
0 0.616923 0.343713 0.064615 0.027027
0 0.716154 0.282609 0.046154 0.118684
0 0.562692 0.123972 0.066923 0.038778
0 0.596923 0.136310 0.060000 0.157462
0 0.630385 0.126322 0.034615 0.092832
0 0.630385 0.200940 0.023846 0.044653
0 0.655385 0.203290 0.027692 0.065805
0 0.649231 0.154524 0.043077 0.029377
0 0.665000 0.065217 0.017692 0.064630
0 0.716154 0.105170 0.027692 0.128085
0 0.751154 0.069918 0.043846 0.024677
0 0.748846 0.202115 0.042308 0.188014
0 0.786538 0.266157 0.030000 0.071680
0 0.820385 0.185664 0.028462 0.138660
0 0.849615 0.206816 0.057692 0.124559
0 0.845385 0.019976 0.049231 0.028202
0 0.446538 0.169213 0.037692 0.077556