0 0.615748 0.810873 0.107087 0.136294
0 0.759055 0.711332 0.047244 0.078101
0 0.794488 0.566616 0.105512 0.119449
0 0.962992 0.447933 0.045669 0.145482
0 0.855906 0.712864 0.155906 0.068913
0 0.925197 0.623277 0.089764 0.070444
0 0.878740 0.575038 0.129134 0.047473
0 0.649606 0.083461 0.234646 0.130168
0 0.619685 0.193721 0.077165 0.148545
0 0.444094 0.120214 0.107087 0.047473
0 0.449606 0.175345 0.187402 0.075038
0 0.649606 0.222818 0.285039 0.090352
0 0.804724 0.237366 0.195276 0.049005
0 0.551181 0.317764 0.056693 0.050536
0 0.659055 0.409648 0.234646 0.130168
0 0.616535 0.421133 0.181102 0.079632
0 0.503937 0.442573 0.047244 0.113323
0 0.620472 0.496937 0.148031 0.111792
0 0.584252 0.574273 0.107087 0.073507
0 0.616535 0.659265 0.149606 0.090352
0 0.509449 0.644717 0.042520 0.140888
0 0.466142 0.554364 0.047244 0.067381
0 0.425197 0.497703 0.072441 0.098009
0 0.436220 0.675345 0.091339 0.110260
0 0.403937 0.702144 0.102362 0.099541
0 0.218898 0.843032 0.081890 0.133231
0 0.413386 0.928790 0.086614 0.108729
0 0.443307 0.861409 0.102362 0.120980
0 0.366929 0.859112 0.091339 0.036753
0 0.323622 0.702144 0.051969 0.136294
0 0.281890 0.600306 0.069291 0.052067
0 0.195276 0.508423 0.059843 0.076570
0 0.287402 0.398928 0.080315 0.038285
0 0.102362 0.425727 0.056693 0.091884
0 0.110236 0.575038 0.122835 0.188361
0 0.233858 0.218224 0.149606 0.084227
0 0.185039 0.287902 0.190551 0.131700
0 0.453543 0.256508 0.050394 0.068913
0 0.407874 0.313170 0.047244 0.093415
0 0.359843 0.313170 0.061417 0.075038
0 0.397638 0.233538 0.061417 0.044410
0 0.301575 0.329250 0.061417 0.088821
0 0.181102 0.723583 0.110236 0.176110
0 0.240157 0.741194 0.055118 0.110260
0 0.267717 0.724349 0.047244 0.067381
0 0.388976 0.790965 0.188976 0.053599