0 0.138177 0.919197 0.038936 0.107375
0 0.155745 0.922451 0.047483 0.146421
0 0.281102 0.955531 0.020893 0.078091
0 0.348528 0.776573 0.064577 0.071584
0 0.679487 0.843818 0.082621 0.041215
0 0.689934 0.806399 0.063628 0.053145
0 0.582621 0.709870 0.078822 0.046638
0 0.516144 0.602495 0.080722 0.081345
0 0.025641 0.376898 0.043685 0.081345
0 0.223647 0.374187 0.132004 0.158351
0 0.057930 0.182755 0.047483 0.022777
0 0.875119 0.629610 0.042735 0.024946
0 0.700380 0.550434 0.040836 0.074837
0 0.749763 0.550976 0.025641 0.054230
0 0.805318 0.554772 0.093067 0.033623
0 0.800570 0.481562 0.022792 0.045553
0 0.771130 0.497831 0.034188 0.023861
0 0.811016 0.529284 0.049383 0.045553
0 0.757835 0.515184 0.056980 0.036876
0 0.734093 0.484816 0.096866 0.060738
0 0.667142 0.439805 0.059829 0.087852
0 0.697056 0.457701 0.062678 0.052061
0 0.727920 0.377983 0.063628 0.057484
0 0.772080 0.425705 0.085470 0.044469
0 0.801045 0.448482 0.109212 0.031453
0 0.745014 0.373644 0.088319 0.157267
0 0.775878 0.338937 0.085470 0.113883
0 0.854226 0.399675 0.048433 0.118221
0 0.884615 0.441432 0.063628 0.086768
0 0.888889 0.444143 0.024691 0.037961
0 0.975783 0.549349 0.050332 0.094360
0 0.941595 0.518980 0.063628 0.079176
0 0.905033 0.512473 0.034188 0.048807
0 0.874644 0.347072 0.022792 0.045553
0 0.923552 0.363341 0.046534 0.114967
0 0.900760 0.281453 0.033238 0.126898
0 0.940646 0.193601 0.057930 0.042299
0 0.860874 0.263015 0.033238 0.096529
0 0.798196 0.239696 0.033238 0.084599
0 0.820988 0.227766 0.035138 0.117137
0 0.834283 0.212039 0.029440 0.061822
0 0.815290 0.092191 0.059829 0.173536
0 0.790123 0.144252 0.043685 0.078091
0 0.621083 0.067245 0.075973 0.095445
0 0.667142 0.078091 0.082621 0.091106
0 0.939221 0.469631 0.047483 0.073753