0 0.254947 0.906355 0.181126 0.113712
0 0.306697 0.848662 0.156773 0.098662
0 0.216134 0.776756 0.121766 0.081940
0 0.293760 0.719900 0.094368 0.145485
0 0.119482 0.718227 0.101979 0.158863
0 0.158295 0.627090 0.133942 0.080268
0 0.238965 0.604515 0.140030 0.038462
0 0.237443 0.497492 0.051750 0.068562
0 0.181887 0.502508 0.056317 0.035117
0 0.214612 0.540970 0.243531 0.045151
0 0.398021 0.602843 0.059361 0.102007
0 0.344749 0.449833 0.074581 0.063545
0 0.372146 0.338629 0.117199 0.128763
0 0.413242 0.413880 0.047184 0.108696
0 0.456621 0.454013 0.048706 0.045151
0 0.512177 0.469900 0.044140 0.133779
0 0.449011 0.699833 0.042618 0.075251
0 0.545662 0.610368 0.117199 0.160535
0 0.530441 0.630435 0.126332 0.070234
0 0.556317 0.622910 0.105023 0.122074
0 0.588280 0.708194 0.159817 0.152174
0 0.680365 0.566054 0.109589 0.128763
0 0.720700 0.735786 0.114155 0.093645
0 0.821918 0.673077 0.112633 0.065217
0 0.828767 0.546823 0.056317 0.086957
0 0.866058 0.503344 0.057839 0.093645
0 0.709285 0.460702 0.066971 0.051839
0 0.834855 0.390468 0.056317 0.091973
0 0.922374 0.393813 0.112633 0.192308
0 0.772451 0.320234 0.120244 0.088629
0 0.661339 0.372910 0.171994 0.103679
0 0.704718 0.317726 0.103501 0.066890
0 0.477930 0.334448 0.063927 0.093645
0 0.539574 0.353679 0.044140 0.071906
0 0.780061 0.203177 0.086758 0.078595
0 0.757230 0.204013 0.111111 0.143813
0 0.636225 0.178094 0.109589 0.078595
0 0.582953 0.107023 0.124810 0.096990
0 0.452816 0.040970 0.156773 0.041806
0 0.321157 0.146321 0.127854 0.108696
0 0.283866 0.099498 0.117199 0.081940
0 0.168189 0.193144 0.223744 0.115385
0 0.152207 0.288462 0.103501 0.152174
0 0.100457 0.303512 0.170472 0.071906
0 0.175038 0.420569 0.140030 0.162207
0 0.058600 0.442308 0.080670 0.138796