0 0.182308 0.305281 0.084615 0.059406
0 0.266154 0.297030 0.116923 0.108911
0 0.210769 0.221122 0.110769 0.102310
0 0.396154 0.334158 0.072308 0.249175
0 0.248462 0.405941 0.133846 0.099010
0 0.306923 0.459571 0.133846 0.199670
0 0.144615 0.459571 0.073846 0.127063
0 0.306154 0.562706 0.113846 0.155116
0 0.374615 0.553630 0.053846 0.041254
0 0.213846 0.637789 0.070769 0.037954
0 0.153846 0.575083 0.138462 0.077558
0 0.080769 0.571782 0.063077 0.183168
0 0.495385 0.126238 0.120000 0.193069
0 0.524615 0.190594 0.123077 0.143564
0 0.609231 0.165842 0.141538 0.037954
0 0.598462 0.210396 0.073846 0.051155
0 0.543846 0.327558 0.072308 0.130363
0 0.596154 0.394389 0.069231 0.138614
0 0.672308 0.358911 0.049231 0.094059
0 0.494615 0.495875 0.140000 0.212871
0 0.624615 0.543729 0.073846 0.090759
0 0.737692 0.495875 0.118462 0.044554
0 0.876154 0.442244 0.161538 0.122112
0 0.890000 0.535479 0.081538 0.179868
0 0.817692 0.632838 0.069231 0.044554
0 0.777692 0.594059 0.176923 0.125413
0 0.459231 0.653465 0.056923 0.079208
0 0.557692 0.686469 0.103077 0.062706
0 0.316923 0.733498 0.101538 0.107261
0 0.266154 0.759901 0.036923 0.110561
0 0.256154 0.820132 0.121538 0.099010
0 0.420000 0.761551 0.055385 0.084158
0 0.386154 0.683993 0.144615 0.047855
0 0.373077 0.852310 0.096923 0.077558
0 0.451538 0.889439 0.173846 0.075908
0 0.519231 0.838284 0.050769 0.052805
0 0.600769 0.772277 0.060000 0.089109
0 0.665385 0.849835 0.056923 0.033003
0 0.587692 0.867162 0.126154 0.130363
0 0.663846 0.776403 0.038462 0.090759
0 0.709231 0.693894 0.150769 0.041254
0 0.763846 0.753300 0.075385 0.057756
0 0.713846 0.793729 0.061538 0.155116
0 0.838462 0.767327 0.073846 0.066007
0 0.873846 0.749175 0.141538 0.168317