0 0.137993 0.457018 0.060932 0.064912
0 0.157706 0.594737 0.125448 0.115789
0 0.173835 0.695614 0.157706 0.107018
0 0.294803 0.788596 0.116487 0.152632
0 0.203405 0.628947 0.059140 0.068421
0 0.298387 0.670175 0.077061 0.126316
0 0.502688 0.878070 0.120072 0.071930
0 0.621864 0.885965 0.075269 0.077193
0 0.500896 0.808772 0.181004 0.105263
0 0.454301 0.759649 0.069892 0.112281
0 0.384409 0.735088 0.073477 0.203509
0 0.384409 0.695614 0.105735 0.050877
0 0.308244 0.571930 0.107527 0.066667
0 0.344982 0.564035 0.267025 0.110526
0 0.239247 0.453509 0.148746 0.131579
0 0.628136 0.792982 0.109319 0.129825
0 0.654122 0.786842 0.129032 0.114035
0 0.690860 0.694737 0.102151 0.059649
0 0.750896 0.736842 0.060932 0.066667
0 0.634409 0.657018 0.150538 0.075439
0 0.605735 0.617544 0.075269 0.049123
0 0.526882 0.554386 0.053763 0.084211
0 0.482079 0.511404 0.089606 0.085965
0 0.454301 0.422807 0.055556 0.098246
0 0.578853 0.466667 0.046595 0.073684
0 0.595878 0.436842 0.163082 0.066667
0 0.634409 0.483333 0.064516 0.131579
0 0.672043 0.554386 0.150538 0.066667
0 0.793011 0.651754 0.091398 0.180702
0 0.793907 0.604386 0.250896 0.071930
0 0.724910 0.494737 0.152330 0.066667
0 0.681900 0.385088 0.123656 0.170175
0 0.608423 0.355263 0.094982 0.089474
0 0.529570 0.316667 0.059140 0.219298
0 0.591398 0.288596 0.243728 0.114035
0 0.472222 0.236842 0.087814 0.091228
0 0.572581 0.200000 0.084229 0.052632
0 0.569892 0.136842 0.068100 0.073684
0 0.628136 0.121053 0.062724 0.070175
0 0.707885 0.150000 0.050179 0.121053
0 0.756272 0.233333 0.064516 0.171930
0 0.809140 0.372807 0.188172 0.100000
0 0.844086 0.333333 0.093190 0.203509
0 0.461470 0.114035 0.166667 0.077193
0 0.410394 0.244737 0.082437 0.152632
0 0.413082 0.354386 0.155914 0.045614