0 0.940256 0.761780 0.068279 0.200698
0 0.459459 0.850785 0.116643 0.256545
0 0.339972 0.751309 0.130868 0.123909
0 0.648649 0.729494 0.091038 0.146597
0 0.687055 0.694590 0.096728 0.139616
0 0.796586 0.614311 0.076814 0.083770
0 0.756046 0.557592 0.120910 0.102967
0 0.724040 0.504363 0.108108 0.055846
0 0.653627 0.561082 0.035562 0.123909
0 0.684922 0.595113 0.041252 0.059337
0 0.547653 0.604712 0.179232 0.113438
0 0.507112 0.618674 0.172119 0.050611
0 0.608108 0.568063 0.069701 0.085515
0 0.584637 0.687609 0.048364 0.066318
0 0.502134 0.533159 0.105263 0.106457
0 0.394737 0.633508 0.263158 0.118674
0 0.304410 0.520070 0.162162 0.080279
0 0.261024 0.445899 0.120910 0.148342
0 0.419630 0.464223 0.056899 0.122164
0 0.347795 0.429319 0.075391 0.048866
0 0.342105 0.380454 0.072546 0.052356
0 0.340683 0.329843 0.103841 0.048866
0 0.258179 0.308028 0.211949 0.144852
0 0.140114 0.246073 0.155050 0.055846
0 0.062589 0.257417 0.071124 0.179756
0 0.307966 0.248691 0.140825 0.228621
0 0.405405 0.235602 0.056899 0.080279
0 0.450213 0.241710 0.058321 0.130890
0 0.435277 0.375218 0.045519 0.073298
0 0.502134 0.353403 0.099573 0.190227
0 0.504267 0.360384 0.041252 0.064572
0 0.623755 0.262653 0.061166 0.068063
0 0.569701 0.424084 0.055477 0.101222
0 0.596728 0.446771 0.066856 0.129145
0 0.626600 0.496510 0.109531 0.095986
0 0.650782 0.363874 0.095306 0.141361
0 0.657895 0.389180 0.046942 0.118674
0 0.583215 0.196335 0.142248 0.071553
0 0.674964 0.173647 0.203414 0.130890
0 0.746799 0.298429 0.051209 0.122164
0 0.794452 0.319372 0.072546 0.184991
0 0.823613 0.102967 0.119488 0.097731
0 0.854908 0.285340 0.039829 0.095986
0 0.871266 0.408377 0.089616 0.167539
0 0.854196 0.308028 0.103841 0.221640
0 0.878378 0.389180 0.155050 0.233857