0 0.257104 0.678184 0.165088 0.063686
0 0.338972 0.712060 0.066306 0.150407
0 0.423545 0.809621 0.135318 0.112466
0 0.600812 0.871951 0.167794 0.077236
0 0.620433 0.867209 0.133965 0.108401
0 0.683356 0.806911 0.113667 0.109756
0 0.665088 0.695799 0.106901 0.082656
0 0.535859 0.726287 0.110961 0.092141
0 0.423545 0.691057 0.100135 0.162602
0 0.483085 0.704607 0.170501 0.132791
0 0.458051 0.648374 0.087957 0.071816
0 0.534506 0.609756 0.075778 0.062331
0 0.382273 0.598916 0.096076 0.035230
0 0.288904 0.579946 0.144790 0.040650
0 0.503383 0.529810 0.127199 0.132791
0 0.491204 0.492547 0.081191 0.069106
0 0.519621 0.453930 0.035183 0.059621
0 0.583221 0.468835 0.040595 0.116531
0 0.629905 0.471545 0.085250 0.146341
0 0.634641 0.545393 0.032476 0.077236
0 0.669147 0.422087 0.133965 0.126016
0 0.688769 0.546748 0.040595 0.074526
0 0.801759 0.602304 0.155616 0.093496
0 0.755074 0.449187 0.051421 0.063686
0 0.772666 0.464770 0.051421 0.054201
0 0.765223 0.464770 0.150203 0.127371
0 0.880244 0.508130 0.060893 0.170732
0 0.841678 0.343496 0.184032 0.196477
0 0.727334 0.330623 0.087957 0.094851
0 0.177943 0.545393 0.120433 0.085366
0 0.210419 0.502710 0.163735 0.135501
0 0.366035 0.470867 0.052774 0.063686
0 0.366712 0.381436 0.051421 0.117886
0 0.212449 0.365854 0.200271 0.105691
0 0.368742 0.237127 0.207037 0.113821
0 0.353180 0.302168 0.124493 0.178862
0 0.422192 0.308943 0.037889 0.108401
0 0.467524 0.320461 0.050068 0.199187
0 0.515562 0.330623 0.083897 0.084011
0 0.523681 0.363144 0.083897 0.116531
0 0.557510 0.243902 0.089310 0.086721
0 0.603518 0.174797 0.110961 0.048780
0 0.459405 0.121274 0.166441 0.104336
0 0.658999 0.119919 0.167794 0.077236
0 0.738836 0.201897 0.083897 0.062331
0 0.733424 0.251355 0.221922 0.074526