0 0.382400 0.113599 0.211200 0.180763
0 0.371200 0.194030 0.096000 0.215589
0 0.449600 0.184080 0.096000 0.122720
0 0.332000 0.210614 0.088000 0.072968
0 0.179200 0.314262 0.080000 0.174129
0 0.275200 0.390547 0.134400 0.061360
0 0.168800 0.441128 0.110400 0.056385
0 0.333600 0.330846 0.078400 0.081260
0 0.463200 0.251244 0.104000 0.051410
0 0.475200 0.302653 0.150400 0.038143
0 0.559200 0.310116 0.104000 0.106136
0 0.607200 0.291874 0.075200 0.109453
0 0.672000 0.236318 0.099200 0.077944
0 0.436000 0.360697 0.052800 0.081260
0 0.389600 0.432836 0.139200 0.053068
0 0.492000 0.417910 0.062400 0.175788
0 0.567200 0.384743 0.132800 0.082919
0 0.439200 0.482587 0.107200 0.043118
0 0.675200 0.432007 0.054400 0.077944
0 0.710400 0.497512 0.070400 0.199005
0 0.272800 0.480100 0.068800 0.058043
0 0.192800 0.543118 0.088000 0.044776
0 0.384800 0.541459 0.078400 0.041459
0 0.452000 0.558043 0.161600 0.127695
0 0.456000 0.594527 0.185600 0.104478
0 0.373600 0.584577 0.078400 0.048093
0 0.331200 0.598673 0.076800 0.056385
0 0.590400 0.601990 0.160000 0.152570
0 0.636800 0.570481 0.131200 0.152570
0 0.590400 0.740464 0.044800 0.074627
0 0.548800 0.631012 0.038400 0.104478
0 0.483200 0.728027 0.147200 0.059701
0 0.400800 0.661692 0.132800 0.076285
0 0.811200 0.564677 0.064000 0.121061
0 0.840800 0.496683 0.193600 0.207297
0 0.824800 0.674129 0.107200 0.131012
0 0.664000 0.803483 0.121600 0.127695
0 0.631200 0.776119 0.171200 0.159204
0 0.581600 0.928690 0.097600 0.142620
0 0.515200 0.786070 0.044800 0.072968
0 0.454400 0.810116 0.134400 0.084577
0 0.393600 0.878939 0.112000 0.208955
0 0.317600 0.837479 0.091200 0.099502
0 0.313600 0.720564 0.051200 0.067993
0 0.172000 0.766169 0.091200 0.149254
0 0.205600 0.577944 0.244800 0.101161