0 0.488722 0.897924 0.105263 0.183391
0 0.564850 0.911765 0.054511 0.114187
0 0.693609 0.933391 0.214286 0.098616
0 0.861842 0.837370 0.073308 0.062284
0 0.682331 0.803633 0.206767 0.119377
0 0.591165 0.775087 0.238722 0.089965
0 0.759398 0.788927 0.045113 0.086505
0 0.817669 0.767301 0.060150 0.091696
0 0.857143 0.681661 0.056391 0.083045
0 0.796053 0.659170 0.054511 0.083045
0 0.754699 0.567474 0.069549 0.069204
0 0.609962 0.699827 0.095865 0.057093
0 0.486842 0.638408 0.063910 0.044983
0 0.670113 0.629758 0.171053 0.044983
0 0.446429 0.564879 0.058271 0.119377
0 0.357143 0.661765 0.093985 0.240484
0 0.330827 0.538927 0.109023 0.115917
0 0.218985 0.561419 0.088346 0.088235
0 0.039474 0.571799 0.063910 0.133218
0 0.131579 0.557958 0.124060 0.095156
0 0.563910 0.477509 0.150376 0.083045
0 0.629699 0.516436 0.120301 0.057093
0 0.882519 0.504325 0.171053 0.108997
0 0.910714 0.606401 0.069549 0.174740
0 0.796053 0.407439 0.129699 0.039792
0 0.773496 0.243945 0.137218 0.107266
0 0.676692 0.262111 0.124060 0.043253
0 0.760338 0.314014 0.167293 0.119377
0 0.577068 0.355536 0.180451 0.095156
0 0.624060 0.339965 0.116541 0.174740
0 0.507519 0.301038 0.131579 0.055363
0 0.405075 0.304498 0.246241 0.089965
0 0.559211 0.225779 0.077068 0.126298
0 0.442669 0.250000 0.171053 0.057093
0 0.449248 0.174740 0.097744 0.197232
0 0.125940 0.397924 0.139098 0.124567
0 0.149436 0.361592 0.084586 0.044983
0 0.300752 0.355536 0.052632 0.115917
0 0.310150 0.406574 0.206767 0.110727
0 0.159774 0.303633 0.101504 0.029412
0 0.173872 0.277682 0.201128 0.043253
0 0.290414 0.173875 0.140977 0.119377
0 0.209586 0.080450 0.133459 0.067474
0 0.484023 0.097751 0.148496 0.164360
0 0.294173 0.111592 0.133459 0.115917
0 0.500000 0.103806 0.300752 0.076125