0 0.284560 0.739403 0.044883 0.056515
0 0.303411 0.616170 0.050269 0.042386
0 0.382406 0.819466 0.068223 0.059655
0 0.340215 0.890110 0.052065 0.047096
0 0.229803 0.908163 0.096948 0.039246
0 0.131957 0.864207 0.087971 0.045526
0 0.170557 0.821036 0.096948 0.106750
0 0.143627 0.790424 0.165171 0.089482
0 0.252244 0.677394 0.220826 0.080063
0 0.397666 0.700157 0.070018 0.050235
0 0.466786 0.686028 0.147217 0.150706
0 0.509874 0.755102 0.089767 0.056515
0 0.528725 0.855573 0.095153 0.113030
0 0.477558 0.875981 0.046679 0.062794
0 0.448833 0.956829 0.053860 0.058085
0 0.557451 0.946625 0.109515 0.053375
0 0.631059 0.799058 0.120287 0.084772
0 0.701077 0.908163 0.105925 0.117739
0 0.612208 0.668760 0.096948 0.150706
0 0.724417 0.682889 0.080790 0.119309
0 0.771095 0.771586 0.113106 0.149137
0 0.863555 0.693093 0.104129 0.158556
0 0.849192 0.642857 0.125673 0.076923
0 0.929982 0.667190 0.046679 0.119309
0 0.906643 0.444270 0.061041 0.131868
0 0.912029 0.527473 0.122083 0.144427
0 0.832136 0.419937 0.041293 0.114600
0 0.817774 0.503925 0.127469 0.175824
0 0.761221 0.533752 0.071813 0.087912
0 0.664273 0.369702 0.043088 0.064364
0 0.627469 0.396389 0.095153 0.105181
0 0.609515 0.576923 0.084381 0.114600
0 0.525135 0.496075 0.105925 0.065934
0 0.504488 0.542386 0.046679 0.039246
0 0.501795 0.575353 0.091562 0.036107
0 0.422801 0.530612 0.073609 0.156986
0 0.343806 0.447410 0.070018 0.122449
0 0.473070 0.416013 0.184919 0.069074
0 0.525135 0.401884 0.123878 0.097331
0 0.321364 0.395604 0.129264 0.116170
0 0.315081 0.557300 0.123878 0.128728
0 0.579892 0.124804 0.086176 0.111460
0 0.503591 0.240188 0.055655 0.091052
0 0.596948 0.249608 0.062837 0.069074
0 0.701077 0.122449 0.077199 0.131868
0 0.820467 0.292779 0.061041 0.089482