0 0.928230 0.544554 0.105263 0.056577
0 0.417065 0.912306 0.135566 0.158416
0 0.320574 0.874823 0.143541 0.123055
0 0.328549 0.797030 0.066986 0.035361
0 0.228070 0.759547 0.105263 0.096181
0 0.610845 0.865629 0.070175 0.115983
0 0.598884 0.794201 0.122807 0.111740
0 0.642743 0.722065 0.130781 0.196605
0 0.515949 0.652051 0.122807 0.033946
0 0.450558 0.683168 0.036683 0.056577
0 0.479266 0.618105 0.151515 0.234795
0 0.554226 0.593352 0.081340 0.029703
0 0.503190 0.531825 0.062201 0.045262
0 0.462520 0.615983 0.130781 0.032532
0 0.388357 0.563649 0.081340 0.066478
0 0.306220 0.620934 0.089314 0.062235
0 0.133174 0.585573 0.071770 0.172560
0 0.237640 0.481612 0.185008 0.038190
0 0.292663 0.471004 0.090909 0.186704
0 0.379585 0.443423 0.047847 0.055163
0 0.444976 0.475955 0.063796 0.038190
0 0.510367 0.454738 0.073365 0.035361
0 0.517544 0.427157 0.110048 0.036775
0 0.481659 0.405233 0.133971 0.055163
0 0.470494 0.362093 0.095694 0.050919
0 0.105263 0.401697 0.185008 0.104668
0 0.665072 0.346535 0.051037 0.036775
0 0.719298 0.358557 0.095694 0.086280
0 0.759968 0.296322 0.084530 0.083451
0 0.673844 0.296322 0.141946 0.041018
0 0.640351 0.241867 0.062201 0.048091
0 0.702552 0.225601 0.151515 0.077793
0 0.187400 0.234088 0.106858 0.140028
0 0.290271 0.294908 0.089314 0.043847
0 0.376396 0.247525 0.140351 0.045262
0 0.385167 0.254597 0.081340 0.084866
0 0.441786 0.239038 0.130781 0.186704
0 0.492026 0.208628 0.138756 0.114569
0 0.358054 0.126591 0.116427 0.094767
0 0.386762 0.123762 0.110048 0.089109
0 0.531898 0.144272 0.094099 0.070721
0 0.540670 0.117397 0.127592 0.076379
0 0.336523 0.053748 0.079745 0.065064
0 0.547049 0.051627 0.137161 0.052334
0 0.250399 0.214993 0.066986 0.127298
0 0.527911 0.352900 0.031898 0.049505