0 0.705931 0.629464 0.054366 0.276786
0 0.828666 0.729167 0.227348 0.101190
0 0.802306 0.746280 0.125206 0.093750
0 0.806425 0.747768 0.051071 0.078869
0 0.762768 0.668155 0.079077 0.032738
0 0.808896 0.822917 0.148270 0.065476
0 0.870675 0.863095 0.080725 0.059524
0 0.771829 0.918155 0.172982 0.056548
0 0.656507 0.860119 0.123558 0.101190
0 0.486820 0.851935 0.126853 0.043155
0 0.543657 0.653274 0.102142 0.098214
0 0.581549 0.706101 0.125206 0.040179
0 0.323723 0.770089 0.143328 0.043155
0 0.233114 0.678571 0.248764 0.089286
0 0.253707 0.687500 0.052718 0.148810
0 0.287479 0.691964 0.199341 0.065476
0 0.370675 0.638393 0.098847 0.047619
0 0.238056 0.575149 0.057661 0.075893
0 0.249588 0.581101 0.166392 0.043155
0 0.208402 0.502232 0.080725 0.093750
0 0.178748 0.464286 0.126853 0.104167
0 0.285008 0.438244 0.115321 0.090774
0 0.246293 0.354911 0.067545 0.200893
0 0.222405 0.352679 0.210873 0.074405
0 0.221582 0.221726 0.172982 0.127976
0 0.328666 0.244048 0.057661 0.065476
0 0.392092 0.161458 0.072488 0.108631
0 0.477759 0.144345 0.102142 0.142857
0 0.498353 0.423363 0.067545 0.037202
0 0.415980 0.500000 0.067545 0.148810
0 0.507414 0.558036 0.108731 0.062500
0 0.543657 0.535714 0.065898 0.035714
0 0.560132 0.475446 0.056013 0.078869
0 0.580725 0.422619 0.107084 0.068452
0 0.843493 0.527530 0.092257 0.072917
0 0.732290 0.544643 0.205931 0.065476
0 0.764415 0.424851 0.135091 0.037202
0 0.682043 0.377976 0.079077 0.139881
0 0.547776 0.364583 0.189456 0.047619
0 0.590610 0.285714 0.087315 0.056548
0 0.566722 0.273065 0.105437 0.171131
0 0.756178 0.331845 0.075783 0.145833
0 0.747941 0.209821 0.095552 0.077381
0 0.542834 0.232887 0.192751 0.069940
0 0.563427 0.744048 0.194399 0.184524
0 0.586491 0.148810 0.148270 0.071429