0 0.181513 0.663727 0.080672 0.196251
0 0.356303 0.478501 0.208403 0.072767
0 0.478992 0.624035 0.124370 0.066152
0 0.867227 0.411797 0.107563 0.184123
0 0.381513 0.643330 0.084034 0.142227
0 0.219328 0.762404 0.152941 0.111356
0 0.209244 0.557883 0.210084 0.052922
0 0.264706 0.389746 0.146218 0.078280
0 0.693277 0.526461 0.072269 0.115766
0 0.241176 0.663175 0.102521 0.082690
0 0.610924 0.087100 0.129412 0.101433
0 0.699160 0.561742 0.178151 0.104741
0 0.276471 0.337927 0.173109 0.098126
0 0.302521 0.418964 0.191597 0.070562
0 0.281513 0.326351 0.136134 0.066152
0 0.159664 0.350606 0.110924 0.044101
0 0.152101 0.310915 0.082353 0.035281
0 0.379832 0.326902 0.070588 0.073870
0 0.429412 0.307056 0.072269 0.029768
0 0.220168 0.467475 0.114286 0.039691
0 0.252941 0.526461 0.082353 0.036384
0 0.236134 0.577729 0.109244 0.050717
0 0.323529 0.647189 0.058824 0.099228
0 0.387395 0.643881 0.102521 0.097023
0 0.426050 0.842889 0.142857 0.049614
0 0.670588 0.949835 0.070588 0.073870
0 0.597479 0.910695 0.166387 0.066152
0 0.514286 0.529768 0.144538 0.060639
0 0.610084 0.556781 0.060504 0.063947
0 0.571429 0.524807 0.063866 0.046307
0 0.529412 0.455899 0.077311 0.078280
0 0.625210 0.501654 0.036975 0.046307
0 0.923529 0.390849 0.075630 0.047409
0 0.712605 0.442117 0.070588 0.059537
0 0.748739 0.424476 0.163025 0.085998
0 0.696639 0.386439 0.052101 0.069460
0 0.603361 0.345094 0.057143 0.072767
0 0.736975 0.366593 0.031933 0.045204
0 0.540336 0.315877 0.132773 0.065050
0 0.544538 0.239250 0.070588 0.046307
0 0.681513 0.260750 0.105882 0.104741
0 0.336975 0.252481 0.152941 0.050717
0 0.372269 0.185226 0.072269 0.035281
0 0.463866 0.199008 0.084034 0.073870
0 0.570588 0.159868 0.045378 0.057332
0 0.509244 0.172547 0.057143 0.078280