0 0.409157 0.887407 0.146802 0.207407
0 0.382267 0.880000 0.069767 0.065185
0 0.515262 0.841481 0.094477 0.124444
0 0.257267 0.839259 0.127907 0.122963
0 0.234738 0.720741 0.082849 0.075556
0 0.279070 0.620741 0.177326 0.041481
0 0.332122 0.581481 0.158430 0.075556
0 0.112645 0.597778 0.106105 0.176296
0 0.128634 0.563704 0.140988 0.105185
0 0.257267 0.477778 0.186047 0.081481
0 0.276890 0.358519 0.187500 0.085926
0 0.233285 0.314074 0.059593 0.100741
0 0.287064 0.217037 0.158430 0.197037
0 0.345930 0.126667 0.177326 0.069630
0 0.494913 0.163704 0.193314 0.179259
0 0.522529 0.245926 0.077035 0.124444
0 0.550145 0.325185 0.074128 0.054815
0 0.436773 0.406667 0.146802 0.084444
0 0.496366 0.373333 0.132267 0.100741
0 0.508721 0.419259 0.183140 0.091852
0 0.549419 0.462222 0.078488 0.077037
0 0.694041 0.442222 0.100291 0.102222
0 0.689680 0.492593 0.100291 0.152593
0 0.699128 0.542963 0.142442 0.182222
0 0.488372 0.531852 0.145349 0.109630
0 0.466570 0.504444 0.119186 0.060741
0 0.545058 0.522963 0.107558 0.041481
0 0.452035 0.573333 0.069767 0.050370
0 0.472384 0.648889 0.069767 0.059259
0 0.601017 0.671852 0.056686 0.054815
0 0.579942 0.698519 0.090116 0.072593
0 0.521076 0.744444 0.114826 0.054815
0 0.739826 0.671111 0.058140 0.035556
0 0.679506 0.674815 0.074128 0.072593
0 0.642442 0.748148 0.159884 0.065185
0 0.709302 0.777778 0.159884 0.059259
0 0.830669 0.542222 0.114826 0.056296
0 0.841570 0.563704 0.110465 0.188148
0 0.910610 0.457778 0.056686 0.245926
0 0.843023 0.347407 0.116279 0.125926
0 0.637355 0.331852 0.126453 0.100741
0 0.680959 0.304444 0.042151 0.084444
0 0.667878 0.168148 0.071221 0.176296
0 0.683866 0.155556 0.178779 0.133333
0 0.788517 0.164444 0.129360 0.041481
0 0.875000 0.260741 0.171512 0.154074