0 0.482143 0.140068 0.142857 0.137521
0 0.448864 0.103565 0.131494 0.122241
0 0.417208 0.236842 0.152597 0.086587
0 0.244318 0.234295 0.147727 0.108659
0 0.188312 0.389643 0.133117 0.151104
0 0.089286 0.442275 0.120130 0.137521
0 0.288961 0.380306 0.081169 0.084890
0 0.316558 0.412564 0.081169 0.142615
0 0.418831 0.329372 0.094156 0.108659
0 0.550325 0.300509 0.042208 0.095076
0 0.581169 0.336163 0.038961 0.142615
0 0.620130 0.196944 0.061688 0.183362
0 0.686688 0.263158 0.107143 0.220713
0 0.862013 0.297963 0.230519 0.093379
0 0.766234 0.313243 0.129870 0.215620
0 0.774351 0.379457 0.084416 0.100170
0 0.870130 0.430390 0.087662 0.151104
0 0.779221 0.474533 0.094156 0.096774
0 0.618506 0.415959 0.094156 0.057725
0 0.521916 0.448217 0.076299 0.040747
0 0.463474 0.502547 0.147727 0.061121
0 0.577922 0.498302 0.110390 0.100170
0 0.478084 0.569610 0.125000 0.062818
0 0.320617 0.581494 0.079545 0.185059
0 0.300325 0.586587 0.253247 0.232598
0 0.274351 0.754669 0.068182 0.266553
0 0.311688 0.752122 0.055195 0.071307
0 0.135552 0.640068 0.125000 0.115450
0 0.439935 0.780985 0.100649 0.095076
0 0.529221 0.784380 0.165584 0.084890
0 0.409091 0.876910 0.116883 0.120543
0 0.392045 0.884550 0.079545 0.142615
0 0.558442 0.899830 0.159091 0.084890
0 0.683442 0.839559 0.100649 0.056027
0 0.676948 0.898132 0.045455 0.112054
0 0.607955 0.721562 0.043831 0.095076
0 0.660714 0.685059 0.110390 0.069610
0 0.672890 0.651952 0.134740 0.088285
0 0.664773 0.550085 0.043831 0.118846
0 0.665584 0.533107 0.087662 0.044143
0 0.773539 0.572156 0.099026 0.037351
0 0.853896 0.532258 0.204545 0.059423
0 0.795455 0.651952 0.162338 0.149406
0 0.740260 0.841256 0.055195 0.202037
0 0.847403 0.893888 0.139610 0.144312
0 0.863636 0.702037 0.162338 0.215620