0 0.626701 0.086397 0.062925 0.074755
0 0.490646 0.351103 0.232993 0.109069
0 0.420068 0.321691 0.139456 0.077206
0 0.620748 0.380515 0.251701 0.111520
0 0.717687 0.390319 0.139456 0.104167
0 0.740646 0.305760 0.124150 0.118873
0 0.639456 0.434436 0.122449 0.118873
0 0.590986 0.509804 0.137755 0.200980
0 0.487245 0.479167 0.107143 0.075980
0 0.471088 0.512255 0.071429 0.066176
0 0.435374 0.438725 0.119048 0.063725
0 0.386905 0.387255 0.147959 0.044118
0 0.372449 0.505515 0.112245 0.113971
0 0.460884 0.580882 0.244898 0.044118
0 0.551020 0.547794 0.068027 0.039216
0 0.658163 0.565564 0.081633 0.050245
0 0.647959 0.518995 0.078231 0.052696
0 0.737245 0.481618 0.079932 0.046569
0 0.867347 0.481618 0.153061 0.071078
0 0.767007 0.522059 0.139456 0.051471
0 0.773810 0.587010 0.149660 0.134804
0 0.606293 0.627451 0.236395 0.071078
0 0.286565 0.537377 0.093537 0.072304
0 0.275510 0.471201 0.057823 0.069853
0 0.406463 0.618873 0.156463 0.036765
0 0.318878 0.655637 0.076531 0.063725
0 0.151361 0.514706 0.125850 0.127451
0 0.140306 0.541054 0.117347 0.050245
0 0.173469 0.483456 0.170068 0.060049
0 0.179422 0.640319 0.161565 0.084559
0 0.191327 0.713235 0.164966 0.073529
0 0.384354 0.753064 0.142857 0.131127
0 0.407313 0.889093 0.124150 0.158088
0 0.491497 0.923407 0.105442 0.079657
0 0.532313 0.869485 0.061224 0.045343
0 0.552721 0.834559 0.173469 0.090686
0 0.645408 0.884804 0.198980 0.120098
0 0.813776 0.714461 0.202381 0.046569
0 0.701531 0.771446 0.154762 0.062500
0 0.693878 0.767770 0.068027 0.096814
0 0.516156 0.782475 0.188776 0.116422
0 0.420068 0.682598 0.102041 0.066176
0 0.402211 0.705882 0.158163 0.129902
0 0.418367 0.764706 0.085034 0.036765
0 0.554422 0.697304 0.156463 0.088235
0 0.595238 0.734681 0.047619 0.084559