0 0.316667 0.768802 0.135294 0.100279
0 0.410784 0.809889 0.060784 0.059889
0 0.510784 0.733287 0.045098 0.051532
0 0.433333 0.711003 0.094118 0.087744
0 0.334314 0.602368 0.049020 0.051532
0 0.436275 0.615599 0.052941 0.114206
0 0.161765 0.574513 0.225490 0.071031
0 0.226471 0.620474 0.107843 0.079387
0 0.094118 0.660167 0.094118 0.075209
0 0.234314 0.781337 0.158824 0.150418
0 0.477451 0.874652 0.100000 0.066852
0 0.480392 0.917827 0.152941 0.052925
0 0.558824 0.944290 0.133333 0.050139
0 0.678431 0.948468 0.133333 0.044568
0 0.557843 0.820334 0.084314 0.125348
0 0.619608 0.824513 0.043137 0.089136
0 0.640196 0.747214 0.056863 0.079387
0 0.693137 0.806407 0.049020 0.097493
0 0.747059 0.672006 0.058824 0.065460
0 0.731373 0.857939 0.156863 0.089136
0 0.807843 0.851671 0.062745 0.040390
0 0.756863 0.911560 0.113725 0.043175
0 0.825490 0.486072 0.113725 0.136490
0 0.877451 0.574513 0.174510 0.199164
0 0.665686 0.604457 0.154902 0.189415
0 0.710784 0.658078 0.131373 0.254875
0 0.575490 0.574513 0.080392 0.154596
0 0.513725 0.488162 0.043137 0.076602
0 0.432353 0.513928 0.111765 0.114206
0 0.425490 0.388579 0.086275 0.036212
0 0.502941 0.337047 0.092157 0.055710
0 0.391176 0.258357 0.233333 0.098886
0 0.283333 0.282033 0.064706 0.096100
0 0.227451 0.367688 0.074510 0.116992
0 0.296078 0.493733 0.215686 0.057103
0 0.284314 0.389276 0.133333 0.143454
0 0.345098 0.413649 0.141176 0.189415
0 0.333333 0.424095 0.117647 0.112813
0 0.364706 0.093315 0.058824 0.083565
0 0.244118 0.122563 0.205882 0.136490
0 0.423529 0.168524 0.101961 0.147632
0 0.561765 0.250696 0.056863 0.136490
0 0.667647 0.348886 0.080392 0.084958
0 0.600980 0.383705 0.072549 0.140669
0 0.379412 0.657382 0.276471 0.080780
0 0.788235 0.571031 0.058824 0.044568