0 0.343441 0.159271 0.120050 0.141046
0 0.435644 0.161648 0.086634 0.225040
0 0.503713 0.143423 0.064356 0.204437
0 0.510520 0.255943 0.068069 0.042789
0 0.547649 0.263074 0.107673 0.098257
0 0.493812 0.347068 0.081683 0.053883
0 0.523515 0.354200 0.193069 0.166403
0 0.394802 0.476228 0.059406 0.103011
0 0.358292 0.397781 0.063119 0.057052
0 0.297030 0.433439 0.044554 0.144216
0 0.274134 0.516640 0.090347 0.101426
0 0.280941 0.600634 0.103960 0.044374
0 0.415842 0.568146 0.111386 0.182250
0 0.477723 0.539620 0.155941 0.068146
0 0.577351 0.495246 0.080446 0.090333
0 0.681931 0.345483 0.101485 0.133122
0 0.707921 0.300317 0.047030 0.118859
0 0.285891 0.271791 0.066832 0.042789
0 0.241955 0.351823 0.055693 0.152139
0 0.198639 0.335975 0.085396 0.104596
0 0.126856 0.392235 0.077970 0.163233
0 0.134901 0.415214 0.116337 0.088748
0 0.224629 0.435024 0.070545 0.087163
0 0.110149 0.531696 0.066832 0.179081
0 0.070545 0.538035 0.042079 0.118859
0 0.125000 0.609350 0.034653 0.074485
0 0.156559 0.594295 0.040842 0.082409
0 0.225248 0.591125 0.113861 0.142631
0 0.220297 0.648177 0.061881 0.174326
0 0.319926 0.690174 0.050743 0.093502
0 0.349010 0.692552 0.064356 0.148970
0 0.467203 0.818542 0.142327 0.087163
0 0.516089 0.867670 0.084158 0.045959
0 0.506807 0.923930 0.092822 0.057052
0 0.449257 0.774960 0.113861 0.088748
0 0.485149 0.718700 0.126238 0.169572
0 0.483911 0.642631 0.039604 0.077655
0 0.517946 0.641046 0.048267 0.106181
0 0.613861 0.722662 0.235149 0.082409
0 0.558168 0.706815 0.054455 0.263074
0 0.613243 0.641046 0.073020 0.137876
0 0.621287 0.646593 0.089109 0.142631
0 0.698639 0.651347 0.102723 0.079239
0 0.702970 0.563391 0.108911 0.175911
0 0.933787 0.441363 0.060644 0.185420
0 0.904703 0.404913 0.061881 0.179081