0 0.034174 0.483579 0.042311 0.110985
0 0.272172 0.780294 0.030106 0.024915
0 0.169650 0.710079 0.023596 0.052095
0 0.146867 0.694224 0.020342 0.058890
0 0.179414 0.790487 0.038242 0.043035
0 0.192840 0.740091 0.052075 0.037373
0 0.175346 0.637033 0.043124 0.100793
0 0.124491 0.708381 0.032547 0.103058
0 0.092758 0.759343 0.052075 0.091733
0 0.055736 0.886750 0.036615 0.126840
0 0.375102 0.911665 0.056957 0.056625
0 0.860862 0.901472 0.050448 0.045300
0 0.897071 0.922990 0.036615 0.135900
0 0.740439 0.885617 0.052075 0.040770
0 0.773393 0.734428 0.034988 0.071348
0 0.702197 0.772367 0.053702 0.088335
0 0.641985 0.801246 0.034174 0.032843
0 0.653377 0.757078 0.030919 0.046433
0 0.652563 0.724236 0.042311 0.044168
0 0.690399 0.659117 0.031733 0.065685
0 0.602116 0.707814 0.055330 0.077010
0 0.600081 0.619479 0.067535 0.054360
0 0.652156 0.509626 0.026851 0.045300
0 0.628153 0.497735 0.021155 0.055493
0 0.594793 0.556625 0.073230 0.048698
0 0.589910 0.472820 0.050448 0.089468
0 0.478845 0.519253 0.049634 0.078143
0 0.485354 0.527180 0.080553 0.053228
0 0.494711 0.385051 0.026037 0.124575
0 0.466640 0.308607 0.020342 0.078143
0 0.376322 0.212911 0.039870 0.063420
0 0.362083 0.167610 0.097640 0.092865
0 0.330350 0.111552 0.066721 0.050963
0 0.298210 0.061155 0.059398 0.058890
0 0.910090 0.396376 0.015460 0.043035
0 0.799024 0.423556 0.030919 0.027180
0 0.834825 0.432616 0.040683 0.052095
0 0.831977 0.484145 0.038242 0.028313
0 0.772986 0.460929 0.060212 0.052095
0 0.845810 0.496602 0.033360 0.093998
0 0.871847 0.469422 0.039870 0.084938
0 0.948332 0.385051 0.062653 0.074745
0 0.911717 0.368063 0.088690 0.031710
0 0.906021 0.417894 0.111473 0.097395
0 0.811229 0.352775 0.081367 0.100793
0 0.734744 0.356738 0.068348 0.072480