0 0.509479 0.818770 0.116114 0.067961
0 0.461493 0.664239 0.041469 0.082524
0 0.494076 0.657767 0.037915 0.144013
0 0.539692 0.677184 0.034360 0.063107
0 0.590047 0.718447 0.056872 0.152104
0 0.575829 0.803398 0.068720 0.118123
0 0.604858 0.580906 0.048578 0.055016
0 0.502962 0.488673 0.036730 0.184466
0 0.551540 0.422330 0.048578 0.071197
0 0.604265 0.475728 0.111374 0.048544
0 0.610190 0.488673 0.037915 0.103560
0 0.639218 0.569579 0.050948 0.135922
0 0.678318 0.567961 0.050948 0.132686
0 0.695498 0.433657 0.023697 0.058252
0 0.065166 0.465210 0.073460 0.082524
0 0.704976 0.941748 0.135071 0.119741
0 0.681872 0.909385 0.074645 0.058252
0 0.648697 0.845469 0.148104 0.156958
0 0.691943 0.735437 0.087678 0.053398
0 0.868483 0.752427 0.101896 0.226537
0 0.841825 0.651294 0.193128 0.131068
0 0.739929 0.637540 0.043839 0.077670
0 0.742891 0.516181 0.099526 0.165049
0 0.809242 0.578479 0.075829 0.101942
0 0.845972 0.569579 0.054502 0.038835
0 0.909953 0.532362 0.104265 0.122977
0 0.958531 0.449029 0.056872 0.147249
0 0.799763 0.461165 0.075829 0.067961
0 0.859005 0.444984 0.042654 0.042071
0 0.805687 0.415049 0.049763 0.037217
0 0.816351 0.380259 0.078199 0.038835
0 0.704976 0.381068 0.094787 0.079288
0 0.663507 0.405340 0.028436 0.050162
0 0.753555 0.351942 0.097156 0.037217
0 0.677725 0.317152 0.042654 0.029126
0 0.786730 0.315534 0.132701 0.042071
0 0.860782 0.288835 0.053318 0.088997
0 0.705569 0.271845 0.095972 0.045307
0 0.805095 0.228964 0.055687 0.056634
0 0.825829 0.165049 0.130332 0.110032
0 0.756517 0.202265 0.126777 0.074434
0 0.722156 0.139159 0.103081 0.135922
0 0.711493 0.062298 0.053318 0.056634
0 0.602488 0.376214 0.069905 0.063107
0 0.604265 0.322006 0.066351 0.048544
0 0.595379 0.266181 0.050948 0.066343