0 0.317213 0.939444 0.119672 0.052373
0 0.368033 0.863339 0.037705 0.060556
0 0.278689 0.793781 0.101639 0.238953
0 0.357377 0.784779 0.150820 0.044190
0 0.446721 0.851882 0.244262 0.106383
0 0.446721 0.824877 0.116393 0.180033
0 0.525410 0.890344 0.149180 0.114566
0 0.364754 0.660393 0.086885 0.060556
0 0.426230 0.720131 0.196721 0.081833
0 0.515574 0.668576 0.139344 0.076923
0 0.639344 0.639116 0.196721 0.063830
0 0.665574 0.576105 0.114754 0.075286
0 0.677869 0.581833 0.109836 0.080196
0 0.580328 0.558920 0.075410 0.135843
0 0.561475 0.590835 0.073770 0.036007
0 0.474590 0.578560 0.080328 0.054010
0 0.510656 0.487725 0.044262 0.098200
0 0.378689 0.532733 0.052459 0.080196
0 0.391803 0.437807 0.121311 0.109656
0 0.191803 0.449264 0.137705 0.155483
0 0.286885 0.451718 0.055738 0.098200
0 0.094262 0.362520 0.119672 0.168576
0 0.229508 0.315057 0.072131 0.034370
0 0.308197 0.342062 0.091803 0.144026
0 0.396721 0.334697 0.078689 0.027823
0 0.365574 0.385434 0.075410 0.148936
0 0.281967 0.234861 0.180328 0.063830
0 0.427869 0.244681 0.098361 0.148936
0 0.523770 0.378887 0.047541 0.070376
0 0.404098 0.109656 0.145902 0.078560
0 0.507377 0.152209 0.119672 0.072013
0 0.511475 0.183306 0.052459 0.153846
0 0.604918 0.302782 0.065574 0.101473
0 0.576230 0.183306 0.040984 0.078560
0 0.689344 0.427169 0.155738 0.222586
0 0.710656 0.481997 0.057377 0.076923
0 0.691803 0.335516 0.062295 0.042553
0 0.766393 0.440262 0.086885 0.094926
0 0.911475 0.450082 0.108197 0.121113
0 0.919672 0.353519 0.059016 0.065466
0 0.812295 0.386252 0.113115 0.134206
0 0.752459 0.267594 0.200000 0.090016
0 0.783607 0.134206 0.147541 0.101473
0 0.711475 0.121931 0.059016 0.122750
0 0.655738 0.145663 0.108197 0.088380
0 0.650820 0.081015 0.049180 0.106383