0 0.653704 0.094228 0.077778 0.103565
0 0.718519 0.211375 0.092593 0.137521
0 0.307407 0.198642 0.177778 0.074703
0 0.181481 0.225806 0.096296 0.054329
0 0.313889 0.284380 0.164815 0.096774
0 0.563889 0.340407 0.098148 0.140917
0 0.623148 0.337012 0.064815 0.191851
0 0.671296 0.389643 0.072222 0.219015
0 0.737037 0.359083 0.107407 0.144312
0 0.761111 0.496604 0.151852 0.157895
0 0.460185 0.343803 0.138889 0.157895
0 0.461111 0.342105 0.048148 0.225806
0 0.468519 0.438031 0.214815 0.057725
0 0.325926 0.401528 0.125926 0.123939
0 0.341667 0.478778 0.131481 0.258065
0 0.250926 0.382852 0.079630 0.093379
0 0.370370 0.523769 0.166667 0.073005
0 0.196296 0.511036 0.107407 0.067912
0 0.100926 0.529711 0.072222 0.193548
0 0.496296 0.527165 0.059259 0.059423
0 0.529630 0.543294 0.048148 0.084890
0 0.541667 0.630730 0.098148 0.096774
0 0.406481 0.662139 0.157407 0.159593
0 0.350000 0.681664 0.085185 0.056027
0 0.277778 0.633277 0.185185 0.064516
0 0.574074 0.525467 0.059259 0.117148
0 0.650000 0.573005 0.162963 0.069610
0 0.731481 0.634126 0.125926 0.042445
0 0.666667 0.670628 0.081481 0.067912
0 0.556481 0.682513 0.153704 0.166384
0 0.649074 0.744482 0.057407 0.083192
0 0.885185 0.667233 0.077778 0.054329
0 0.927778 0.638370 0.129630 0.146010
0 0.901852 0.779287 0.125926 0.044143
0 0.743519 0.753820 0.075926 0.081494
0 0.701852 0.823430 0.066667 0.152801
0 0.794444 0.803905 0.107407 0.093379
0 0.758333 0.830221 0.046296 0.054329
0 0.923148 0.841256 0.142593 0.086587
0 0.808333 0.905772 0.050000 0.134126
0 0.764815 0.912564 0.055556 0.130730
0 0.607407 0.926995 0.155556 0.078098
0 0.480556 0.789474 0.150000 0.057725
0 0.312037 0.861630 0.198148 0.093379
0 0.347222 0.802207 0.224074 0.113752
0 0.210185 0.749576 0.224074 0.144312