0 0.087898 0.270028 0.104459 0.150552
0 0.233121 0.247928 0.063694 0.153315
0 0.335669 0.205801 0.067516 0.187845
0 0.268153 0.080801 0.070064 0.081492
0 0.331847 0.081492 0.057325 0.074586
0 0.574522 0.153315 0.109554 0.104972
0 0.512102 0.204420 0.050955 0.063536
0 0.572611 0.219613 0.044586 0.074586
0 0.480255 0.320442 0.073885 0.198895
0 0.590446 0.286602 0.174522 0.109116
0 0.596178 0.325967 0.071338 0.058011
0 0.543312 0.464088 0.110828 0.118785
0 0.666879 0.392265 0.047134 0.066298
0 0.717834 0.325276 0.064968 0.136740
0 0.785987 0.185083 0.152866 0.063536
0 0.801911 0.359807 0.082803 0.114641
0 0.783439 0.431630 0.061146 0.087017
0 0.917197 0.356354 0.094268 0.074586
0 0.889172 0.402624 0.048408 0.056630
0 0.863057 0.446133 0.090446 0.066298
0 0.838854 0.503453 0.070064 0.067680
0 0.801911 0.549724 0.105732 0.044199
0 0.922293 0.505525 0.091720 0.204420
0 0.672611 0.441298 0.114650 0.075967
0 0.617834 0.467541 0.132484 0.092541
0 0.682803 0.535912 0.050955 0.118785
0 0.727389 0.549724 0.053503 0.080110
0 0.561783 0.516575 0.122293 0.077348
0 0.475796 0.511740 0.087898 0.087017
0 0.549045 0.562155 0.101911 0.033149
0 0.598726 0.591160 0.050955 0.077348
0 0.607006 0.680939 0.103185 0.212707
0 0.687261 0.667818 0.077707 0.056630
0 0.726115 0.604282 0.086624 0.053867
0 0.775796 0.663674 0.124841 0.084254
0 0.724204 0.734116 0.103185 0.219613
0 0.642038 0.796271 0.078981 0.200276
0 0.433121 0.642265 0.135032 0.058011
0 0.279618 0.664365 0.070064 0.193370
0 0.377070 0.724448 0.165605 0.075967
0 0.424841 0.861878 0.154140 0.193370
0 0.869427 0.917127 0.049682 0.124309
0 0.791083 0.901934 0.094268 0.116022
0 0.731210 0.878453 0.073885 0.165746
0 0.571975 0.904696 0.150318 0.085635
0 0.493631 0.836326 0.057325 0.114641