0 0.183901 0.235057 0.119110 0.114701
0 0.223168 0.334410 0.134817 0.048465
0 0.342932 0.322294 0.044503 0.098546
0 0.181937 0.402262 0.089005 0.048465
0 0.123037 0.600969 0.073298 0.168013
0 0.136126 0.511309 0.075916 0.172859
0 0.100785 0.580775 0.146597 0.059774
0 0.096204 0.718094 0.150524 0.127625
0 0.199607 0.705977 0.074607 0.129241
0 0.249346 0.708401 0.032723 0.059774
0 0.295157 0.614701 0.071990 0.263328
0 0.331152 0.605816 0.086387 0.074313
0 0.398560 0.495961 0.061518 0.135703
0 0.499346 0.518578 0.137435 0.155089
0 0.459424 0.597738 0.054974 0.109855
0 0.530759 0.361874 0.069372 0.142165
0 0.609293 0.329564 0.048429 0.042003
0 0.591623 0.210016 0.164921 0.126010
0 0.726440 0.214863 0.065445 0.113086
0 0.776832 0.324717 0.090314 0.174475
0 0.843586 0.226171 0.061518 0.155089
0 0.907068 0.372375 0.052356 0.082391
0 0.821990 0.460420 0.060209 0.106624
0 0.710079 0.413570 0.134817 0.051696
0 0.708115 0.464459 0.047120 0.273021
0 0.659686 0.525040 0.031414 0.064620
0 0.735602 0.595315 0.039267 0.075929
0 0.611911 0.548465 0.106021 0.111470
0 0.653141 0.698708 0.031414 0.075929
0 0.779450 0.693861 0.085079 0.050081
0 0.878927 0.589661 0.129581 0.155089
0 0.677356 0.818255 0.071990 0.137318
0 0.377618 0.787561 0.082461 0.050081
0 0.350131 0.760097 0.124346 0.085622
0 0.460733 0.752019 0.086387 0.169628
0 0.255890 0.874798 0.048429 0.140549
0 0.511780 0.822294 0.060209 0.132472
0 0.592277 0.798061 0.045812 0.164782
0 0.587042 0.752019 0.140052 0.121163
0 0.689136 0.884491 0.037958 0.095315
0 0.750654 0.838449 0.071990 0.151858
0 0.764398 0.937803 0.062827 0.072698
0 0.901832 0.145396 0.036649 0.113086
0 0.746073 0.461228 0.041885 0.059774
0 0.549738 0.855412 0.052356 0.082391
0 0.342932 0.158320 0.172775 0.158320