0 0.528486 0.932602 0.040480 0.115987
0 0.483508 0.892633 0.064468 0.061129
0 0.357571 0.883229 0.109445 0.095611
0 0.336582 0.936520 0.103448 0.083072
0 0.140930 0.880094 0.095952 0.130094
0 0.109445 0.775078 0.125937 0.133229
0 0.206897 0.746082 0.080960 0.153605
0 0.232384 0.643417 0.203898 0.092476
0 0.427286 0.699060 0.065967 0.134796
0 0.440780 0.707680 0.071964 0.083072
0 0.547976 0.724138 0.106447 0.134796
0 0.520990 0.650470 0.064468 0.037618
0 0.741379 0.725705 0.109445 0.128527
0 0.742879 0.626959 0.085457 0.090909
0 0.793103 0.690439 0.080960 0.161442
0 0.875562 0.588558 0.074963 0.101881
0 0.823838 0.526646 0.058471 0.050157
0 0.910795 0.463166 0.064468 0.136364
0 0.857571 0.438871 0.041979 0.087774
0 0.692654 0.422414 0.041979 0.095611
0 0.745127 0.361285 0.104948 0.067398
0 0.508996 0.494514 0.190405 0.142633
0 0.550225 0.473354 0.185907 0.094044
0 0.285607 0.521160 0.157421 0.111285
0 0.371064 0.444357 0.091454 0.111285
0 0.164168 0.473354 0.058471 0.040752
0 0.291604 0.395768 0.061469 0.057994
0 0.219640 0.339342 0.139430 0.139498
0 0.170915 0.311912 0.071964 0.097179
0 0.269115 0.276646 0.133433 0.076803
0 0.191904 0.210031 0.083958 0.081505
0 0.274363 0.140282 0.122939 0.086207
0 0.479760 0.402821 0.176912 0.053292
0 0.437781 0.304859 0.071964 0.167712
0 0.832084 0.285266 0.092954 0.137931
0 0.719640 0.250784 0.065967 0.053292
0 0.694153 0.204545 0.062969 0.064263
0 0.532234 0.344828 0.131934 0.053292
0 0.520990 0.307210 0.091454 0.037618
0 0.575712 0.283699 0.062969 0.043887
0 0.516492 0.190439 0.094453 0.054859
0 0.580210 0.218652 0.065967 0.076803
0 0.595952 0.159875 0.148426 0.144201
0 0.391304 0.045455 0.137931 0.056426
0 0.433283 0.103448 0.134933 0.106583
0 0.455772 0.137147 0.116942 0.098746