0 0.926707 0.905298 0.062249 0.109934
0 0.876506 0.896026 0.074297 0.035762
0 0.831325 0.852980 0.108434 0.047682
0 0.843373 0.765563 0.108434 0.058278
0 0.945783 0.782119 0.112450 0.094040
0 0.926707 0.685430 0.130522 0.062252
0 0.683735 0.931788 0.042169 0.070199
0 0.606426 0.943046 0.052209 0.052980
0 0.576305 0.882119 0.112450 0.029139
0 0.268072 0.878146 0.146586 0.092715
0 0.349398 0.877483 0.164659 0.107285
0 0.322289 0.787417 0.154618 0.054305
0 0.507028 0.830464 0.126506 0.055629
0 0.639558 0.805298 0.114458 0.031788
0 0.441767 0.776821 0.072289 0.070199
0 0.468876 0.713907 0.166667 0.087417
0 0.486948 0.703974 0.074297 0.192053
0 0.596386 0.638411 0.092369 0.140397
0 0.656627 0.668212 0.068273 0.046358
0 0.687751 0.614570 0.074297 0.076821
0 0.751004 0.694040 0.052209 0.137748
0 0.868474 0.574834 0.126506 0.071523
0 0.665663 0.547020 0.042169 0.060927
0 0.160643 0.723841 0.164659 0.033113
0 0.238956 0.701325 0.140562 0.075497
0 0.169679 0.574172 0.110442 0.059603
0 0.242972 0.537748 0.064257 0.063576
0 0.322289 0.543046 0.046185 0.076821
0 0.330321 0.496689 0.295181 0.050331
0 0.529116 0.507285 0.142570 0.082119
0 0.436747 0.439073 0.062249 0.046358
0 0.269076 0.400000 0.136546 0.119205
0 0.302209 0.424503 0.082329 0.054305
0 0.489960 0.405960 0.128514 0.144371
0 0.549197 0.374834 0.114458 0.095364
0 0.517068 0.275497 0.186747 0.182781
0 0.408635 0.247020 0.066265 0.043709
0 0.587349 0.201325 0.054217 0.060927
0 0.827309 0.278146 0.160643 0.082119
0 0.811245 0.380795 0.208835 0.054305
0 0.795181 0.356291 0.088353 0.029139
0 0.830321 0.458278 0.046185 0.050331
0 0.751004 0.467550 0.076305 0.100662
0 0.670683 0.478146 0.120482 0.084768
0 0.722892 0.341722 0.204819 0.137748
0 0.637550 0.094040 0.058233 0.150993