0 0.235893 0.319005 0.208464 0.067873
0 0.216301 0.453243 0.106583 0.209653
0 0.148903 0.460030 0.153605 0.129713
0 0.268025 0.518100 0.043887 0.064857
0 0.296238 0.521116 0.112853 0.215686
0 0.365204 0.371795 0.153605 0.128205
0 0.427900 0.401961 0.172414 0.092006
0 0.503135 0.343891 0.153605 0.105581
0 0.513323 0.428356 0.070533 0.102564
0 0.476489 0.500754 0.188088 0.093514
0 0.637147 0.465309 0.048589 0.125189
0 0.620690 0.567873 0.119122 0.128205
0 0.470219 0.625189 0.103448 0.073906
0 0.462382 0.683258 0.084639 0.057315
0 0.540752 0.668175 0.065831 0.078431
0 0.386364 0.668929 0.057994 0.079940
0 0.335423 0.745852 0.178683 0.058824
0 0.384796 0.790347 0.092476 0.060332
0 0.467085 0.817496 0.128527 0.066365
0 0.526646 0.817496 0.184953 0.147813
0 0.629310 0.840875 0.064263 0.061840
0 0.619122 0.779035 0.078370 0.052790
0 0.552508 0.883107 0.089342 0.167421
0 0.717085 0.872549 0.070533 0.113122
0 0.847962 0.775264 0.169279 0.138763
0 0.713166 0.734540 0.147335 0.108597
0 0.688871 0.692308 0.195925 0.120664
0 0.904389 0.675716 0.062696 0.090498
0 0.850313 0.615385 0.123824 0.120664
0 0.739028 0.607843 0.148903 0.162896
0 0.809561 0.478130 0.142633 0.090498
0 0.736677 0.421569 0.087774 0.200603
0 0.793887 0.404223 0.089342 0.051282
0 0.850313 0.387632 0.148903 0.057315
0 0.387147 0.202866 0.156740 0.125189
0 0.507053 0.243590 0.139498 0.040724
0 0.456897 0.178733 0.155172 0.221719
0 0.561912 0.241327 0.123824 0.123680
0 0.618339 0.253394 0.054859 0.099548
0 0.702194 0.269985 0.144201 0.054299
0 0.792320 0.235294 0.189655 0.042232
0 0.778997 0.171192 0.100313 0.064857
0 0.695141 0.208145 0.101881 0.075415
0 0.623041 0.147813 0.133229 0.111614
0 0.851097 0.329563 0.147335 0.052790
0 0.732759 0.346154 0.032915 0.052790