0 0.082000 0.061941 0.041333 0.075351
0 0.786000 0.958493 0.052000 0.049808
0 0.692667 0.859515 0.036000 0.132822
0 0.710667 0.855045 0.098667 0.062580
0 0.752667 0.903576 0.086667 0.049808
0 0.841333 0.871648 0.045333 0.039591
0 0.831333 0.823755 0.073333 0.130268
0 0.806000 0.842273 0.041333 0.042146
0 0.800000 0.810345 0.045333 0.044700
0 0.781333 0.781609 0.072000 0.053640
0 0.716000 0.741379 0.082667 0.088123
0 0.734667 0.740102 0.090667 0.075351
0 0.735333 0.694764 0.036000 0.053640
0 0.644667 0.731801 0.044000 0.043423
0 0.620000 0.768838 0.058667 0.061303
0 0.626000 0.676245 0.089333 0.026820
0 0.654000 0.631545 0.033333 0.134100
0 0.512000 0.638570 0.098667 0.081737
0 0.527333 0.620051 0.118667 0.090677
0 0.581333 0.544061 0.029333 0.063857
0 0.487333 0.535121 0.113333 0.099617
0 0.512667 0.483397 0.102667 0.044700
0 0.469333 0.396552 0.048000 0.108557
0 0.490000 0.416986 0.145333 0.062580
0 0.386667 0.405492 0.104000 0.026820
0 0.370667 0.350575 0.120000 0.062580
0 0.325333 0.316731 0.058667 0.183908
0 0.470000 0.279693 0.025333 0.058748
0 0.376000 0.133461 0.080000 0.034483
0 0.356667 0.180715 0.132000 0.054917
0 0.402000 0.228608 0.086667 0.040868
0 0.622667 0.404853 0.080000 0.028097
0 0.640000 0.419540 0.048000 0.131545
0 0.680000 0.542784 0.074667 0.163474
0 0.701333 0.405492 0.069333 0.042146
0 0.728000 0.450192 0.050667 0.039591
0 0.785333 0.430396 0.042667 0.030651
0 0.846000 0.466156 0.065333 0.109834
0 0.814667 0.500000 0.042667 0.095785
0 0.827333 0.505109 0.062667 0.065134
0 0.824667 0.574074 0.049333 0.034483
0 0.861333 0.597701 0.077333 0.076628
0 0.864667 0.631545 0.044000 0.098340
0 0.927333 0.589400 0.028000 0.106003
0 0.932667 0.684547 0.084000 0.045977
0 0.928000 0.800128 0.053333 0.151980