0 0.089419 0.625209 0.101341 0.131886
0 0.359165 0.721202 0.104322 0.050083
0 0.426230 0.784641 0.041729 0.086811
0 0.347988 0.621870 0.153502 0.111853
0 0.450820 0.645242 0.052161 0.065109
0 0.450820 0.585142 0.117735 0.085142
0 0.497765 0.550918 0.047690 0.066778
0 0.552906 0.524207 0.074516 0.050083
0 0.440387 0.439900 0.084948 0.185309
0 0.305514 0.523372 0.065574 0.048414
0 0.254844 0.478297 0.125186 0.115192
0 0.224292 0.436561 0.108793 0.061770
0 0.232489 0.422371 0.089419 0.140234
0 0.360656 0.417362 0.098361 0.063439
0 0.391952 0.336394 0.050671 0.105175
0 0.475410 0.428214 0.128167 0.095159
0 0.390462 0.222871 0.134128 0.071786
0 0.429210 0.128548 0.146051 0.140234
0 0.516393 0.333055 0.120715 0.202003
0 0.558867 0.363105 0.077496 0.045075
0 0.607303 0.394825 0.070045 0.055092
0 0.682563 0.444908 0.056632 0.048414
0 0.561848 0.670284 0.095380 0.165275
0 0.663189 0.603506 0.110283 0.038397
0 0.715350 0.647746 0.134128 0.073456
0 0.662444 0.725376 0.058122 0.078464
0 0.722057 0.799666 0.084948 0.160267
0 0.654993 0.868948 0.078987 0.108514
0 0.744411 0.888147 0.099851 0.123539
0 0.786140 0.826377 0.061103 0.083472
0 0.809240 0.673623 0.065574 0.155259
0 0.867362 0.744574 0.044709 0.120200
0 0.938897 0.792154 0.107303 0.061770
0 0.897168 0.924875 0.071535 0.143573
0 0.932936 0.621870 0.071535 0.155259
0 0.862891 0.510851 0.095380 0.100167
0 0.835320 0.436561 0.105812 0.071786
0 0.882265 0.476628 0.053651 0.091820
0 0.917288 0.461603 0.055142 0.148581
0 0.713860 0.442404 0.053651 0.263773
0 0.769747 0.379800 0.108793 0.098497
0 0.678838 0.280467 0.064083 0.146912
0 0.621461 0.242070 0.044709 0.073456
0 0.572280 0.179466 0.053651 0.071786
0 0.770492 0.276294 0.074516 0.081803
0 0.771982 0.181970 0.086438 0.200334