0 0.671494 0.111360 0.211890 0.091181
0 0.781250 0.158445 0.114329 0.068759
0 0.733994 0.215994 0.096037 0.067265
0 0.637957 0.173393 0.105183 0.056801
0 0.638720 0.221226 0.094512 0.047833
0 0.871189 0.195067 0.047256 0.088191
0 0.836128 0.297459 0.071646 0.155456
0 0.733994 0.287743 0.150915 0.082212
0 0.457317 0.147235 0.079268 0.073244
0 0.470274 0.221973 0.147866 0.109118
0 0.497713 0.312407 0.163110 0.167414
0 0.432927 0.310164 0.085366 0.061286
0 0.403201 0.369955 0.172256 0.055306
0 0.473323 0.415546 0.074695 0.050822
0 0.412348 0.408819 0.144817 0.186846
0 0.435213 0.526906 0.092988 0.061286
0 0.674543 0.408819 0.123476 0.177877
0 0.652439 0.444694 0.182927 0.100149
0 0.568598 0.559043 0.091463 0.146487
0 0.250762 0.272048 0.111280 0.089686
0 0.098323 0.387145 0.108232 0.125561
0 0.070122 0.496263 0.064024 0.101644
0 0.266768 0.400598 0.097561 0.056801
0 0.219512 0.457399 0.176829 0.077728
0 0.246951 0.505232 0.158537 0.050822
0 0.296494 0.567265 0.099085 0.097160
0 0.269055 0.620329 0.123476 0.086697
0 0.323933 0.642003 0.114329 0.085202
0 0.253049 0.689836 0.155488 0.082212
0 0.198171 0.674888 0.167683 0.180867
0 0.339939 0.727952 0.051829 0.083707
0 0.407012 0.686099 0.179878 0.065770
0 0.792683 0.405830 0.064024 0.118087
0 0.804878 0.493274 0.067073 0.062780
0 0.846037 0.475336 0.070122 0.140508
0 0.920732 0.437967 0.060976 0.152466
0 0.846037 0.631540 0.106707 0.147982
0 0.831555 0.645740 0.117378 0.155456
0 0.924543 0.628550 0.077744 0.109118
0 0.746951 0.705531 0.131098 0.062780
0 0.737805 0.709268 0.070122 0.150972
0 0.655488 0.926756 0.064024 0.068759
0 0.594512 0.810912 0.219512 0.186846
0 0.408537 0.795217 0.198171 0.068759
0 0.407774 0.862481 0.120427 0.137519
0 0.427591 0.914051 0.190549 0.103139