0 0.146471 0.898411 0.071904 0.107832
0 0.171105 0.854143 0.078562 0.048808
0 0.133156 0.796254 0.106525 0.085131
0 0.189081 0.791714 0.122503 0.089671
0 0.304261 0.763337 0.033289 0.053348
0 0.394141 0.792281 0.069241 0.056754
0 0.490679 0.886493 0.091877 0.070375
0 0.460719 0.808740 0.045273 0.080590
0 0.537949 0.854143 0.133156 0.162316
0 0.514647 0.748014 0.105193 0.068104
0 0.579228 0.725312 0.053262 0.095346
0 0.479361 0.661180 0.079893 0.055619
0 0.707723 0.745743 0.081225 0.108967
0 0.699734 0.696935 0.094541 0.077185
0 0.742344 0.614075 0.110519 0.145289
0 0.755659 0.509081 0.041278 0.044268
0 0.792943 0.498865 0.065246 0.087401
0 0.890812 0.494892 0.143808 0.036322
0 0.817577 0.408627 0.061252 0.104427
0 0.761651 0.363224 0.101198 0.113507
0 0.715712 0.480704 0.089214 0.128263
0 0.659787 0.460272 0.105193 0.073780
0 0.071238 0.662883 0.051931 0.104427
0 0.119174 0.524972 0.065246 0.096481
0 0.274301 0.613507 0.071904 0.105562
0 0.362184 0.613507 0.093209 0.157775
0 0.389481 0.636776 0.057257 0.031782
0 0.414780 0.517594 0.062583 0.034052
0 0.476698 0.550511 0.069241 0.029512
0 0.566578 0.520431 0.046605 0.046538
0 0.522636 0.531782 0.121172 0.123723
0 0.364847 0.482406 0.045273 0.040863
0 0.415446 0.448354 0.114514 0.029512
0 0.370173 0.413734 0.077230 0.035187
0 0.311585 0.372872 0.047936 0.053348
0 0.422104 0.358116 0.074567 0.119183
0 0.711052 0.367764 0.066578 0.074915
0 0.694407 0.325199 0.134487 0.078320
0 0.591212 0.348468 0.034621 0.040863
0 0.585220 0.314983 0.118509 0.041998
0 0.496671 0.301930 0.087883 0.118048
0 0.513316 0.211691 0.075899 0.055619
0 0.315579 0.172531 0.141145 0.088536
0 0.414780 0.110670 0.086551 0.053348
0 0.396138 0.062429 0.049268 0.070375
0 0.203728 0.312145 0.210386 0.056754