0 0.930889 0.906203 0.102163 0.139183
0 0.622596 0.900908 0.062500 0.104387
0 0.399038 0.882753 0.057692 0.113464
0 0.326923 0.788956 0.026442 0.110439
0 0.365385 0.839637 0.057692 0.133132
0 0.340745 0.718608 0.090144 0.118003
0 0.253606 0.588502 0.048077 0.072617
0 0.292668 0.562027 0.042067 0.031770
0 0.284856 0.602118 0.024038 0.060514
0 0.047476 0.480333 0.058894 0.031770
0 0.132212 0.403933 0.108173 0.075643
0 0.224760 0.242057 0.091346 0.039334
0 0.204928 0.270802 0.066106 0.036309
0 0.307692 0.222390 0.137019 0.093797
0 0.353365 0.259455 0.072115 0.113464
0 0.408053 0.241301 0.058894 0.040847
0 0.373798 0.331316 0.076923 0.042360
0 0.280048 0.109682 0.036058 0.046899
0 0.353365 0.121785 0.033654 0.107413
0 0.374399 0.055219 0.042067 0.046899
0 0.517428 0.316188 0.085337 0.157337
0 0.522837 0.367625 0.028846 0.060514
0 0.477163 0.433434 0.036058 0.077156
0 0.418870 0.416793 0.094952 0.101362
0 0.328726 0.480333 0.078125 0.116490
0 0.361178 0.487897 0.094952 0.059002
0 0.370793 0.500000 0.032452 0.040847
0 0.462139 0.562027 0.157452 0.113464
0 0.416466 0.634644 0.030048 0.062027
0 0.437500 0.585477 0.033654 0.111952
0 0.460938 0.581694 0.034856 0.095310
0 0.478365 0.663389 0.040865 0.080182
0 0.510817 0.649773 0.024038 0.092284
0 0.622596 0.385023 0.043269 0.077156
0 0.637620 0.473525 0.082933 0.133132
0 0.629808 0.476551 0.086538 0.054463
0 0.527043 0.487141 0.061298 0.051437
0 0.587139 0.585477 0.087740 0.048411
0 0.573918 0.570348 0.056490 0.111952
0 0.626803 0.632375 0.085337 0.063540
0 0.537861 0.664902 0.027644 0.062027
0 0.471154 0.733737 0.074519 0.093797
0 0.566707 0.729198 0.106971 0.051437
0 0.552284 0.735250 0.080529 0.114977
0 0.560697 0.801059 0.082933 0.074130
0 0.358173 0.621785 0.050481 0.060514