0 0.924443 0.061659 0.030553 0.112108
0 0.884806 0.105381 0.055326 0.089686
0 0.876961 0.084641 0.044591 0.106502
0 0.827415 0.179933 0.062758 0.119955
0 0.832370 0.308296 0.046243 0.141256
0 0.819571 0.337444 0.028902 0.060538
0 0.887696 0.356502 0.049546 0.091928
0 0.954170 0.401906 0.058629 0.104260
0 0.872007 0.420404 0.109001 0.069507
0 0.891825 0.433296 0.077622 0.128924
0 0.796036 0.435538 0.034682 0.066143
0 0.816268 0.454596 0.025599 0.048206
0 0.891825 0.582399 0.080925 0.063901
0 0.884393 0.570067 0.100743 0.133408
0 0.782824 0.559417 0.028076 0.085202
0 0.816268 0.665919 0.033856 0.136771
0 0.762180 0.606502 0.092486 0.174888
0 0.744426 0.718610 0.078448 0.100897
0 0.770851 0.723094 0.099917 0.058296
0 0.660611 0.618834 0.036334 0.089686
0 0.515690 0.568946 0.063584 0.050448
0 0.544178 0.595291 0.052849 0.049327
0 0.514864 0.645740 0.078448 0.051570
0 0.507019 0.683857 0.037985 0.035874
0 0.546243 0.729260 0.027250 0.061659
0 0.594963 0.678812 0.080099 0.115471
0 0.599505 0.700112 0.033031 0.104260
0 0.665566 0.716928 0.110652 0.110987
0 0.482246 0.751121 0.109001 0.056054
0 0.453344 0.709081 0.046243 0.036996
0 0.442609 0.693946 0.090834 0.062780
0 0.451280 0.646300 0.058629 0.036996
0 0.437242 0.620516 0.071841 0.061659
0 0.388109 0.675448 0.047894 0.155830
0 0.329067 0.724776 0.104872 0.043722
0 0.276218 0.712444 0.048720 0.063901
0 0.248555 0.639574 0.049546 0.068386
0 0.227085 0.706839 0.087531 0.093049
0 0.201899 0.794283 0.033856 0.066143
0 0.181255 0.801009 0.050372 0.131166
0 0.135012 0.866031 0.048720 0.077354
0 0.260528 0.819507 0.068538 0.172646
0 0.075970 0.811659 0.077622 0.179372
0 0.023121 0.825112 0.041288 0.190583
0 0.156069 0.932175 0.080925 0.119955
0 0.855078 0.929372 0.098266 0.143498