0 0.051020 0.504386 0.037215 0.075439
0 0.134454 0.610526 0.103241 0.112281
0 0.198679 0.750000 0.078031 0.078947
0 0.211885 0.685965 0.061224 0.038596
0 0.189076 0.653509 0.044418 0.033333
0 0.208283 0.610526 0.058824 0.049123
0 0.214886 0.514912 0.062425 0.103509
0 0.226291 0.411404 0.049220 0.061404
0 0.322929 0.537719 0.098439 0.064912
0 0.306122 0.504386 0.079232 0.064912
0 0.319928 0.414912 0.075630 0.075439
0 0.427971 0.512281 0.114046 0.122807
0 0.495198 0.455263 0.034814 0.135088
0 0.554022 0.469298 0.042017 0.057895
0 0.530612 0.381579 0.074430 0.068421
0 0.421369 0.382456 0.033613 0.084211
0 0.322329 0.289474 0.058824 0.066667
0 0.344538 0.334211 0.043217 0.061404
0 0.453181 0.269298 0.135654 0.043860
0 0.343337 0.121053 0.144058 0.119298
0 0.720288 0.342982 0.038415 0.068421
0 0.735294 0.402632 0.027611 0.054386
0 0.722089 0.438596 0.046819 0.087719
0 0.855342 0.299123 0.070828 0.092982
0 0.837335 0.404386 0.109244 0.054386
0 0.784514 0.468421 0.056423 0.045614
0 0.942377 0.402632 0.036014 0.149123
0 0.898559 0.473684 0.027611 0.077193
0 0.716687 0.537719 0.096038 0.043860
0 0.715486 0.603509 0.076831 0.049123
0 0.677071 0.621930 0.088836 0.078947
0 0.626651 0.668421 0.040816 0.045614
0 0.620048 0.760526 0.046819 0.124561
0 0.629652 0.840351 0.082833 0.094737
0 0.682473 0.784211 0.054022 0.150877
0 0.722689 0.723684 0.081633 0.142105
0 0.738295 0.803509 0.081633 0.066667
0 0.769508 0.707018 0.036014 0.049123
0 0.787515 0.743860 0.060024 0.045614
0 0.830132 0.833333 0.123649 0.105263
0 0.828932 0.750000 0.039616 0.114035
0 0.844538 0.666667 0.032413 0.042105
0 0.907563 0.592982 0.062425 0.063158
0 0.876351 0.664912 0.052821 0.143860
0 0.800720 0.622807 0.052821 0.073684
0 0.757503 0.932456 0.064826 0.043860