0 0.090393 0.941141 0.089956 0.105583
0 0.052402 0.824636 0.073362 0.103155
0 0.084279 0.703277 0.067249 0.108010
0 0.131878 0.719053 0.043668 0.098301
0 0.165939 0.727549 0.027948 0.059466
0 0.197817 0.725121 0.039301 0.049757
0 0.316594 0.673544 0.084716 0.087379
0 0.323144 0.737257 0.124017 0.173544
0 0.453712 0.587985 0.149345 0.122573
0 0.411790 0.612864 0.063755 0.043689
0 0.413974 0.652913 0.043668 0.033981
0 0.393886 0.509709 0.061135 0.121359
0 0.469869 0.436286 0.069869 0.081311
0 0.564192 0.487864 0.026201 0.106796
0 0.581659 0.373180 0.106550 0.173544
0 0.583843 0.379854 0.035808 0.157767
0 0.539738 0.361650 0.043668 0.053398
0 0.526638 0.351335 0.057642 0.115291
0 0.497817 0.333738 0.038428 0.080097
0 0.452838 0.364078 0.065502 0.116505
0 0.440611 0.363471 0.063755 0.059466
0 0.439301 0.242718 0.078603 0.101942
0 0.450655 0.270024 0.062882 0.100728
0 0.469432 0.177184 0.068996 0.038835
0 0.473362 0.105583 0.085590 0.058252
0 0.511354 0.189927 0.039301 0.132282
0 0.552402 0.134102 0.028821 0.061893
0 0.565502 0.189927 0.062009 0.083738
0 0.565066 0.246359 0.026201 0.043689
0 0.561572 0.084951 0.033188 0.060680
0 0.603493 0.067961 0.052402 0.055825
0 0.685153 0.051578 0.107424 0.066748
0 0.667249 0.119539 0.062882 0.103155
0 0.733624 0.175364 0.059389 0.059466
0 0.216594 0.921117 0.038428 0.104369
0 0.386026 0.927184 0.022707 0.058252
0 0.846288 0.936286 0.045415 0.086165
0 0.818777 0.901699 0.088210 0.087379
0 0.866812 0.865898 0.084716 0.074029
0 0.922271 0.837985 0.040175 0.081311
0 0.897817 0.244539 0.059389 0.115291
0 0.948472 0.353155 0.069869 0.055825
0 0.963755 0.291869 0.051528 0.098301
0 0.965066 0.213592 0.041921 0.060680
0 0.928384 0.197816 0.043668 0.084951
0 0.898690 0.215413 0.082096 0.127427