0 0.422428 0.073256 0.163575 0.074419
0 0.333895 0.094767 0.050590 0.087209
0 0.601180 0.159302 0.119730 0.106977
0 0.405565 0.183140 0.183811 0.040698
0 0.345700 0.137791 0.188870 0.043023
0 0.091906 0.242442 0.052277 0.191860
0 0.174536 0.309302 0.109612 0.106977
0 0.250422 0.356395 0.069140 0.131395
0 0.326307 0.398837 0.055649 0.127907
0 0.096121 0.404070 0.091062 0.061628
0 0.087690 0.438953 0.104553 0.061628
0 0.188027 0.482558 0.177066 0.093023
0 0.219224 0.547674 0.030354 0.062791
0 0.260540 0.552907 0.079258 0.019767
0 0.241147 0.594186 0.026981 0.041860
0 0.288364 0.503488 0.124789 0.065116
0 0.338111 0.543023 0.059022 0.102326
0 0.340641 0.551744 0.145025 0.098837
0 0.250422 0.718023 0.045531 0.026744
0 0.333052 0.623837 0.106239 0.061628
0 0.326307 0.651163 0.150084 0.062791
0 0.347386 0.673256 0.074199 0.116279
0 0.377740 0.677326 0.141653 0.156977
0 0.478921 0.709302 0.148398 0.053488
0 0.451939 0.833721 0.114671 0.172093
0 0.401349 0.870930 0.209106 0.060465
0 0.560708 0.869186 0.109612 0.096512
0 0.603710 0.944186 0.087690 0.079070
0 0.939292 0.726163 0.067454 0.143023
0 0.694772 0.787209 0.064081 0.120930
0 0.786678 0.819767 0.214165 0.186047
0 0.841484 0.825000 0.209106 0.108140
0 0.747892 0.669767 0.075885 0.102326
0 0.832209 0.648837 0.032040 0.137209
0 0.842327 0.465698 0.163575 0.045349
0 0.670320 0.486047 0.102867 0.039535
0 0.717538 0.536047 0.069140 0.023256
0 0.781619 0.543023 0.224283 0.172093
0 0.817032 0.369186 0.109612 0.222093
0 0.420742 0.316279 0.065767 0.048837
0 0.506745 0.351744 0.072513 0.045349
0 0.474705 0.390698 0.059022 0.067442
0 0.541315 0.486628 0.077572 0.038372
0 0.613828 0.584884 0.026981 0.055814
0 0.551433 0.622093 0.225970 0.072093
0 0.697302 0.284884 0.126476 0.104651