0 0.240922 0.285629 0.040503 0.159281
0 0.164106 0.364671 0.101955 0.137725
0 0.087291 0.412575 0.037709 0.130539
0 0.120112 0.335928 0.162011 0.116168
0 0.229749 0.161677 0.132682 0.055090
0 0.307961 0.130539 0.149441 0.043114
0 0.407821 0.243713 0.047486 0.125749
0 0.393156 0.270659 0.171788 0.038323
0 0.318436 0.429940 0.047486 0.069461
0 0.395950 0.483234 0.046089 0.113772
0 0.351257 0.498802 0.051676 0.152096
0 0.090782 0.522156 0.044693 0.086228
0 0.136872 0.534132 0.053073 0.083832
0 0.255587 0.626347 0.103352 0.062275
0 0.304469 0.619162 0.106145 0.091018
0 0.401536 0.607186 0.043296 0.062275
0 0.567039 0.793413 0.053073 0.063473
0 0.497207 0.696407 0.092179 0.073054
0 0.532821 0.883234 0.046089 0.058683
0 0.477654 0.965269 0.078212 0.040719
0 0.533520 0.566467 0.064246 0.052695
0 0.599162 0.618563 0.061453 0.020359
0 0.662011 0.564072 0.108939 0.043114
0 0.793994 0.529341 0.082402 0.043114
0 0.684358 0.753892 0.139665 0.123353
0 0.747905 0.682036 0.099162 0.116168
0 0.873603 0.294611 0.037709 0.047904
0 0.724860 0.337126 0.058659 0.049102
0 0.694832 0.470060 0.037709 0.046707
0 0.753492 0.429940 0.046089 0.102994
0 0.879190 0.468263 0.160615 0.110180
0 0.798184 0.325150 0.174581 0.192814
0 0.852654 0.295808 0.205307 0.126946
0 0.591480 0.264072 0.046089 0.068263
0 0.506285 0.359880 0.057263 0.034731
0 0.591480 0.420958 0.115922 0.068263
0 0.537709 0.437126 0.075419 0.143713
0 0.625000 0.482635 0.076816 0.086228
0 0.581006 0.489222 0.053073 0.113772
0 0.458799 0.419162 0.046089 0.170060
0 0.466480 0.109581 0.089385 0.135329
0 0.477654 0.208383 0.103352 0.064671
0 0.538408 0.207186 0.060056 0.071856
0 0.596369 0.189222 0.094972 0.112575
0 0.601955 0.164671 0.086592 0.123353
0 0.763966 0.097605 0.178771 0.056287