0 0.181992 0.916107 0.086590 0.033557
0 0.195019 0.927852 0.028352 0.121924
0 0.467433 0.724832 0.042912 0.060403
0 0.964751 0.605145 0.036782 0.093960
0 0.877011 0.227069 0.019157 0.100671
0 0.918774 0.168904 0.035249 0.031320
0 0.925670 0.214206 0.059770 0.074944
0 0.898467 0.289709 0.039080 0.035794
0 0.751724 0.103468 0.033716 0.061521
0 0.861686 0.032998 0.029885 0.045861
0 0.586973 0.506711 0.021456 0.049217
0 0.610728 0.497763 0.035249 0.064877
0 0.660153 0.482662 0.052874 0.036913
0 0.590038 0.432327 0.035249 0.070470
0 0.652107 0.394295 0.084291 0.092841
0 0.684674 0.322148 0.026820 0.038031
0 0.703448 0.271253 0.045977 0.063758
0 0.452107 0.534676 0.047510 0.118568
0 0.401916 0.573266 0.052874 0.048098
0 0.467433 0.440716 0.064368 0.073826
0 0.214943 0.562640 0.063602 0.042506
0 0.284674 0.600671 0.068199 0.051454
0 0.394636 0.446309 0.082759 0.080537
0 0.396552 0.401566 0.068199 0.062640
0 0.055556 0.540828 0.042146 0.121924
0 0.069732 0.428971 0.078161 0.092841
0 0.039847 0.286913 0.045977 0.168904
0 0.066667 0.234340 0.029119 0.077181
0 0.098084 0.263982 0.081226 0.145414
0 0.126054 0.161074 0.052874 0.053691
0 0.155939 0.230984 0.034483 0.092841
0 0.179310 0.174497 0.026054 0.058166
0 0.181992 0.236018 0.063602 0.161074
0 0.214559 0.257830 0.065900 0.036913
0 0.170498 0.095638 0.051341 0.032438
0 0.215326 0.398210 0.042912 0.053691
0 0.243295 0.428412 0.036015 0.091723
0 0.304981 0.373043 0.030651 0.050336
0 0.536782 0.144295 0.068199 0.073826
0 0.523755 0.202461 0.025287 0.038031
0 0.516092 0.243289 0.092720 0.112975
0 0.488506 0.314877 0.085057 0.065996
0 0.416858 0.263982 0.027586 0.060403
0 0.357854 0.247204 0.064368 0.058166
0 0.403831 0.293065 0.072031 0.071588
0 0.490805 0.678971 0.022222 0.040268