0 0.091065 0.363269 0.096220 0.105178
0 0.299828 0.365696 0.042955 0.058252
0 0.182990 0.307443 0.049828 0.168285
0 0.222509 0.367314 0.101375 0.165049
0 0.402062 0.432848 0.068729 0.108414
0 0.303265 0.480583 0.132302 0.071197
0 0.277491 0.516181 0.042955 0.055016
0 0.287801 0.580097 0.132302 0.056634
0 0.344502 0.618932 0.101375 0.053398
0 0.322165 0.650485 0.056701 0.038835
0 0.357388 0.699029 0.072165 0.055016
0 0.182990 0.661812 0.187285 0.077670
0 0.154639 0.713592 0.058419 0.084142
0 0.501718 0.635922 0.051546 0.038835
0 0.462199 0.733819 0.065292 0.043689
0 0.557560 0.728964 0.053265 0.105178
0 0.387457 0.805016 0.180412 0.059871
0 0.651203 0.741909 0.096220 0.046926
0 0.560137 0.919903 0.058419 0.092233
0 0.927835 0.543689 0.041237 0.093851
0 0.852234 0.501618 0.065292 0.080906
0 0.804124 0.560680 0.051546 0.072816
0 0.744845 0.602751 0.053265 0.098706
0 0.706186 0.492718 0.123711 0.072816
0 0.670103 0.582524 0.085911 0.106796
0 0.933849 0.413430 0.056701 0.033981
0 0.601375 0.534790 0.044674 0.053398
0 0.512027 0.531553 0.147766 0.082524
0 0.545533 0.493528 0.135739 0.093851
0 0.581615 0.624595 0.211340 0.142395
0 0.445017 0.626214 0.072165 0.119741
0 0.487113 0.427184 0.063574 0.132686
0 0.589347 0.370550 0.085911 0.032362
0 0.558419 0.326052 0.168385 0.050162
0 0.625430 0.256472 0.161512 0.053398
0 0.939863 0.354369 0.058419 0.058252
0 0.824742 0.345469 0.099656 0.156958
0 0.821306 0.228155 0.109966 0.045307
0 0.817010 0.302589 0.173540 0.038835
0 0.676976 0.254854 0.116838 0.199029
0 0.774914 0.061489 0.140893 0.055016
0 0.804983 0.097896 0.077320 0.043689
0 0.443299 0.149676 0.216495 0.111650
0 0.474227 0.134304 0.243986 0.119741
0 0.514605 0.226537 0.118557 0.064725
0 0.367698 0.259709 0.109966 0.040453