0 0.133478 0.833333 0.160173 0.115865
0 0.109668 0.848485 0.112554 0.149733
0 0.113276 0.645276 0.047619 0.178253
0 0.178211 0.638146 0.206349 0.096257
0 0.216450 0.585561 0.072150 0.076649
0 0.180375 0.543672 0.046176 0.060606
0 0.220779 0.391266 0.086580 0.105169
0 0.262626 0.465241 0.121212 0.163993
0 0.249639 0.508021 0.075036 0.135472
0 0.331890 0.471480 0.040404 0.147950
0 0.346320 0.942959 0.075036 0.117647
0 0.396825 0.853832 0.109668 0.042781
0 0.379509 0.778966 0.063492 0.128342
0 0.354978 0.282531 0.083694 0.051693
0 0.401876 0.368984 0.171717 0.057041
0 0.417749 0.445633 0.056277 0.067736
0 0.489899 0.428699 0.062049 0.062389
0 0.488456 0.476827 0.151515 0.169340
0 0.458874 0.090018 0.103896 0.073084
0 0.540404 0.215686 0.145743 0.078431
0 0.862193 0.200535 0.122655 0.126560
0 0.709235 0.224599 0.137085 0.106952
0 0.665945 0.295900 0.102453 0.096257
0 0.663781 0.360071 0.095238 0.131907
0 0.631313 0.394831 0.041847 0.098039
0 0.590909 0.434046 0.053391 0.147950
0 0.507215 0.568627 0.073593 0.128342
0 0.519481 0.682709 0.089466 0.064171
0 0.549784 0.629234 0.057720 0.096257
0 0.565657 0.541889 0.118326 0.078431
0 0.674603 0.527629 0.093795 0.042781
0 0.765512 0.554367 0.047619 0.046346
0 0.725830 0.615865 0.080808 0.069519
0 0.667388 0.686275 0.197691 0.117647
0 0.443001 0.715686 0.049062 0.044563
0 0.470418 0.732620 0.040404 0.071301
0 0.498557 0.762923 0.044733 0.071301
0 0.560606 0.761141 0.050505 0.053476
0 0.538240 0.848485 0.098124 0.099822
0 0.541126 0.925134 0.043290 0.089127
0 0.603896 0.829768 0.044733 0.115865
0 0.650072 0.825312 0.062049 0.074866
0 0.847763 0.865419 0.139971 0.069519
0 0.878066 0.606061 0.113997 0.121212
0 0.888167 0.574866 0.076479 0.151515
0 0.950938 0.577540 0.051948 0.092692