0 0.208097 0.870200 0.123580 0.069124
0 0.137784 0.759601 0.051136 0.069124
0 0.139205 0.641321 0.085227 0.152074
0 0.249290 0.641321 0.052557 0.081413
0 0.218750 0.608295 0.076705 0.113671
0 0.350852 0.795699 0.170455 0.101382
0 0.338068 0.697389 0.051136 0.030722
0 0.375710 0.675115 0.055398 0.130568
0 0.336648 0.601382 0.048295 0.053763
0 0.377131 0.586022 0.058239 0.112135
0 0.441761 0.557604 0.039773 0.055300
0 0.470170 0.716590 0.071023 0.059908
0 0.485795 0.812596 0.071023 0.125960
0 0.500000 0.799539 0.093750 0.075269
0 0.696733 0.865591 0.123580 0.072197
0 0.626420 0.758833 0.096591 0.055300
0 0.683949 0.716590 0.151989 0.078341
0 0.856534 0.754992 0.079545 0.069124
0 0.914773 0.703533 0.068182 0.039939
0 0.555398 0.635177 0.156250 0.087558
0 0.479403 0.513057 0.106534 0.058372
0 0.544034 0.561444 0.036932 0.173579
0 0.578125 0.503840 0.031250 0.079877
0 0.637074 0.539171 0.089489 0.079877
0 0.894886 0.539171 0.088068 0.089094
0 0.779830 0.503840 0.153409 0.165899
0 0.658381 0.384025 0.171875 0.165899
0 0.801847 0.367127 0.055398 0.110599
0 0.896307 0.403226 0.062500 0.075269
0 0.797585 0.400922 0.049716 0.030722
0 0.837358 0.251152 0.117898 0.185868
0 0.655540 0.150538 0.072443 0.086022
0 0.683949 0.251920 0.078125 0.129032
0 0.579545 0.261137 0.142045 0.239631
0 0.529830 0.268049 0.079545 0.087558
0 0.456676 0.369432 0.095170 0.075269
0 0.383523 0.358679 0.053977 0.038402
0 0.350852 0.477727 0.107955 0.165899
0 0.281960 0.519201 0.075284 0.162826
0 0.187500 0.487711 0.235795 0.047619
0 0.272727 0.420891 0.144886 0.104455
0 0.222301 0.407834 0.035511 0.087558
0 0.350142 0.299539 0.126420 0.187404
0 0.312500 0.225038 0.039773 0.145929
0 0.396307 0.166667 0.133523 0.075269
0 0.543324 0.088326 0.046875 0.081413