0 0.075444 0.172646 0.050296 0.225710
0 0.156065 0.051570 0.128698 0.070254
0 0.223373 0.122571 0.139053 0.110613
0 0.368343 0.165172 0.097633 0.139013
0 0.282544 0.219731 0.269231 0.104634
0 0.272189 0.249626 0.106509 0.155456
0 0.225592 0.359492 0.119822 0.127055
0 0.190828 0.391629 0.056213 0.101644
0 0.145710 0.379671 0.039941 0.080717
0 0.391272 0.328102 0.060651 0.091181
0 0.203402 0.479073 0.226331 0.273543
0 0.213018 0.618087 0.071006 0.124066
0 0.369083 0.565022 0.039941 0.092676
0 0.452663 0.552317 0.071006 0.052317
0 0.357988 0.412556 0.059172 0.059791
0 0.389053 0.440957 0.082840 0.140508
0 0.494083 0.479073 0.062130 0.073244
0 0.313609 0.707025 0.065089 0.098655
0 0.433432 0.768311 0.198225 0.134529
0 0.460059 0.737668 0.168639 0.207773
0 0.556213 0.542601 0.056213 0.071749
0 0.435651 0.612108 0.196746 0.073244
0 0.460799 0.896861 0.116864 0.089686
0 0.449704 0.959641 0.091716 0.032885
0 0.943787 0.578475 0.094675 0.149477
0 0.880917 0.573244 0.119822 0.159940
0 0.865385 0.714499 0.168639 0.107623
0 0.815828 0.626308 0.149408 0.185351
0 0.736686 0.525411 0.097633 0.150972
0 0.875000 0.472347 0.155325 0.056801
0 0.730030 0.455157 0.096154 0.153961
0 0.639793 0.554559 0.051775 0.194320
0 0.827663 0.414051 0.125740 0.068759
0 0.716716 0.270553 0.096154 0.044843
0 0.835059 0.331091 0.128698 0.085202
0 0.727811 0.328102 0.150888 0.082212
0 0.511834 0.363976 0.071006 0.094170
0 0.585799 0.318386 0.127219 0.149477
0 0.466716 0.199552 0.066568 0.112108
0 0.564349 0.209268 0.167160 0.059791
0 0.545858 0.207025 0.088757 0.153961
0 0.534763 0.430493 0.137574 0.056801
0 0.599852 0.507474 0.034024 0.073244
0 0.594675 0.385650 0.041420 0.062780
0 0.651627 0.384903 0.093195 0.085202
0 0.266272 0.265321 0.038462 0.040359