0 0.279687 0.121094 0.187500 0.101562
0 0.224219 0.192969 0.082812 0.048438
0 0.141406 0.207813 0.064062 0.128125
0 0.371875 0.221875 0.093750 0.059375
0 0.294531 0.286719 0.101562 0.079687
0 0.146094 0.303125 0.148438 0.081250
0 0.178125 0.367188 0.118750 0.043750
0 0.206250 0.429688 0.175000 0.053125
0 0.217969 0.475000 0.045312 0.178125
0 0.114844 0.599219 0.126562 0.089063
0 0.260156 0.721094 0.232813 0.042188
0 0.185156 0.744531 0.185938 0.182812
0 0.179688 0.698438 0.131250 0.206250
0 0.425781 0.573438 0.042188 0.131250
0 0.385937 0.543750 0.031250 0.212500
0 0.454688 0.676562 0.046875 0.053125
0 0.525000 0.620313 0.053125 0.075000
0 0.575000 0.746094 0.056250 0.064062
0 0.527344 0.775000 0.164062 0.121875
0 0.292969 0.903125 0.117188 0.100000
0 0.473438 0.857812 0.240625 0.115625
0 0.428906 0.853125 0.073438 0.168750
0 0.504687 0.851562 0.087500 0.043750
0 0.456250 0.892188 0.231250 0.087500
0 0.792969 0.450000 0.039062 0.071875
0 0.616406 0.500781 0.064062 0.039062
0 0.628906 0.573438 0.085938 0.078125
0 0.624219 0.566406 0.098437 0.067187
0 0.734375 0.558594 0.121875 0.117188
0 0.841406 0.599219 0.085938 0.064062
0 0.742188 0.645312 0.037500 0.071875
0 0.626563 0.707031 0.121875 0.064062
0 0.768750 0.717969 0.153125 0.079687
0 0.767188 0.782813 0.103125 0.040625
0 0.744531 0.371094 0.110937 0.073438
0 0.685937 0.359375 0.059375 0.068750
0 0.578906 0.253125 0.148438 0.059375
0 0.580469 0.335156 0.129688 0.082812
0 0.789844 0.260156 0.117188 0.101562
0 0.883594 0.249219 0.179688 0.107813
0 0.701562 0.166406 0.078125 0.067187
0 0.611719 0.098437 0.189062 0.056250
0 0.536719 0.156250 0.198437 0.062500
0 0.517188 0.355469 0.187500 0.095312
0 0.416406 0.512500 0.223438 0.140625
0 0.520312 0.528125 0.056250 0.028125