0 0.081884 0.216582 0.056522 0.081218
0 0.228261 0.185279 0.137681 0.123519
0 0.272464 0.210660 0.185507 0.099831
0 0.229710 0.331641 0.172464 0.206430
0 0.306522 0.269036 0.044928 0.091371
0 0.352174 0.370558 0.084058 0.098139
0 0.375362 0.278342 0.063768 0.120135
0 0.442029 0.230118 0.101449 0.104907
0 0.502174 0.203046 0.108696 0.040609
0 0.494928 0.291032 0.065217 0.125212
0 0.442029 0.371404 0.066667 0.093063
0 0.387681 0.511844 0.036232 0.059222
0 0.279710 0.450931 0.101449 0.038917
0 0.296377 0.512690 0.033333 0.047377
0 0.247826 0.641286 0.124638 0.118443
0 0.335507 0.651438 0.030435 0.064298
0 0.306522 0.764805 0.108696 0.111675
0 0.497826 0.624365 0.033333 0.054146
0 0.516667 0.736041 0.140580 0.142132
0 0.539855 0.744501 0.152174 0.067682
0 0.423913 0.836717 0.105797 0.123519
0 0.451449 0.898477 0.100000 0.098139
0 0.571014 0.585448 0.060870 0.047377
0 0.654348 0.600677 0.100000 0.050761
0 0.694928 0.634518 0.146377 0.091371
0 0.784058 0.545685 0.095652 0.089679
0 0.760145 0.550761 0.149275 0.062606
0 0.632609 0.450931 0.044928 0.049069
0 0.591304 0.358714 0.101449 0.040609
0 0.575362 0.296954 0.063768 0.049069
0 0.455072 0.436548 0.052174 0.050761
0 0.494203 0.450085 0.104348 0.101523
0 0.559420 0.443316 0.142029 0.084602
0 0.554348 0.408629 0.091304 0.238579
0 0.597101 0.099831 0.043478 0.094755
0 0.611594 0.096447 0.110145 0.104907
0 0.731884 0.105753 0.069565 0.045685
0 0.644203 0.182741 0.042029 0.098139
0 0.686957 0.228426 0.072464 0.047377
0 0.686957 0.285956 0.055072 0.047377
0 0.776087 0.269036 0.065217 0.064298
0 0.728986 0.345178 0.081159 0.098139
0 0.876087 0.316413 0.218841 0.121827
0 0.791304 0.409475 0.081159 0.050761
0 0.738406 0.452623 0.091304 0.042301
0 0.729710 0.137056 0.146377 0.128596