0 0.069876 0.322183 0.114907 0.242958
0 0.092391 0.538732 0.125776 0.144366
0 0.151398 0.609155 0.066770 0.077465
0 0.213509 0.396127 0.200311 0.066901
0 0.246118 0.323063 0.110248 0.082746
0 0.279503 0.206866 0.080745 0.068662
0 0.368789 0.159331 0.144410 0.184859
0 0.460404 0.205106 0.069876 0.160211
0 0.517081 0.330106 0.145963 0.079225
0 0.413820 0.389085 0.066770 0.059859
0 0.456522 0.399648 0.142857 0.112676
0 0.280280 0.541373 0.060559 0.082746
0 0.347050 0.541373 0.054348 0.079225
0 0.390528 0.608275 0.166149 0.103873
0 0.312888 0.660211 0.184783 0.165493
0 0.438665 0.617958 0.048137 0.193662
0 0.437888 0.625000 0.077640 0.031690
0 0.529503 0.579225 0.111801 0.063380
0 0.519410 0.640845 0.107143 0.207746
0 0.420807 0.755282 0.077640 0.091549
0 0.269410 0.800176 0.218944 0.072183
0 0.320652 0.757923 0.088509 0.329225
0 0.579193 0.897887 0.114907 0.147887
0 0.532609 0.766725 0.133540 0.068662
0 0.581522 0.755282 0.060559 0.190141
0 0.691770 0.732394 0.163043 0.242958
0 0.684006 0.689261 0.138199 0.223592
0 0.692547 0.588028 0.071429 0.119718
0 0.690217 0.472711 0.125776 0.132042
0 0.547360 0.476232 0.125776 0.054577
0 0.538820 0.419894 0.065217 0.082746
0 0.552019 0.270246 0.097826 0.117958
0 0.638199 0.294014 0.170807 0.137324
0 0.700311 0.274648 0.052795 0.066901
0 0.537267 0.126761 0.055901 0.080986
0 0.599379 0.170775 0.059006 0.119718
0 0.601708 0.161092 0.079193 0.132042
0 0.641304 0.118838 0.118012 0.146127
0 0.956522 0.517606 0.071429 0.140845
0 0.866460 0.606514 0.068323 0.072183
0 0.819876 0.683979 0.043478 0.142606
0 0.826863 0.649648 0.138199 0.154930
0 0.899845 0.480634 0.131988 0.183099
0 0.829193 0.279049 0.164596 0.061620
0 0.795031 0.163732 0.177019 0.207746
0 0.808230 0.165493 0.159938 0.063380