0 0.908122 0.212219 0.137056 0.173633
0 0.815228 0.389871 0.052792 0.194534
0 0.640609 0.110129 0.046701 0.117363
0 0.582234 0.168810 0.086294 0.061093
0 0.726396 0.133441 0.072081 0.045016
0 0.722335 0.136656 0.063959 0.173633
0 0.754315 0.247588 0.030457 0.093248
0 0.712690 0.253215 0.052792 0.056270
0 0.781726 0.327974 0.048731 0.170418
0 0.669543 0.291801 0.029442 0.098071
0 0.617766 0.293408 0.074112 0.098071
0 0.530457 0.247588 0.147208 0.077170
0 0.530964 0.310289 0.073096 0.144695
0 0.646701 0.408360 0.158376 0.112540
0 0.720812 0.434084 0.056853 0.061093
0 0.579188 0.459003 0.055838 0.088424
0 0.512690 0.442926 0.052792 0.049839
0 0.472081 0.471865 0.042640 0.181672
0 0.449746 0.270900 0.050761 0.172026
0 0.661421 0.567524 0.080203 0.138264
0 0.647208 0.623794 0.053807 0.170418
0 0.557868 0.713826 0.061929 0.096463
0 0.512690 0.697749 0.058883 0.125402
0 0.408122 0.796624 0.062944 0.104502
0 0.208629 0.209003 0.112690 0.186495
0 0.269036 0.230707 0.052792 0.085209
0 0.277665 0.301447 0.051777 0.065916
0 0.274619 0.352894 0.155330 0.110932
0 0.357868 0.295820 0.051777 0.196141
0 0.406091 0.368971 0.052792 0.223473
0 0.333503 0.455788 0.057868 0.104502
0 0.068020 0.270900 0.079188 0.130225
0 0.159391 0.360129 0.168528 0.202572
0 0.088325 0.430868 0.105584 0.064309
0 0.076650 0.475884 0.043655 0.282958
0 0.042640 0.549035 0.042640 0.204180
0 0.252792 0.538585 0.225381 0.083601
0 0.231472 0.622990 0.097462 0.249196
0 0.312183 0.603698 0.057868 0.143087
0 0.376142 0.591640 0.074112 0.102894
0 0.327411 0.723473 0.057868 0.106109
0 0.103046 0.718650 0.098477 0.147910
0 0.104569 0.881029 0.119797 0.054662
0 0.187310 0.894695 0.100508 0.143087
0 0.182234 0.805466 0.061929 0.064309
0 0.305076 0.857717 0.080203 0.188103