0 0.151491 0.323622 0.180534 0.171654
0 0.328885 0.232283 0.114600 0.067717
0 0.543171 0.065354 0.166405 0.077165
0 0.558085 0.131496 0.076923 0.042520
0 0.623234 0.121260 0.091052 0.072441
0 0.705651 0.188189 0.089482 0.187402
0 0.805338 0.169291 0.094192 0.187402
0 0.886185 0.225197 0.095761 0.141732
0 0.474882 0.200000 0.045526 0.078740
0 0.500785 0.260630 0.091052 0.045669
0 0.302983 0.305512 0.138148 0.034646
0 0.465463 0.313386 0.073783 0.034646
0 0.511774 0.400000 0.091052 0.097638
0 0.332810 0.367717 0.069074 0.074016
0 0.307692 0.417323 0.072214 0.081890
0 0.231554 0.468504 0.161695 0.092913
0 0.145997 0.603150 0.113030 0.072441
0 0.129513 0.547244 0.083203 0.146457
0 0.096546 0.528346 0.127159 0.146457
0 0.140502 0.547244 0.237049 0.127559
0 0.153061 0.610236 0.167975 0.231496
0 0.351648 0.567717 0.069074 0.092913
0 0.412088 0.621260 0.045526 0.086614
0 0.227630 0.727559 0.172684 0.037795
0 0.208006 0.723622 0.133438 0.124409
0 0.327316 0.720472 0.089482 0.118110
0 0.252747 0.823622 0.069074 0.100787
0 0.194662 0.866929 0.075353 0.206299
0 0.209576 0.882677 0.215071 0.149606
0 0.477237 0.754331 0.078493 0.037795
0 0.476452 0.787402 0.111460 0.179528
0 0.441130 0.441732 0.113030 0.064567
0 0.729199 0.471654 0.061224 0.036220
0 0.752747 0.352756 0.139717 0.122835
0 0.730769 0.366142 0.193093 0.080315
0 0.864992 0.343307 0.200942 0.157480
0 0.833595 0.506299 0.050235 0.074016
0 0.885400 0.503937 0.062794 0.097638
0 0.610675 0.489764 0.163265 0.062992
0 0.601256 0.497638 0.119309 0.135433
0 0.720565 0.544882 0.109890 0.053543
0 0.708791 0.576378 0.145997 0.053543
0 0.663265 0.666929 0.080063 0.149606
0 0.590267 0.596063 0.295133 0.190551
0 0.631083 0.746457 0.072214 0.144882
0 0.476452 0.844094 0.158556 0.050394
0 0.491366 0.381890 0.094192 0.143307