0 0.097490 0.873134 0.071429 0.131343
0 0.158301 0.874627 0.127413 0.170149
0 0.157336 0.931343 0.067568 0.089552
0 0.261583 0.894030 0.156371 0.089552
0 0.321429 0.554478 0.144788 0.111940
0 0.259653 0.661940 0.102317 0.174627
0 0.290541 0.623881 0.164093 0.092537
0 0.432432 0.656716 0.119691 0.116418
0 0.451737 0.521642 0.092664 0.079104
0 0.455598 0.648507 0.042471 0.174627
0 0.438224 0.769403 0.142857 0.082090
0 0.510618 0.670896 0.040541 0.105970
0 0.561776 0.602985 0.111969 0.056716
0 0.603282 0.561194 0.048263 0.047761
0 0.601351 0.640299 0.117761 0.116418
0 0.555985 0.742537 0.169884 0.135821
0 0.588803 0.828358 0.081081 0.101493
0 0.588803 0.780597 0.146718 0.125373
0 0.712355 0.824627 0.169884 0.082090
0 0.653475 0.887313 0.117761 0.117910
0 0.728764 0.879851 0.102317 0.088060
0 0.694015 0.712687 0.055985 0.079104
0 0.750965 0.670149 0.131274 0.107463
0 0.731660 0.442537 0.054054 0.049254
0 0.878378 0.479851 0.146718 0.025373
0 0.717181 0.546269 0.121622 0.116418
0 0.807915 0.567910 0.079151 0.117910
0 0.840734 0.617164 0.055985 0.070149
0 0.553089 0.544776 0.098456 0.059701
0 0.924710 0.386567 0.061776 0.074627
0 0.885135 0.373881 0.044402 0.105970
0 0.816602 0.396269 0.061776 0.037313
0 0.751931 0.376119 0.083012 0.032836
0 0.694015 0.322388 0.067568 0.056716
0 0.771236 0.241791 0.233591 0.122388
0 0.637066 0.185075 0.111969 0.077612
0 0.684363 0.272388 0.156371 0.088060
0 0.602317 0.307463 0.108108 0.080597
0 0.555019 0.211940 0.052124 0.113433
0 0.479730 0.188060 0.067568 0.152239
0 0.564672 0.392537 0.113900 0.089552
0 0.477799 0.435075 0.059846 0.064179
0 0.433398 0.313433 0.052124 0.068657
0 0.363900 0.417164 0.117761 0.120896
0 0.352317 0.187313 0.191120 0.171642
0 0.380309 0.101493 0.115830 0.107463