0 0.602985 0.055398 0.170149 0.056818
0 0.606716 0.138494 0.183582 0.109375
0 0.543284 0.146307 0.086567 0.039773
0 0.609701 0.201705 0.162687 0.082386
0 0.721642 0.164062 0.049254 0.129261
0 0.532836 0.237216 0.253731 0.053977
0 0.492537 0.266335 0.095522 0.149148
0 0.558955 0.326705 0.135821 0.096591
0 0.528358 0.418324 0.074627 0.035511
0 0.567164 0.448153 0.137313 0.063920
0 0.571642 0.488636 0.053731 0.127841
0 0.627612 0.490057 0.046269 0.053977
0 0.420149 0.457386 0.067164 0.051136
0 0.429104 0.382102 0.195522 0.232955
0 0.418657 0.337358 0.049254 0.098011
0 0.322388 0.227273 0.146269 0.039773
0 0.344776 0.289062 0.200000 0.069602
0 0.238806 0.411932 0.161194 0.082386
0 0.233582 0.509233 0.052239 0.072443
0 0.286567 0.490767 0.074627 0.143466
0 0.161194 0.460227 0.128358 0.247159
0 0.133582 0.666903 0.058209 0.154830
0 0.092537 0.684659 0.053731 0.090909
0 0.110448 0.803977 0.137313 0.164773
0 0.265672 0.720170 0.277612 0.088068
0 0.368657 0.771307 0.176119 0.099432
0 0.290299 0.848722 0.085075 0.069602
0 0.270149 0.930398 0.101493 0.053977
0 0.426866 0.876420 0.089552 0.144886
0 0.462687 0.801136 0.185075 0.235795
0 0.541045 0.826705 0.049254 0.105114
0 0.638060 0.614347 0.058209 0.072443
0 0.729851 0.674006 0.155224 0.120739
0 0.729104 0.686080 0.135821 0.096591
0 0.770149 0.801136 0.152239 0.153409
0 0.876866 0.762784 0.108955 0.139205
0 0.911194 0.755682 0.138806 0.090909
0 0.779104 0.595881 0.161194 0.046875
0 0.699254 0.535511 0.144776 0.090909
0 0.688806 0.515625 0.037313 0.071023
0 0.767164 0.446023 0.158209 0.065341
0 0.804478 0.486506 0.152239 0.217330
0 0.881343 0.498580 0.073134 0.105114
0 0.856716 0.369318 0.086567 0.053977
0 0.800746 0.351562 0.055224 0.083807
0 0.762687 0.318892 0.101493 0.066761