0 0.941529 0.895546 0.095952 0.060445
0 0.786732 0.955992 0.041229 0.054083
0 0.473388 0.941676 0.044228 0.086957
0 0.318966 0.874867 0.068216 0.048780
0 0.240630 0.791622 0.023988 0.079533
0 0.080960 0.601273 0.040480 0.040297
0 0.103073 0.634146 0.026237 0.027572
0 0.121814 0.609756 0.024738 0.084836
0 0.055472 0.468717 0.059970 0.023330
0 0.160420 0.494168 0.040480 0.029692
0 0.170165 0.390244 0.064468 0.059385
0 0.131184 0.357900 0.038981 0.071050
0 0.110195 0.366384 0.038981 0.037116
0 0.033358 0.317603 0.033733 0.028632
0 0.296852 0.469777 0.077961 0.063627
0 0.722639 0.820785 0.053973 0.063627
0 0.667541 0.819194 0.042729 0.020148
0 0.854948 0.685048 0.056222 0.050901
0 0.714393 0.658537 0.064468 0.048780
0 0.427661 0.574231 0.063718 0.034995
0 0.513118 0.446978 0.066717 0.045599
0 0.411919 0.355249 0.047226 0.025451
0 0.051724 0.241251 0.046477 0.066808
0 0.091454 0.231707 0.023988 0.056204
0 0.139055 0.238600 0.054723 0.023330
0 0.164543 0.129905 0.048726 0.066808
0 0.282609 0.251326 0.029985 0.137858
0 0.300975 0.068929 0.074213 0.055143
0 0.393178 0.170201 0.051724 0.130435
0 0.465892 0.112407 0.026237 0.040297
0 0.548351 0.205196 0.048726 0.113468
0 0.619565 0.423648 0.074213 0.032874
0 0.667916 0.469777 0.085457 0.061506
0 0.751499 0.077413 0.027736 0.025451
0 0.709520 0.168081 0.059220 0.026511
0 0.720015 0.362142 0.017241 0.054083
0 0.763493 0.281548 0.032234 0.028632
0 0.793853 0.414104 0.019490 0.058324
0 0.853448 0.422587 0.047226 0.034995
0 0.891679 0.280488 0.074213 0.049841
0 0.910045 0.564687 0.017991 0.058324
0 0.821214 0.515907 0.021739 0.028632
0 0.841079 0.119300 0.014993 0.037116
0 0.860945 0.127253 0.024738 0.046660
0 0.646552 0.669671 0.032234 0.030753
0 0.940405 0.895546 0.024738 0.030753