0 0.835152 0.936025 0.069369 0.050932
0 0.498441 0.900000 0.053780 0.108075
0 0.573266 0.783851 0.045986 0.049689
0 0.335931 0.765839 0.023383 0.063354
0 0.235776 0.727950 0.028839 0.044720
0 0.225643 0.529814 0.025721 0.065839
0 0.044037 0.444720 0.052221 0.099379
0 0.064692 0.443478 0.028059 0.034783
0 0.033905 0.142857 0.049104 0.141615
0 0.111847 0.070807 0.052221 0.096894
0 0.263445 0.231056 0.040530 0.079503
0 0.284879 0.249689 0.027280 0.042236
0 0.300468 0.210559 0.031956 0.038509
0 0.437256 0.531677 0.068589 0.079503
0 0.530787 0.563975 0.040530 0.059627
0 0.567030 0.555280 0.069369 0.062112
0 0.565082 0.511801 0.124708 0.047205
0 0.615744 0.565217 0.028059 0.054658
0 0.656274 0.502484 0.035853 0.065839
0 0.624318 0.466460 0.048324 0.053416
0 0.632892 0.428571 0.084178 0.049689
0 0.638737 0.368323 0.097428 0.040994
0 0.667186 0.400000 0.087295 0.024845
0 0.680047 0.475776 0.031956 0.136646
0 0.731489 0.449689 0.044427 0.077019
0 0.759158 0.464596 0.057677 0.081988
0 0.758379 0.377640 0.054560 0.039752
0 0.818005 0.487578 0.067810 0.033540
0 0.867498 0.513043 0.021824 0.081988
0 0.750974 0.547205 0.067810 0.058385
0 0.742790 0.619255 0.073266 0.130435
0 0.781372 0.600621 0.067810 0.060870
0 0.834373 0.576398 0.033515 0.134161
0 0.881138 0.612422 0.070928 0.159006
0 0.891660 0.595652 0.048324 0.053416
0 0.841387 0.447826 0.036633 0.045963
0 0.888153 0.431677 0.052221 0.036025
0 0.890881 0.477640 0.028059 0.053416
0 0.898285 0.516149 0.033515 0.073292
0 0.935698 0.527329 0.050663 0.130435
0 0.934139 0.518012 0.014809 0.054658
0 0.939595 0.467702 0.035074 0.103106
0 0.961029 0.470186 0.023383 0.058385
0 0.959860 0.577019 0.033515 0.115528
0 0.973500 0.596894 0.043648 0.132919
0 0.857366 0.398758 0.071707 0.034783