0 0.348797 0.167883 0.168385 0.105109
0 0.336770 0.238686 0.064147 0.045255
0 0.310997 0.340876 0.115693 0.147445
0 0.262314 0.307299 0.087056 0.121168
0 0.420389 0.273723 0.061856 0.068613
0 0.454181 0.271533 0.081329 0.081752
0 0.493700 0.148905 0.192440 0.122628
0 0.630584 0.131387 0.200458 0.102190
0 0.695304 0.270073 0.162658 0.049635
0 0.577892 0.310949 0.099656 0.067153
0 0.598511 0.331387 0.049255 0.078832
0 0.619702 0.329927 0.203895 0.125547
0 0.533219 0.413869 0.065292 0.121168
0 0.581901 0.433577 0.068729 0.037956
0 0.671249 0.381022 0.061856 0.096350
0 0.631157 0.495620 0.034364 0.045255
0 0.659794 0.464964 0.034364 0.089051
0 0.690149 0.454015 0.028637 0.090511
0 0.738832 0.409489 0.075601 0.194161
0 0.764605 0.383942 0.088202 0.110949
0 0.845361 0.454015 0.135166 0.143066
0 0.822451 0.482482 0.036655 0.027737
0 0.849370 0.381752 0.079038 0.170803
0 0.837915 0.581752 0.156930 0.056934
0 0.662658 0.556204 0.104238 0.105109
0 0.596220 0.556934 0.136312 0.048175
0 0.144903 0.475912 0.150057 0.286131
0 0.176403 0.490511 0.139748 0.064234
0 0.432990 0.520438 0.029782 0.141606
0 0.380871 0.597810 0.090493 0.129927
0 0.183276 0.623358 0.146621 0.157664
0 0.317297 0.665693 0.064147 0.061314
0 0.394616 0.727737 0.076747 0.132847
0 0.348225 0.781752 0.142039 0.103650
0 0.454181 0.710219 0.067583 0.179562
0 0.572165 0.710949 0.177549 0.093431
0 0.632302 0.746715 0.119129 0.135766
0 0.741123 0.640876 0.089347 0.125547
0 0.737686 0.922628 0.054983 0.078832
0 0.653494 0.827007 0.136312 0.094891
0 0.732532 0.789051 0.127148 0.059854
0 0.774341 0.797080 0.105384 0.154745
0 0.841924 0.859854 0.114548 0.143066
0 0.923253 0.743796 0.068729 0.118248
0 0.907216 0.689051 0.091638 0.148905
0 0.799542 0.686131 0.077892 0.046715