0 0.213173 0.850969 0.069405 0.128167
0 0.253541 0.776453 0.067989 0.050671
0 0.132436 0.731744 0.066572 0.163934
0 0.365439 0.846498 0.167139 0.107303
0 0.338527 0.690015 0.070822 0.080477
0 0.283286 0.627422 0.127479 0.086438
0 0.252833 0.639344 0.143059 0.107303
0 0.218839 0.546200 0.089235 0.114754
0 0.422096 0.578241 0.076487 0.113264
0 0.388102 0.583458 0.031161 0.055142
0 0.348442 0.479881 0.059490 0.208644
0 0.472380 0.447839 0.089235 0.153502
0 0.485836 0.480626 0.093484 0.189270
0 0.130312 0.371088 0.039660 0.077496
0 0.174221 0.348733 0.045326 0.196721
0 0.169972 0.311475 0.141643 0.065574
0 0.262040 0.271237 0.090652 0.062593
0 0.288244 0.303279 0.035411 0.064083
0 0.250708 0.356185 0.031161 0.107303
0 0.371105 0.361401 0.067989 0.144560
0 0.429887 0.341282 0.077904 0.068554
0 0.415014 0.269747 0.093484 0.074516
0 0.369688 0.114754 0.184136 0.160954
0 0.446884 0.083458 0.083569 0.035768
0 0.527620 0.187034 0.058074 0.067064
0 0.571530 0.195976 0.066572 0.153502
0 0.576487 0.306259 0.070822 0.067064
0 0.584278 0.293592 0.137394 0.175857
0 0.685552 0.297317 0.045326 0.070045
0 0.578612 0.550671 0.035411 0.150522
0 0.585694 0.554396 0.100567 0.044709
0 0.652975 0.590909 0.070822 0.064083
0 0.712465 0.562593 0.045326 0.061103
0 0.516289 0.751118 0.126062 0.101341
0 0.609065 0.796572 0.198300 0.114754
0 0.763456 0.792101 0.079320 0.254844
0 0.750000 0.906110 0.114731 0.119225
0 0.726629 0.839046 0.118980 0.086438
0 0.832861 0.704173 0.087819 0.180328
0 0.747167 0.506706 0.123229 0.101341
0 0.822238 0.530551 0.154391 0.137109
0 0.847025 0.578987 0.048159 0.117735
0 0.876062 0.434426 0.032578 0.135618
0 0.837110 0.439642 0.042493 0.143070
0 0.774079 0.304024 0.134561 0.101341
0 0.790368 0.346498 0.065156 0.141580