0 0.386330 0.126437 0.139673 0.112069
0 0.502972 0.145115 0.144131 0.114943
0 0.533432 0.122845 0.109955 0.113506
0 0.630015 0.180316 0.109955 0.222701
0 0.578009 0.241379 0.139673 0.120690
0 0.687221 0.163075 0.096582 0.113506
0 0.789747 0.247845 0.158990 0.087644
0 0.789004 0.181034 0.109955 0.149425
0 0.692422 0.335489 0.050520 0.090517
0 0.680535 0.427443 0.154532 0.122126
0 0.700594 0.436063 0.117385 0.156609
0 0.714710 0.505029 0.050520 0.050287
0 0.794205 0.478448 0.049034 0.071839
0 0.806835 0.420259 0.169391 0.056034
0 0.849926 0.420977 0.068351 0.100575
0 0.705052 0.607759 0.120357 0.091954
0 0.756315 0.632184 0.145617 0.155172
0 0.737741 0.625718 0.090639 0.188218
0 0.868499 0.604885 0.126300 0.192529
0 0.904903 0.615661 0.127786 0.090517
0 0.913076 0.742816 0.096582 0.169540
0 0.830609 0.792385 0.086181 0.162356
0 0.688707 0.932471 0.176820 0.066092
0 0.706538 0.767241 0.129272 0.045977
0 0.569837 0.775144 0.049034 0.056034
0 0.546805 0.806034 0.130758 0.123563
0 0.583210 0.724138 0.049034 0.066092
0 0.558692 0.679598 0.080238 0.037356
0 0.392273 0.778017 0.098068 0.073276
0 0.444279 0.699713 0.157504 0.114943
0 0.439079 0.655172 0.087667 0.106322
0 0.351412 0.673132 0.096582 0.090517
0 0.338782 0.634339 0.068351 0.079023
0 0.282318 0.638649 0.062407 0.113506
0 0.092125 0.609914 0.121842 0.122126
0 0.185736 0.593391 0.065379 0.244253
0 0.167905 0.425287 0.133730 0.201149
0 0.312036 0.519397 0.038633 0.061782
0 0.381129 0.507902 0.052006 0.102011
0 0.424963 0.573276 0.059435 0.103448
0 0.565379 0.509339 0.144131 0.242816
0 0.115899 0.339080 0.074294 0.183908
0 0.186478 0.275144 0.075780 0.145115
0 0.361813 0.382184 0.280832 0.212644
0 0.357355 0.363506 0.135215 0.166667
0 0.346211 0.297414 0.065379 0.086207