0 0.198994 0.934119 0.067529 0.045770
0 0.188937 0.871706 0.047414 0.048544
0 0.142960 0.812760 0.061782 0.058252
0 0.231322 0.742025 0.071839 0.074896
0 0.285920 0.755895 0.114943 0.116505
0 0.285201 0.780860 0.073276 0.074896
0 0.403736 0.852982 0.103448 0.102635
0 0.466236 0.789875 0.113506 0.073509
0 0.557471 0.755201 0.083333 0.123440
0 0.543103 0.730236 0.158046 0.095700
0 0.503592 0.752427 0.176724 0.084605
0 0.216236 0.620666 0.056034 0.087379
0 0.265086 0.648405 0.084770 0.034674
0 0.316092 0.663662 0.074713 0.159501
0 0.354885 0.608183 0.106322 0.081831
0 0.398707 0.560333 0.038793 0.083218
0 0.438937 0.590153 0.058908 0.051318
0 0.482759 0.601248 0.083333 0.165049
0 0.693247 0.618585 0.125000 0.047157
0 0.702586 0.597781 0.074713 0.130374
0 0.776580 0.522191 0.073276 0.037448
0 0.797414 0.565881 0.066092 0.049931
0 0.531609 0.480583 0.123563 0.076283
0 0.667385 0.426491 0.056034 0.073509
0 0.589799 0.433426 0.053161 0.031900
0 0.574713 0.469487 0.112069 0.079057
0 0.559626 0.385576 0.067529 0.091540
0 0.627874 0.350208 0.048851 0.151179
0 0.510776 0.377947 0.102011 0.051318
0 0.518678 0.316227 0.086207 0.122053
0 0.234195 0.514563 0.083333 0.061026
0 0.278017 0.494452 0.058908 0.090153
0 0.204023 0.410541 0.043103 0.049931
0 0.127874 0.379334 0.106322 0.112344
0 0.127874 0.273925 0.060345 0.162275
0 0.170977 0.246879 0.028736 0.055479
0 0.209770 0.256588 0.066092 0.113731
0 0.236351 0.167822 0.041667 0.052705
0 0.316092 0.364078 0.126437 0.034674
0 0.395115 0.292649 0.137931 0.122053
0 0.336207 0.253121 0.071839 0.140083
0 0.384339 0.237864 0.079023 0.165049
0 0.323276 0.264216 0.146552 0.051318
0 0.305316 0.234397 0.070402 0.052705
0 0.335489 0.098474 0.050287 0.124827
0 0.951868 0.160194 0.076149 0.117892