0 0.439954 0.938987 0.131640 0.088935
0 0.837760 0.956567 0.051963 0.055843
0 0.691109 0.869700 0.049654 0.117890
0 0.729792 0.874354 0.039261 0.089969
0 0.670901 0.805067 0.027714 0.044467
0 0.568129 0.888314 0.085450 0.080662
0 0.957275 0.832989 0.046189 0.114788
0 0.818707 0.786453 0.027714 0.042399
0 0.778291 0.726991 0.099307 0.045502
0 0.770208 0.683040 0.140878 0.029990
0 0.304273 0.782834 0.077367 0.103413
0 0.351617 0.788004 0.045035 0.111686
0 0.306005 0.723371 0.036952 0.040331
0 0.385681 0.731127 0.127021 0.082730
0 0.325635 0.677870 0.090069 0.025853
0 0.518476 0.791107 0.099307 0.051706
0 0.370092 0.618407 0.056582 0.064116
0 0.390300 0.665460 0.060046 0.042399
0 0.475173 0.648397 0.116628 0.035160
0 0.933603 0.581696 0.049654 0.164426
0 0.898383 0.512927 0.041570 0.068252
0 0.833718 0.599793 0.080831 0.049638
0 0.854503 0.528956 0.039261 0.075491
0 0.808314 0.509824 0.034642 0.043433
0 0.751155 0.586867 0.049654 0.046536
0 0.737298 0.544984 0.142032 0.043433
0 0.658199 0.457601 0.027714 0.040331
0 0.708430 0.460186 0.054273 0.057911
0 0.818707 0.468976 0.073903 0.027921
0 0.897806 0.373320 0.033487 0.086867
0 0.862009 0.362978 0.042725 0.101344
0 0.798499 0.381593 0.095843 0.130300
0 0.801963 0.376422 0.100462 0.111686
0 0.650115 0.186660 0.203233 0.083764
0 0.601039 0.070321 0.077367 0.066184
0 0.521940 0.108583 0.101617 0.066184
0 0.390300 0.062565 0.048499 0.054809
0 0.425520 0.081696 0.035797 0.070321
0 0.292148 0.047053 0.117783 0.032058
0 0.289261 0.077042 0.063510 0.025853
0 0.062356 0.379007 0.106236 0.110651
0 0.096998 0.362461 0.166282 0.038263
0 0.168591 0.311789 0.110855 0.054809
0 0.200346 0.428645 0.058891 0.209928
0 0.157621 0.277146 0.070439 0.053775
0 0.158776 0.216132 0.086605 0.122027