0 0.057060 0.426805 0.044487 0.123640
0 0.064313 0.405539 0.072534 0.100890
0 0.194391 0.407023 0.032882 0.080119
0 0.349130 0.422354 0.025145 0.108803
0 0.340909 0.495054 0.031915 0.052423
0 0.411025 0.505440 0.098646 0.047478
0 0.338491 0.532146 0.083172 0.033630
0 0.270793 0.703759 0.067698 0.113749
0 0.144101 0.181009 0.087041 0.126607
0 0.328820 0.323937 0.044487 0.056380
0 0.401838 0.379327 0.041586 0.050445
0 0.423598 0.248269 0.030948 0.067260
0 0.566731 0.155292 0.094778 0.092977
0 0.464217 0.227992 0.077369 0.058358
0 0.474371 0.286350 0.078337 0.042532
0 0.476789 0.329377 0.087041 0.029674
0 0.569149 0.328882 0.117021 0.062315
0 0.552224 0.031652 0.104449 0.063304
0 0.523694 0.082097 0.043520 0.053412
0 0.776596 0.180020 0.059961 0.126607
0 0.828337 0.297230 0.049323 0.038576
0 0.809478 0.428783 0.023211 0.048467
0 0.921180 0.490603 0.041586 0.061325
0 0.949226 0.462908 0.060928 0.059347
0 0.812379 0.527695 0.038685 0.091988
0 0.854449 0.454995 0.070600 0.094955
0 0.945358 0.558358 0.064797 0.068249
0 0.944874 0.605341 0.073501 0.029674
0 0.889265 0.563798 0.138298 0.106825
0 0.856383 0.603363 0.070600 0.069238
0 0.720986 0.536597 0.020309 0.048467
0 0.704545 0.523244 0.024178 0.039565
0 0.727273 0.649357 0.087041 0.038576
0 0.800774 0.716123 0.042553 0.027695
0 0.668762 0.711672 0.091876 0.040554
0 0.739362 0.686449 0.076402 0.043521
0 0.750000 0.778932 0.041586 0.036597
0 0.722921 0.830861 0.070600 0.094955
0 0.954545 0.719090 0.054159 0.043521
0 0.884429 0.858556 0.107350 0.047478
0 0.647485 0.428289 0.084139 0.087043
0 0.501451 0.942631 0.088008 0.047478
0 0.485493 0.986152 0.071567 0.021761
0 0.379594 0.892681 0.062863 0.066271
0 0.311412 0.892681 0.075435 0.032641
0 0.404255 0.958952 0.034816 0.020772