0 0.139892 0.230574 0.167870 0.180743
0 0.192238 0.201858 0.074007 0.150338
0 0.119134 0.419764 0.079422 0.170608
0 0.196751 0.407095 0.072202 0.131757
0 0.246390 0.297297 0.088448 0.158784
0 0.286101 0.314189 0.048736 0.087838
0 0.389892 0.212838 0.180505 0.131757
0 0.310469 0.199324 0.061372 0.077703
0 0.463899 0.219595 0.068592 0.067568
0 0.409747 0.260980 0.198556 0.228041
0 0.429603 0.372466 0.104693 0.143581
0 0.340253 0.444257 0.167870 0.212838
0 0.326715 0.413851 0.108303 0.057432
0 0.329422 0.465372 0.110108 0.059122
0 0.453069 0.533784 0.090253 0.064189
0 0.405235 0.603041 0.063177 0.141892
0 0.533394 0.490709 0.189531 0.048986
0 0.629964 0.491554 0.075812 0.172297
0 0.211191 0.545608 0.111913 0.074324
0 0.305054 0.647804 0.137184 0.140203
0 0.429603 0.651182 0.075812 0.103041
0 0.525271 0.585304 0.111913 0.136824
0 0.496390 0.668919 0.079422 0.054054
0 0.561372 0.630912 0.122744 0.211149
0 0.477437 0.806588 0.092058 0.130068
0 0.381769 0.804054 0.084838 0.165541
0 0.655235 0.654561 0.115523 0.136824
0 0.699458 0.744932 0.106498 0.131757
0 0.638087 0.815034 0.066787 0.140203
0 0.662455 0.554054 0.180505 0.273649
0 0.601083 0.900338 0.202166 0.131757
0 0.748195 0.781250 0.171480 0.184122
0 0.861913 0.755068 0.106498 0.101351
0 0.845668 0.653716 0.117329 0.057432
0 0.783394 0.630068 0.140794 0.091216
0 0.913357 0.565034 0.086643 0.045608
0 0.904332 0.392736 0.050542 0.096284
0 0.846570 0.471284 0.086643 0.158784
0 0.788809 0.451858 0.090253 0.055743
0 0.637184 0.384291 0.263538 0.292230
0 0.630866 0.271959 0.160650 0.145270
0 0.696751 0.236486 0.169675 0.141892
0 0.700361 0.250000 0.220217 0.152027
0 0.433213 0.133446 0.252708 0.074324
0 0.486462 0.107264 0.200361 0.086149
0 0.623646 0.701858 0.052347 0.062500