0 0.137569 0.162619 0.085009 0.059134
0 0.185558 0.165259 0.115174 0.102429
0 0.196069 0.230201 0.075868 0.048574
0 0.132998 0.298310 0.103291 0.070750
0 0.193784 0.279303 0.043876 0.070750
0 0.303016 0.124076 0.063071 0.093981
0 0.312157 0.261880 0.077697 0.135164
0 0.256856 0.303062 0.043876 0.021119
0 0.264168 0.299366 0.063985 0.146779
0 0.271024 0.298310 0.114260 0.140444
0 0.370658 0.162091 0.088665 0.091869
0 0.364717 0.236536 0.087751 0.095037
0 0.420475 0.333685 0.085923 0.067582
0 0.502285 0.393875 0.070384 0.076030
0 0.298903 0.430306 0.065814 0.064414
0 0.317185 0.460401 0.045704 0.052798
0 0.386197 0.421331 0.046618 0.111932
0 0.415905 0.436642 0.056673 0.039071
0 0.312157 0.614044 0.042962 0.058078
0 0.232176 0.600317 0.135283 0.072862
0 0.655850 0.721225 0.053931 0.044351
0 0.634826 0.780359 0.024680 0.101373
0 0.460695 0.750264 0.073126 0.030623
0 0.510055 0.747096 0.049360 0.104541
0 0.395338 0.951426 0.059415 0.029567
0 0.515082 0.948786 0.052102 0.064414
0 0.521938 0.848469 0.049360 0.039071
0 0.541133 0.826822 0.126143 0.052798
0 0.668647 0.686378 0.123400 0.097149
0 0.675503 0.776135 0.062157 0.025343
0 0.634369 0.898099 0.135283 0.106653
0 0.804388 0.876452 0.069470 0.103485
0 0.752285 0.898099 0.036563 0.110876
0 0.958867 0.916051 0.056673 0.049630
0 0.916362 0.831573 0.072212 0.121436
0 0.887112 0.674762 0.106947 0.086589
0 0.637569 0.508448 0.127057 0.136220
0 0.664077 0.559134 0.074040 0.125660
0 0.655850 0.205385 0.070384 0.091869
0 0.716636 0.193242 0.058501 0.107709
0 0.716636 0.215417 0.074954 0.133052
0 0.592779 0.098205 0.119744 0.061246
0 0.570841 0.147307 0.103291 0.081309
0 0.642139 0.123548 0.081353 0.200634
0 0.037934 0.453010 0.075868 0.082365
0 0.431444 0.484688 0.047532 0.025343