0 0.037773 0.166151 0.063618 0.146832
0 0.054672 0.129057 0.033797 0.103555
0 0.107853 0.122102 0.082505 0.089645
0 0.219185 0.267388 0.054672 0.098918
0 0.263917 0.278980 0.042744 0.081917
0 0.237078 0.199382 0.110338 0.077280
0 0.299702 0.166924 0.052684 0.111283
0 0.385686 0.245750 0.085487 0.222566
0 0.403579 0.146059 0.095427 0.109737
0 0.437376 0.113601 0.087475 0.100464
0 0.443837 0.266615 0.078529 0.156105
0 0.470179 0.289799 0.055666 0.094281
0 0.439861 0.341577 0.032803 0.061824
0 0.434394 0.391036 0.043738 0.071097
0 0.333002 0.404946 0.037773 0.154560
0 0.434891 0.459815 0.110338 0.091190
0 0.405070 0.485317 0.086481 0.052550
0 0.525845 0.339258 0.041750 0.131376
0 0.604871 0.343895 0.076541 0.149923
0 0.656064 0.442813 0.043738 0.051005
0 0.612823 0.501546 0.072565 0.081917
0 0.540258 0.533230 0.042744 0.089645
0 0.566103 0.598145 0.066600 0.052550
0 0.552684 0.599691 0.061630 0.132921
0 0.596918 0.690881 0.050696 0.040185
0 0.555666 0.718702 0.031809 0.089645
0 0.628231 0.653787 0.087475 0.055641
0 0.660537 0.590417 0.058648 0.098918
0 0.752982 0.499227 0.062624 0.200927
0 0.804175 0.602009 0.079523 0.075734
0 0.315109 0.550232 0.031809 0.061824
0 0.381213 0.556414 0.124254 0.086553
0 0.370775 0.605873 0.035785 0.105100
0 0.430915 0.602782 0.030815 0.083462
0 0.431412 0.666151 0.095427 0.151468
0 0.399602 0.670788 0.067594 0.049459
0 0.447316 0.700155 0.025845 0.108192
0 0.429920 0.762751 0.040755 0.146832
0 0.469185 0.774343 0.033797 0.077280
0 0.493539 0.751159 0.034791 0.194745
0 0.507952 0.761206 0.051690 0.131376
0 0.544235 0.784389 0.030815 0.085008
0 0.577535 0.832303 0.031809 0.143740
0 0.568588 0.898764 0.071571 0.177743
0 0.917495 0.869397 0.123260 0.106646
0 0.865308 0.734930 0.118290 0.057187