0 0.286506 0.782918 0.177449 0.092527
0 0.365065 0.823843 0.072089 0.174377
0 0.331793 0.721530 0.086876 0.094306
0 0.439926 0.854982 0.073937 0.126335
0 0.432532 0.780249 0.081331 0.048043
0 0.457486 0.748221 0.138632 0.144128
0 0.829020 0.774911 0.146026 0.119217
0 0.743993 0.795374 0.171904 0.099644
0 0.688540 0.715302 0.179298 0.074733
0 0.893715 0.682384 0.064695 0.058719
0 0.857671 0.653025 0.155268 0.110320
0 0.788355 0.567616 0.123845 0.103203
0 0.702403 0.600534 0.055453 0.154804
0 0.652495 0.566726 0.048059 0.119217
0 0.714418 0.495552 0.079482 0.076512
0 0.673752 0.464413 0.031423 0.074733
0 0.774492 0.415480 0.140481 0.090747
0 0.849353 0.366548 0.079482 0.202847
0 0.808688 0.369217 0.049908 0.122776
0 0.765250 0.313167 0.077634 0.060498
0 0.771719 0.250000 0.083179 0.126335
0 0.161738 0.630783 0.208872 0.158363
0 0.144177 0.535587 0.114603 0.149466
0 0.132163 0.509786 0.053604 0.069395
0 0.243068 0.511566 0.038817 0.065836
0 0.301294 0.561388 0.188540 0.094306
0 0.446396 0.593416 0.127542 0.044484
0 0.522181 0.527580 0.182994 0.072954
0 0.600739 0.440391 0.055453 0.169039
0 0.569316 0.437722 0.114603 0.056940
0 0.323475 0.473310 0.059150 0.213523
0 0.419593 0.451068 0.151571 0.062278
0 0.415896 0.366548 0.236599 0.110320
0 0.214418 0.424377 0.077634 0.033808
0 0.298521 0.422598 0.038817 0.094306
0 0.294824 0.326512 0.123845 0.165480
0 0.295749 0.314947 0.173752 0.088968
0 0.281885 0.237544 0.182994 0.172598
0 0.536044 0.298043 0.085028 0.140569
0 0.530499 0.258897 0.158965 0.080071
0 0.527726 0.167260 0.146026 0.181495
0 0.619224 0.317616 0.077634 0.048043
0 0.649723 0.292705 0.072089 0.097865
0 0.684843 0.250000 0.057301 0.080071
0 0.662662 0.145018 0.079482 0.076512
0 0.682070 0.145907 0.107209 0.135231