0 0.060755 0.155697 0.070189 0.071709
0 0.062264 0.306483 0.055094 0.070727
0 0.166792 0.258841 0.093585 0.069745
0 0.263019 0.182711 0.055094 0.113949
0 0.266415 0.166012 0.067925 0.084479
0 0.363774 0.175344 0.067925 0.101179
0 0.424528 0.247544 0.082264 0.035363
0 0.431698 0.188605 0.024151 0.064833
0 0.398113 0.109037 0.107925 0.056974
0 0.443396 0.101179 0.085283 0.139489
0 0.286038 0.324165 0.031698 0.058939
0 0.168679 0.640963 0.044528 0.073674
0 0.202642 0.659627 0.056604 0.026523
0 0.233208 0.699411 0.048302 0.064833
0 0.301509 0.556483 0.073208 0.063851
0 0.503396 0.961198 0.049811 0.054028
0 0.362264 0.912083 0.098113 0.091356
0 0.590189 0.922397 0.034717 0.047151
0 0.480377 0.772102 0.136604 0.102161
0 0.706792 0.899804 0.088302 0.078585
0 0.526792 0.671415 0.052830 0.050098
0 0.751321 0.760314 0.070189 0.045187
0 0.278868 0.527014 0.073208 0.114931
0 0.275849 0.515717 0.058113 0.119843
0 0.318868 0.501965 0.053585 0.047151
0 0.358491 0.553536 0.076981 0.038310
0 0.373962 0.587917 0.083774 0.061886
0 0.969057 0.448428 0.042264 0.120825
0 0.884151 0.418468 0.085283 0.072692
0 0.759245 0.508841 0.045283 0.049116
0 0.720377 0.493124 0.041509 0.104126
0 0.641887 0.458743 0.064151 0.055010
0 0.605283 0.444008 0.033208 0.115914
0 0.574717 0.582024 0.040000 0.109037
0 0.558491 0.580059 0.034717 0.057957
0 0.538113 0.575147 0.031698 0.067780
0 0.743774 0.320727 0.049057 0.038310
0 0.655094 0.059430 0.101132 0.077603
0 0.640755 0.080550 0.039245 0.033399
0 0.658113 0.101670 0.066415 0.073674
0 0.650189 0.169941 0.091321 0.056974
0 0.710189 0.214145 0.042264 0.039293
0 0.636981 0.260806 0.089057 0.091356
0 0.568679 0.254912 0.024906 0.054028
0 0.501132 0.233792 0.058868 0.056974
0 0.493585 0.193517 0.052830 0.056974