0 0.097096 0.703172 0.067151 0.143505
0 0.160617 0.801360 0.081670 0.086103
0 0.250454 0.843656 0.112523 0.209970
0 0.263158 0.830060 0.065336 0.113293
0 0.336661 0.758308 0.114338 0.114804
0 0.380218 0.876133 0.165154 0.129909
0 0.443739 0.872356 0.165154 0.040785
0 0.451906 0.775680 0.119782 0.110272
0 0.561706 0.795317 0.099819 0.031722
0 0.110708 0.542296 0.047187 0.084592
0 0.221416 0.523414 0.054446 0.095166
0 0.328494 0.541541 0.116152 0.113293
0 0.357532 0.527946 0.148820 0.086103
0 0.274047 0.630665 0.123412 0.058912
0 0.326679 0.664653 0.156080 0.036254
0 0.440109 0.576284 0.056261 0.061934
0 0.560799 0.578550 0.210526 0.078550
0 0.590744 0.563444 0.125227 0.108761
0 0.595281 0.546073 0.058076 0.101208
0 0.549002 0.655589 0.041742 0.102719
0 0.698730 0.669184 0.130672 0.157100
0 0.715971 0.631420 0.059891 0.099698
0 0.705082 0.541541 0.045372 0.049849
0 0.868421 0.509819 0.139746 0.104230
0 0.625227 0.466012 0.172414 0.034743
0 0.345735 0.373112 0.063521 0.063444
0 0.354809 0.422961 0.088929 0.039275
0 0.413793 0.381420 0.079855 0.074018
0 0.500000 0.404079 0.117967 0.119335
0 0.389292 0.317221 0.194192 0.036254
0 0.554446 0.317221 0.150635 0.123867
0 0.432849 0.240181 0.041742 0.069486
0 0.582577 0.236405 0.156080 0.140483
0 0.608893 0.310423 0.056261 0.173716
0 0.551724 0.423716 0.112523 0.046828
0 0.309437 0.212991 0.168784 0.066465
0 0.348457 0.156344 0.083485 0.043807
0 0.411978 0.086103 0.047187 0.078550
0 0.610708 0.181269 0.114338 0.117825
0 0.734120 0.271903 0.150635 0.132931
0 0.724138 0.372356 0.039927 0.104230
0 0.764065 0.392749 0.076225 0.036254
0 0.849365 0.329305 0.119782 0.193353
0 0.853902 0.250755 0.114338 0.126888
0 0.829401 0.166918 0.214156 0.074018
0 0.863884 0.354985 0.210526 0.036254