0 0.070352 0.688525 0.110553 0.049180
0 0.283920 0.545082 0.040201 0.067213
0 0.218593 0.839344 0.067839 0.078689
0 0.170226 0.904918 0.031407 0.075410
0 0.211683 0.955738 0.172111 0.078689
0 0.310302 0.922131 0.135678 0.070492
0 0.386307 0.924590 0.048995 0.131148
0 0.420226 0.920492 0.054020 0.162295
0 0.500628 0.924590 0.096734 0.098361
0 0.466080 0.832787 0.067839 0.104918
0 0.441583 0.751639 0.091709 0.129508
0 0.598618 0.777869 0.126884 0.113115
0 0.682161 0.808197 0.070352 0.088525
0 0.912060 0.760656 0.125628 0.101639
0 0.657663 0.691803 0.041457 0.039344
0 0.623744 0.709016 0.116834 0.162295
0 0.619975 0.667213 0.041457 0.134426
0 0.588568 0.598361 0.046482 0.049180
0 0.697864 0.579508 0.033920 0.083607
0 0.481156 0.682787 0.120603 0.149180
0 0.461683 0.611475 0.041457 0.101639
0 0.386307 0.574590 0.028894 0.073770
0 0.385050 0.666393 0.051508 0.100000
0 0.455402 0.477049 0.061558 0.049180
0 0.417085 0.522951 0.075377 0.049180
0 0.342965 0.517213 0.077889 0.083607
0 0.383794 0.425410 0.023869 0.063934
0 0.334799 0.427049 0.069095 0.083607
0 0.254397 0.428689 0.061558 0.129508
0 0.264447 0.478689 0.136935 0.088525
0 0.403894 0.224590 0.089196 0.095082
0 0.413945 0.316393 0.026382 0.101639
0 0.452889 0.332787 0.038945 0.065574
0 0.489322 0.370492 0.033920 0.075410
0 0.519472 0.268852 0.144472 0.068852
0 0.494975 0.263115 0.087940 0.155738
0 0.572864 0.327049 0.080402 0.103279
0 0.597990 0.376230 0.095477 0.073770
0 0.600503 0.209836 0.062814 0.052459
0 0.641960 0.261475 0.080402 0.060656
0 0.777010 0.530328 0.041457 0.149180
0 0.728015 0.505738 0.036432 0.139344
0 0.577889 0.549180 0.110553 0.124590
0 0.610553 0.556557 0.108040 0.119672
0 0.649497 0.485246 0.115578 0.131148
0 0.519472 0.059836 0.054020 0.077049