0 0.167254 0.164486 0.204225 0.213084
0 0.358275 0.186916 0.167254 0.041121
0 0.388204 0.268224 0.033451 0.102804
0 0.367077 0.330841 0.068662 0.100935
0 0.212148 0.320561 0.209507 0.117757
0 0.132042 0.418692 0.116197 0.242991
0 0.164613 0.451402 0.170775 0.046729
0 0.301937 0.485047 0.072183 0.054206
0 0.191901 0.586916 0.070423 0.127103
0 0.267606 0.579439 0.056338 0.033645
0 0.372359 0.566355 0.160211 0.089720
0 0.178697 0.715888 0.086268 0.067290
0 0.218310 0.778505 0.088028 0.248598
0 0.180458 0.671028 0.146127 0.186916
0 0.112676 0.742991 0.088028 0.177570
0 0.395246 0.794393 0.191901 0.056075
0 0.369718 0.795327 0.052817 0.125234
0 0.313380 0.852336 0.070423 0.033645
0 0.376761 0.865421 0.091549 0.127103
0 0.417254 0.694393 0.045775 0.050467
0 0.408451 0.641121 0.147887 0.100935
0 0.488556 0.723364 0.121479 0.052336
0 0.558979 0.577570 0.054577 0.067290
0 0.578345 0.650467 0.072183 0.052336
0 0.538732 0.808411 0.038732 0.170093
0 0.744718 0.799065 0.070423 0.076636
0 0.584507 0.895327 0.179577 0.112150
0 0.754401 0.719626 0.149648 0.168224
0 0.735035 0.574766 0.051056 0.102804
0 0.618838 0.657944 0.093310 0.287850
0 0.711268 0.909346 0.091549 0.147664
0 0.815141 0.898131 0.193662 0.166355
0 0.880282 0.783178 0.095070 0.067290
0 0.845070 0.708411 0.186620 0.123364
0 0.870599 0.654206 0.047535 0.231776
0 0.720070 0.248598 0.133803 0.052336
0 0.653169 0.344860 0.154930 0.102804
0 0.811620 0.372897 0.052817 0.084112
0 0.754401 0.439252 0.044014 0.074766
0 0.826585 0.474766 0.103873 0.093458
0 0.666373 0.446729 0.086268 0.097196
0 0.626761 0.483178 0.102113 0.158879
0 0.528169 0.297196 0.119718 0.089720
0 0.470951 0.474766 0.205986 0.085981
0 0.551937 0.154206 0.216549 0.050467
0 0.526408 0.221495 0.038732 0.072897