0 0.150138 0.948492 0.173554 0.055276
0 0.258264 0.817211 0.095041 0.126884
0 0.247245 0.770101 0.221763 0.173367
0 0.238292 0.689070 0.187328 0.101759
0 0.308540 0.697236 0.066116 0.133166
0 0.269972 0.746859 0.022039 0.041457
0 0.441460 0.802136 0.150138 0.066583
0 0.364325 0.708543 0.056474 0.090452
0 0.440771 0.717965 0.057851 0.028894
0 0.453168 0.652638 0.123967 0.076633
0 0.555785 0.651382 0.095041 0.066583
0 0.547521 0.699121 0.152893 0.106784
0 0.577824 0.707915 0.059229 0.064070
0 0.607438 0.719221 0.035813 0.048995
0 0.553719 0.762563 0.250689 0.052764
0 0.692837 0.713568 0.137741 0.060302
0 0.643251 0.632538 0.046832 0.041457
0 0.701791 0.647613 0.130854 0.064070
0 0.543388 0.579146 0.185950 0.082915
0 0.627410 0.581658 0.122590 0.100503
0 0.790634 0.611181 0.126722 0.081658
0 0.888430 0.609925 0.071625 0.109296
0 0.933196 0.651382 0.086777 0.106784
0 0.836088 0.671482 0.079890 0.091709
0 0.873967 0.732412 0.103306 0.042714
0 0.110193 0.589196 0.096419 0.070352
0 0.084711 0.529523 0.050964 0.051508
0 0.064050 0.419598 0.039945 0.077889
0 0.108127 0.427764 0.067493 0.048995
0 0.155647 0.437814 0.104683 0.038945
0 0.194904 0.478643 0.061983 0.085427
0 0.245179 0.481784 0.068871 0.116834
0 0.183884 0.373744 0.133609 0.089196
0 0.275482 0.250628 0.181818 0.159548
0 0.319559 0.404523 0.071625 0.108040
0 0.307163 0.323492 0.046832 0.056533
0 0.374656 0.421482 0.068871 0.116834
0 0.403581 0.287688 0.123967 0.155779
0 0.398072 0.306533 0.112948 0.118090
0 0.472452 0.269472 0.110193 0.116834
0 0.500689 0.280151 0.147383 0.143216
0 0.361570 0.062186 0.152893 0.079146
0 0.473140 0.121859 0.106061 0.193467
0 0.526171 0.087940 0.077135 0.087940
0 0.566804 0.088568 0.053719 0.076633
0 0.691460 0.352387 0.077135 0.036432