0 0.122466 0.689873 0.167230 0.088608
0 0.239865 0.597310 0.097973 0.099684
0 0.238176 0.681171 0.094595 0.153481
0 0.338682 0.697785 0.069257 0.037975
0 0.341216 0.613133 0.074324 0.109177
0 0.171453 0.512658 0.079392 0.072785
0 0.266047 0.492880 0.123311 0.074367
0 0.206081 0.782437 0.162162 0.058544
0 0.405405 0.864715 0.050676 0.052215
0 0.197635 0.893987 0.108108 0.132911
0 0.396115 0.512658 0.069257 0.063291
0 0.547297 0.596519 0.060811 0.066456
0 0.399493 0.655854 0.065878 0.080696
0 0.585304 0.742880 0.170608 0.099684
0 0.565878 0.721519 0.050676 0.224684
0 0.472128 0.638449 0.079392 0.080696
0 0.451014 0.723892 0.037162 0.093354
0 0.633446 0.510285 0.104730 0.102848
0 0.636824 0.644778 0.064189 0.125000
0 0.700169 0.681171 0.045608 0.077532
0 0.717905 0.575949 0.040541 0.117089
0 0.782939 0.606013 0.059122 0.037975
0 0.801520 0.693829 0.113176 0.143987
0 0.720439 0.471519 0.076014 0.047468
0 0.804054 0.497627 0.091216 0.106013
0 0.773649 0.856013 0.141892 0.104430
0 0.914696 0.715190 0.082770 0.085443
0 0.885135 0.543513 0.121622 0.109177
0 0.663007 0.297468 0.065878 0.079114
0 0.644426 0.440665 0.069257 0.077532
0 0.820946 0.358386 0.195946 0.134494
0 0.663851 0.354430 0.206081 0.098101
0 0.483953 0.234177 0.062500 0.094937
0 0.533784 0.330696 0.108108 0.082278
0 0.632601 0.192247 0.106419 0.125000
0 0.440034 0.207278 0.069257 0.082278
0 0.542230 0.185918 0.050676 0.115506
0 0.641892 0.115506 0.104730 0.126582
0 0.415541 0.090190 0.114865 0.088608
0 0.345439 0.193038 0.059122 0.044304
0 0.424831 0.263449 0.109797 0.191456
0 0.304899 0.290348 0.143581 0.090190
0 0.201858 0.352848 0.055743 0.037975
0 0.256757 0.393196 0.067568 0.030063
0 0.230574 0.429589 0.065878 0.036392
0 0.146959 0.403481 0.070946 0.044304