0 0.568327 0.072573 0.086845 0.085085
0 0.224138 0.262262 0.042146 0.058058
0 0.247765 0.285786 0.045977 0.073073
0 0.293742 0.277277 0.058748 0.074074
0 0.385696 0.289289 0.051086 0.078078
0 0.406769 0.317317 0.044700 0.046046
0 0.427842 0.296296 0.094508 0.182182
0 0.416347 0.405405 0.094508 0.058058
0 0.314815 0.371371 0.093231 0.050050
0 0.319285 0.440941 0.081737 0.097097
0 0.284163 0.431932 0.077905 0.027027
0 0.254789 0.456957 0.060026 0.031031
0 0.363346 0.466466 0.049808 0.050050
0 0.310345 0.507508 0.074074 0.030030
0 0.184547 0.374374 0.075351 0.074074
0 0.134100 0.409910 0.045977 0.129129
0 0.091315 0.431932 0.054917 0.077077
0 0.120051 0.529530 0.089400 0.088088
0 0.160920 0.558559 0.099617 0.076076
0 0.222861 0.581582 0.126437 0.036036
0 0.231801 0.590591 0.085568 0.094094
0 0.101533 0.624625 0.065134 0.064064
0 0.165390 0.655155 0.123883 0.057057
0 0.182631 0.658659 0.053640 0.126126
0 0.151980 0.645646 0.063857 0.060060
0 0.232439 0.807808 0.102171 0.058058
0 0.177522 0.957457 0.076628 0.055055
0 0.140485 0.936436 0.130268 0.107107
0 0.389527 0.816817 0.043423 0.050050
0 0.395913 0.893894 0.058748 0.090090
0 0.446360 0.933934 0.060026 0.060060
0 0.515964 0.899900 0.097063 0.090090
0 0.485951 0.853353 0.070243 0.037037
0 0.488506 0.795295 0.077905 0.089089
0 0.557471 0.813313 0.085568 0.093093
0 0.584930 0.739740 0.109834 0.118118
0 0.585568 0.610611 0.067688 0.100100
0 0.600255 0.547047 0.122605 0.071071
0 0.660281 0.498498 0.043423 0.058058
0 0.685824 0.410410 0.135377 0.128128
0 0.710089 0.396396 0.066411 0.134134
0 0.819923 0.665165 0.117497 0.165165
0 0.828863 0.725726 0.061303 0.062062
0 0.884419 0.798799 0.121328 0.074074
0 0.920179 0.624625 0.128991 0.114114
0 0.920179 0.581582 0.052363 0.118118