0 0.326738 0.791536 0.050267 0.038662
0 0.266310 0.831243 0.066310 0.044932
0 0.092513 0.752351 0.082353 0.081505
0 0.060428 0.833856 0.060963 0.098224
0 0.167914 0.864681 0.044920 0.036573
0 0.155080 0.926332 0.083422 0.109718
0 0.259893 0.654127 0.083422 0.054336
0 0.169519 0.638454 0.039572 0.062696
0 0.131551 0.630617 0.034225 0.024033
0 0.589305 0.751829 0.036364 0.038662
0 0.614439 0.743469 0.035294 0.080460
0 0.638503 0.845350 0.098396 0.048067
0 0.686096 0.783177 0.039572 0.047022
0 0.697861 0.732497 0.039572 0.064786
0 0.747059 0.865204 0.039572 0.058516
0 0.742781 0.841693 0.118717 0.080460
0 0.685561 0.804075 0.102674 0.118077
0 0.643850 0.560606 0.064171 0.095089
0 0.534759 0.606583 0.074866 0.113898
0 0.509626 0.681818 0.080214 0.051202
0 0.718717 0.543887 0.070588 0.061651
0 0.691444 0.469175 0.099465 0.031348
0 0.793048 0.408046 0.024599 0.076280
0 0.776471 0.393939 0.104813 0.129572
0 0.737433 0.379833 0.065241 0.080460
0 0.704278 0.381923 0.058824 0.113898
0 0.943850 0.291536 0.048128 0.066876
0 0.837433 0.284744 0.047059 0.036573
0 0.775936 0.274817 0.075936 0.041797
0 0.803743 0.245559 0.114439 0.035528
0 0.802139 0.314002 0.087701 0.040752
0 0.762032 0.172936 0.050267 0.042842
0 0.813904 0.172936 0.072727 0.070010
0 0.788235 0.114420 0.064171 0.053292
0 0.852941 0.159875 0.078075 0.169279
0 0.728342 0.215256 0.053476 0.075235
0 0.662032 0.043365 0.119786 0.049112
0 0.678610 0.074190 0.144385 0.029258
0 0.664171 0.182341 0.036364 0.078370
0 0.602139 0.170846 0.023529 0.053292
0 0.647059 0.157262 0.091979 0.095089
0 0.600000 0.235632 0.036364 0.032393
0 0.631016 0.264368 0.111230 0.081505
0 0.608556 0.284222 0.085561 0.156740
0 0.562567 0.424765 0.029947 0.036573
0 0.614439 0.396029 0.065241 0.098224