0 0.440436 0.093448 0.078859 0.139635
0 0.453020 0.188507 0.154362 0.078410
0 0.395973 0.223416 0.124161 0.085929
0 0.334732 0.302363 0.213087 0.050483
0 0.380034 0.324919 0.068792 0.041890
0 0.569631 0.335661 0.062081 0.046187
0 0.395973 0.405478 0.100671 0.065521
0 0.222315 0.379162 0.065436 0.109560
0 0.333893 0.406552 0.194631 0.095596
0 0.313758 0.377551 0.077181 0.078410
0 0.124161 0.457573 0.147651 0.081633
0 0.244128 0.563373 0.045302 0.089151
0 0.398490 0.626745 0.048658 0.059076
0 0.437081 0.635875 0.031879 0.053706
0 0.451342 0.691192 0.063758 0.054780
0 0.486577 0.649302 0.070470 0.041890
0 0.545302 0.663265 0.050336 0.065521
0 0.586409 0.653598 0.045302 0.039742
0 0.525168 0.603115 0.194631 0.078410
0 0.760906 0.558002 0.122483 0.091300
0 0.848993 0.621912 0.110738 0.051557
0 0.650168 0.663265 0.149329 0.087003
0 0.673658 0.656821 0.055369 0.067669
0 0.721477 0.700859 0.174497 0.065521
0 0.637584 0.743287 0.154362 0.038668
0 0.749161 0.708378 0.065436 0.091300
0 0.776007 0.658969 0.135906 0.065521
0 0.892617 0.658969 0.120805 0.078410
0 0.857383 0.699785 0.174497 0.091300
0 0.850671 0.713212 0.063758 0.081633
0 0.841443 0.769066 0.078859 0.027927
0 0.724832 0.765306 0.167785 0.041890
0 0.572987 0.785714 0.102349 0.041890
0 0.673658 0.805048 0.062081 0.048335
0 0.918624 0.830827 0.082215 0.108485
0 0.843960 0.837272 0.127517 0.039742
0 0.446309 0.737916 0.093960 0.023631
0 0.483221 0.801826 0.087248 0.095596
0 0.501678 0.878625 0.117450 0.079484
0 0.591443 0.874329 0.058725 0.040816
0 0.651007 0.835661 0.201342 0.068743
0 0.770973 0.836198 0.095638 0.052632
0 0.841443 0.843716 0.119128 0.071966
0 0.730705 0.856069 0.179530 0.113856
0 0.762584 0.926423 0.135906 0.061224
0 0.897651 0.926423 0.161074 0.121375