0 0.244208 0.169104 0.148649 0.093236
0 0.215251 0.242230 0.206564 0.056673
0 0.364865 0.188300 0.100386 0.157221
0 0.425676 0.087751 0.048263 0.076782
0 0.383205 0.276965 0.098456 0.188300
0 0.320463 0.371115 0.065637 0.127971
0 0.167954 0.491773 0.146718 0.113346
0 0.193050 0.486289 0.154440 0.171846
0 0.260618 0.519196 0.069498 0.076782
0 0.183398 0.410420 0.084942 0.118830
0 0.232625 0.588665 0.110039 0.043876
0 0.313707 0.569470 0.083012 0.155393
0 0.265444 0.679159 0.125483 0.104205
0 0.355212 0.791590 0.096525 0.135283
0 0.237452 0.794333 0.127413 0.162706
0 0.296332 0.791590 0.279923 0.084095
0 0.445946 0.882998 0.077220 0.102377
0 0.440154 0.664534 0.050193 0.217550
0 0.398649 0.620658 0.071429 0.023766
0 0.429537 0.553016 0.063707 0.049360
0 0.435328 0.501828 0.175676 0.082267
0 0.443050 0.375686 0.079151 0.133455
0 0.497104 0.260512 0.129344 0.177331
0 0.553089 0.397623 0.102317 0.056673
0 0.629344 0.437843 0.069498 0.063985
0 0.524131 0.482633 0.071429 0.153565
0 0.561776 0.574040 0.092664 0.051188
0 0.508687 0.643510 0.075290 0.171846
0 0.582046 0.781536 0.222008 0.078611
0 0.572394 0.834552 0.079151 0.159049
0 0.807915 0.773309 0.094595 0.095064
0 0.741313 0.702925 0.115830 0.049360
0 0.689189 0.658135 0.166023 0.204753
0 0.676641 0.500000 0.086873 0.283364
0 0.735521 0.409506 0.077220 0.069470
0 0.783784 0.388483 0.088803 0.096892
0 0.806950 0.550274 0.104247 0.098720
0 0.896718 0.544790 0.113900 0.087751
0 0.881274 0.478976 0.075290 0.054845
0 0.877413 0.335466 0.125483 0.202925
0 0.583012 0.270567 0.065637 0.120658
0 0.590734 0.179159 0.108108 0.120658
0 0.705598 0.224863 0.156371 0.069470
0 0.717181 0.166362 0.075290 0.080439
0 0.606178 0.101463 0.061776 0.100548
0 0.643822 0.090494 0.164093 0.071298