0 0.036238 0.679130 0.055220 0.102609
0 0.109146 0.827826 0.076790 0.260870
0 0.264452 0.656522 0.035375 0.074783
0 0.319241 0.766957 0.029336 0.066087
0 0.291199 0.518261 0.028473 0.114783
0 0.345557 0.517391 0.044003 0.186087
0 0.433563 0.540870 0.049180 0.184348
0 0.355047 0.466087 0.102675 0.059130
0 0.169111 0.434783 0.022433 0.100870
0 0.181622 0.457391 0.026747 0.149565
0 0.231234 0.416522 0.031061 0.043478
0 0.212683 0.598261 0.056083 0.187826
0 0.317947 0.408696 0.094047 0.090435
0 0.367127 0.634783 0.106126 0.135652
0 0.358499 0.838261 0.038827 0.215652
0 0.387834 0.787826 0.035375 0.149565
0 0.293788 0.312174 0.057808 0.088696
0 0.244607 0.313043 0.064711 0.045217
0 0.212252 0.327826 0.034513 0.057391
0 0.229077 0.368696 0.035375 0.048696
0 0.189819 0.365217 0.048318 0.114783
0 0.244607 0.245217 0.018119 0.055652
0 0.234254 0.173913 0.066437 0.097391
0 0.306730 0.206957 0.080242 0.107826
0 0.335634 0.147826 0.020708 0.080000
0 0.327006 0.210435 0.037964 0.027826
0 0.296808 0.130435 0.065574 0.121739
0 0.383952 0.198261 0.062123 0.034783
0 0.378775 0.095652 0.032787 0.121739
0 0.417601 0.061739 0.048318 0.050435
0 0.525022 0.439130 0.028473 0.109565
0 0.543572 0.436522 0.020708 0.073043
0 0.572908 0.409565 0.034513 0.133913
0 0.569456 0.425217 0.032787 0.092174
0 0.619500 0.287826 0.037964 0.154783
0 0.510354 0.262609 0.049180 0.090435
0 0.652718 0.446957 0.068162 0.114783
0 0.710095 0.402609 0.044866 0.092174
0 0.752373 0.450435 0.034513 0.069565
0 0.698878 0.534783 0.084556 0.102609
0 0.877481 0.650435 0.070751 0.118261
0 0.930544 0.773913 0.062985 0.215652
0 0.948231 0.267826 0.079379 0.132174
0 0.504745 0.326087 0.022433 0.154783
0 0.541846 0.274783 0.065574 0.055652
0 0.380500 0.833043 0.037964 0.048696