0 0.272425 0.788043 0.043189 0.166667
0 0.328904 0.777174 0.066445 0.076087
0 0.409468 0.811594 0.154485 0.177536
0 0.459302 0.865942 0.101329 0.137681
0 0.562292 0.877717 0.151163 0.197464
0 0.683555 0.862319 0.117940 0.061594
0 0.755814 0.825181 0.089701 0.193841
0 0.696013 0.735507 0.056478 0.079710
0 0.657807 0.711051 0.066445 0.041667
0 0.562292 0.697464 0.051495 0.061594
0 0.656977 0.613225 0.064784 0.063406
0 0.771595 0.682971 0.141196 0.108696
0 0.757475 0.569746 0.069767 0.161232
0 0.710963 0.571558 0.073090 0.077899
0 0.638704 0.393116 0.091362 0.224638
0 0.916944 0.438406 0.073090 0.228261
0 0.823090 0.375000 0.101329 0.141304
0 0.770764 0.404891 0.109635 0.099638
0 0.740864 0.342391 0.063123 0.144928
0 0.563123 0.499094 0.109635 0.172101
0 0.392027 0.622283 0.043189 0.074275
0 0.412791 0.586957 0.141196 0.173913
0 0.468439 0.575181 0.112957 0.164855
0 0.523256 0.563406 0.109635 0.105072
0 0.468439 0.451993 0.046512 0.153986
0 0.422757 0.483696 0.081395 0.068841
0 0.392857 0.412138 0.031561 0.081522
0 0.241694 0.567935 0.038206 0.121377
0 0.329734 0.562500 0.127907 0.215580
0 0.332226 0.562500 0.093023 0.045290
0 0.338870 0.468297 0.106312 0.045290
0 0.311462 0.414855 0.117940 0.130435
0 0.255814 0.409420 0.089701 0.065217
0 0.078073 0.478261 0.086379 0.141304
0 0.160299 0.490942 0.054817 0.076087
0 0.142027 0.585145 0.078073 0.105072
0 0.141196 0.283514 0.119601 0.204710
0 0.193522 0.286232 0.131229 0.123188
0 0.217608 0.319746 0.126246 0.125000
0 0.299003 0.307971 0.086379 0.152174
0 0.317276 0.316123 0.299003 0.070652
0 0.370432 0.298007 0.076412 0.041667
0 0.411130 0.227355 0.177741 0.110507
0 0.508306 0.200181 0.076412 0.041667
0 0.447674 0.149457 0.134551 0.045290
0 0.327243 0.099638 0.132890 0.043478