0 0.124041 0.464950 0.031543 0.145923
0 0.094629 0.591559 0.076726 0.115880
0 0.179454 0.336195 0.060529 0.157368
0 0.243393 0.319027 0.063939 0.128755
0 0.290281 0.321173 0.026428 0.044349
0 0.307758 0.263233 0.028986 0.080114
0 0.258738 0.394850 0.069054 0.028612
0 0.275362 0.406295 0.042626 0.103004
0 0.368286 0.200286 0.068201 0.088698
0 0.364024 0.199571 0.032396 0.081545
0 0.410912 0.218884 0.047741 0.037196
0 0.399403 0.285408 0.063939 0.075823
0 0.367008 0.316881 0.017903 0.084406
0 0.339301 0.350501 0.035806 0.114449
0 0.447570 0.317597 0.025575 0.085837
0 0.423700 0.414878 0.059676 0.171674
0 0.343137 0.424893 0.072464 0.037196
0 0.332907 0.550072 0.026428 0.047210
0 0.375533 0.501431 0.057118 0.150215
0 0.398124 0.542203 0.098892 0.177396
0 0.424552 0.552217 0.071611 0.060086
0 0.479113 0.409871 0.028986 0.190272
0 0.492754 0.509299 0.071611 0.031474
0 0.531543 0.485694 0.040068 0.078684
0 0.529838 0.579399 0.026428 0.108727
0 0.582694 0.545780 0.023018 0.052933
0 0.572038 0.617310 0.022165 0.052933
0 0.592924 0.615880 0.024723 0.092990
0 0.621057 0.572246 0.024723 0.054363
0 0.609974 0.477110 0.024723 0.041488
0 0.571611 0.539342 0.048593 0.114449
0 0.639812 0.360515 0.052003 0.074392
0 0.668798 0.569385 0.043478 0.143062
0 0.588662 0.402718 0.034953 0.130186
0 0.589088 0.316881 0.075021 0.044349
0 0.708440 0.568670 0.076726 0.115880
0 0.636402 0.662375 0.062234 0.183119
0 0.533674 0.725322 0.071611 0.065808
0 0.630435 0.849070 0.048593 0.050072
0 0.485081 0.900572 0.092072 0.098712
0 0.722506 0.155937 0.033248 0.057225
0 0.685422 0.092990 0.023870 0.060086
0 0.532822 0.048641 0.037511 0.057225
0 0.508525 0.231044 0.028133 0.155937
0 0.633845 0.276109 0.091219 0.088698
0 0.971441 0.796853 0.036658 0.068670