0 0.390845 0.912514 0.077465 0.117386
0 0.453521 0.938538 0.081690 0.105205
0 0.537324 0.928018 0.097183 0.057586
0 0.526056 0.881506 0.035211 0.050941
0 0.461972 0.853267 0.073239 0.027685
0 0.490141 0.828350 0.073239 0.039867
0 0.552113 0.818937 0.087324 0.129568
0 0.571127 0.736988 0.130986 0.049834
0 0.392254 0.716501 0.066197 0.055371
0 0.372535 0.610742 0.035211 0.034330
0 0.534507 0.623477 0.091549 0.057586
0 0.367606 0.461240 0.067606 0.043189
0 0.398592 0.496124 0.081690 0.086379
0 0.438028 0.501107 0.042254 0.036545
0 0.452817 0.545404 0.116901 0.074197
0 0.447183 0.564784 0.069014 0.079734
0 0.535915 0.545404 0.032394 0.105205
0 0.048592 0.136766 0.040845 0.047619
0 0.182394 0.384828 0.083099 0.060908
0 0.290141 0.240864 0.073239 0.151717
0 0.299296 0.321705 0.071831 0.038760
0 0.315493 0.342193 0.078873 0.039867
0 0.367606 0.337763 0.059155 0.048726
0 0.446479 0.044850 0.059155 0.040975
0 0.340845 0.404208 0.036620 0.044297
0 0.486620 0.454042 0.083099 0.070875
0 0.521831 0.343300 0.085915 0.084164
0 0.554225 0.367663 0.145070 0.104097
0 0.778873 0.256368 0.112676 0.036545
0 0.592254 0.296788 0.060563 0.033223
0 0.634507 0.380399 0.071831 0.032115
0 0.609859 0.404208 0.107042 0.031008
0 0.921127 0.349391 0.109859 0.038760
0 0.851408 0.462348 0.046479 0.063123
0 0.783099 0.394241 0.087324 0.066445
0 0.726761 0.350498 0.030986 0.111849
0 0.726761 0.454596 0.092958 0.080842
0 0.654930 0.452381 0.095775 0.056478
0 0.594366 0.542082 0.059155 0.027685
0 0.607746 0.519934 0.043662 0.038760
0 0.626761 0.503322 0.056338 0.083056
0 0.674648 0.487265 0.078873 0.033223
0 0.742958 0.565338 0.077465 0.111849
0 0.758451 0.583610 0.142254 0.075305
0 0.670423 0.668328 0.036620 0.034330
0 0.716197 0.637874 0.173239 0.033223