0 0.435637 0.904423 0.123306 0.146919
0 0.348238 0.777251 0.086721 0.142180
0 0.451897 0.778831 0.128726 0.066351
0 0.413279 0.691943 0.062331 0.088468
0 0.403117 0.575039 0.104336 0.164297
0 0.531165 0.616904 0.059621 0.080569
0 0.565718 0.764613 0.088076 0.132701
0 0.545393 0.784360 0.052846 0.112164
0 0.575203 0.650079 0.055556 0.131122
0 0.699864 0.593207 0.147696 0.058452
0 0.622629 0.536335 0.063686 0.061611
0 0.583333 0.488942 0.144986 0.124803
0 0.881436 0.702212 0.058266 0.096367
0 0.884146 0.615324 0.144986 0.093207
0 0.750000 0.473144 0.107046 0.131122
0 0.797425 0.409953 0.060976 0.153239
0 0.809621 0.400474 0.120596 0.067930
0 0.920054 0.435229 0.097561 0.194313
0 0.730352 0.258294 0.097561 0.131122
0 0.681572 0.116904 0.065041 0.205371
0 0.569783 0.340442 0.096206 0.254344
0 0.563686 0.387836 0.056911 0.058452
0 0.498645 0.392575 0.073171 0.080569
0 0.481030 0.341232 0.081301 0.053712
0 0.540650 0.279621 0.081301 0.088468
0 0.483062 0.150869 0.123306 0.248025
0 0.396341 0.209321 0.074526 0.150079
0 0.304201 0.324645 0.136856 0.102686
0 0.329946 0.294629 0.036585 0.071090
0 0.285908 0.195103 0.062331 0.159558
0 0.207995 0.163507 0.069106 0.184834
0 0.154472 0.244866 0.094851 0.116904
0 0.152439 0.338863 0.112466 0.090047
0 0.090108 0.428910 0.120596 0.099526
0 0.193089 0.421801 0.044715 0.063191
0 0.235772 0.530806 0.040650 0.129542
0 0.173442 0.509479 0.035230 0.083728
0 0.083333 0.538705 0.104336 0.078989
0 0.068428 0.628752 0.074526 0.091627
0 0.109756 0.703002 0.048780 0.085308
0 0.125339 0.749605 0.058266 0.105845
0 0.198509 0.788310 0.085366 0.066351
0 0.183604 0.660348 0.112466 0.056872
0 0.232385 0.622433 0.090786 0.060032
0 0.248645 0.735387 0.036585 0.206951
0 0.187669 0.469194 0.071816 0.075829