0 0.064972 0.630970 0.086629 0.089725
0 0.063559 0.586831 0.055556 0.079595
0 0.102637 0.607091 0.143126 0.212735
0 0.249529 0.696093 0.135593 0.078148
0 0.288136 0.767004 0.050847 0.083936
0 0.328625 0.787265 0.056497 0.092619
0 0.233992 0.460203 0.036723 0.072359
0 0.209040 0.534732 0.139360 0.076700
0 0.266949 0.597685 0.081921 0.150507
0 0.407250 0.701158 0.112053 0.123010
0 0.372881 0.515195 0.094162 0.086831
0 0.374765 0.581766 0.052731 0.049204
0 0.422787 0.604197 0.035782 0.120116
0 0.426554 0.510130 0.082863 0.189580
0 0.484934 0.481910 0.092279 0.052098
0 0.535782 0.584660 0.071563 0.104197
0 0.545198 0.487699 0.045198 0.075253
0 0.566855 0.513025 0.048964 0.076700
0 0.591337 0.537627 0.035782 0.146165
0 0.600753 0.573082 0.054614 0.072359
0 0.507062 0.696816 0.127119 0.059334
0 0.388418 0.391462 0.070621 0.062229
0 0.332392 0.367583 0.054614 0.115774
0 0.344162 0.292330 0.042373 0.066570
0 0.391243 0.341534 0.095104 0.049204
0 0.413842 0.306802 0.038606 0.037627
0 0.391714 0.273517 0.028249 0.063676
0 0.508004 0.264110 0.044256 0.094067
0 0.555556 0.334298 0.058380 0.153401
0 0.564501 0.421129 0.048023 0.040521
0 0.535311 0.167873 0.130885 0.159190
0 0.571092 0.180897 0.053672 0.054993
0 0.543785 0.108538 0.098870 0.043415
0 0.656780 0.120116 0.025424 0.072359
0 0.676554 0.399421 0.032957 0.069465
0 0.658663 0.437048 0.113936 0.170767
0 0.666196 0.483357 0.151601 0.182344
0 0.674670 0.593343 0.083804 0.072359
0 0.717985 0.647612 0.098870 0.128799
0 0.673729 0.643271 0.113936 0.076700
0 0.853578 0.746744 0.027307 0.130246
0 0.856874 0.528220 0.065913 0.124457
0 0.930791 0.500724 0.095104 0.092619
0 0.838512 0.187410 0.048023 0.102750
0 0.900659 0.233719 0.106403 0.111433
0 0.903484 0.913169 0.074388 0.115774