0 0.521805 0.954950 0.084178 0.060396
0 0.436613 0.666832 0.090264 0.060396
0 0.334178 0.650990 0.092292 0.098020
0 0.194726 0.589109 0.034483 0.073267
0 0.268763 0.592574 0.113590 0.042574
0 0.181034 0.513861 0.041582 0.071287
0 0.216531 0.484158 0.039554 0.027723
0 0.115112 0.506436 0.086207 0.080198
0 0.176471 0.446535 0.058824 0.049505
0 0.236815 0.453960 0.063895 0.111881
0 0.290568 0.491584 0.035497 0.084158
0 0.323022 0.467822 0.037525 0.088119
0 0.366633 0.444059 0.055781 0.060396
0 0.130325 0.381188 0.086207 0.130693
0 0.154158 0.379703 0.048682 0.036634
0 0.221602 0.369307 0.053753 0.027723
0 0.066430 0.197525 0.039554 0.032673
0 0.137424 0.221782 0.061866 0.134653
0 0.155680 0.244059 0.045639 0.026733
0 0.198276 0.211386 0.037525 0.058416
0 0.174949 0.282673 0.076065 0.062376
0 0.258114 0.281683 0.110548 0.038614
0 0.313895 0.199010 0.027383 0.061386
0 0.305274 0.374752 0.085193 0.088119
0 0.393509 0.387624 0.038540 0.062376
0 0.404158 0.486139 0.051724 0.079208
0 0.616126 0.029703 0.047667 0.045545
0 0.627282 0.170297 0.037525 0.047525
0 0.626775 0.217822 0.093306 0.059406
0 0.585700 0.282178 0.155172 0.029703
0 0.512677 0.317327 0.110548 0.060396
0 0.597870 0.485644 0.078093 0.054455
0 0.598884 0.520297 0.082150 0.052475
0 0.660243 0.535644 0.036511 0.069307
0 0.593306 0.407921 0.068966 0.097030
0 0.652130 0.410891 0.079108 0.067327
0 0.704361 0.376733 0.045639 0.151485
0 0.741886 0.397030 0.041582 0.079208
0 0.746957 0.466832 0.047667 0.044554
0 0.783469 0.518812 0.039554 0.041584
0 0.855477 0.689604 0.061866 0.090099
0 0.936613 0.700000 0.090264 0.029703
0 0.914807 0.648515 0.030426 0.053465
0 0.885903 0.651980 0.025355 0.068317
0 0.850406 0.603960 0.069980 0.049505
0 0.272312 0.551485 0.035497 0.031683