0 0.947403 0.262136 0.083888 0.143689
0 0.784953 0.405825 0.115846 0.062136
0 0.766312 0.491262 0.027963 0.085437
0 0.695739 0.537864 0.086551 0.038835
0 0.693076 0.604854 0.067909 0.052427
0 0.717710 0.671845 0.058589 0.112621
0 0.639148 0.775728 0.141145 0.087379
0 0.657790 0.732039 0.165113 0.182524
0 0.493342 0.824272 0.065246 0.172816
0 0.458722 0.796117 0.182423 0.147573
0 0.409454 0.660194 0.065246 0.100971
0 0.417443 0.944660 0.038615 0.052427
0 0.342210 0.855340 0.087883 0.188350
0 0.293609 0.818447 0.113182 0.095146
0 0.302929 0.724272 0.049268 0.046602
0 0.290280 0.677670 0.055925 0.042718
0 0.123835 0.758252 0.098535 0.184466
0 0.240346 0.712621 0.131824 0.209709
0 0.217044 0.660194 0.047936 0.178641
0 0.067244 0.571845 0.089214 0.141748
0 0.146471 0.594175 0.098535 0.170874
0 0.246338 0.535922 0.034621 0.085437
0 0.143808 0.493204 0.058589 0.170874
0 0.353529 0.584466 0.022636 0.120388
0 0.318908 0.550485 0.027963 0.130097
0 0.370839 0.472816 0.099867 0.192233
0 0.424767 0.516505 0.037284 0.163107
0 0.282290 0.453398 0.045273 0.130097
0 0.237017 0.406796 0.119840 0.126214
0 0.290945 0.314563 0.121172 0.054369
0 0.421438 0.348544 0.057257 0.067961
0 0.324234 0.233981 0.115846 0.118447
0 0.410786 0.117476 0.115846 0.083495
0 0.477364 0.347573 0.054594 0.058252
0 0.548602 0.339806 0.151798 0.093204
0 0.527963 0.262136 0.035952 0.108738
0 0.558589 0.235922 0.033289 0.056311
0 0.586551 0.401942 0.083888 0.108738
0 0.541944 0.461165 0.069241 0.145631
0 0.501332 0.479612 0.049268 0.112621
0 0.474035 0.463107 0.061252 0.064078
0 0.667776 0.409709 0.051931 0.058252
0 0.612517 0.514563 0.138482 0.069903
0 0.537949 0.641748 0.085220 0.180583
0 0.559254 0.649515 0.071904 0.071845
0 0.605859 0.626214 0.103862 0.172816