0 0.389105 0.886199 0.163424 0.154964
0 0.423476 0.837167 0.063554 0.076271
0 0.467575 0.823850 0.063554 0.044794
0 0.437095 0.752421 0.085603 0.066586
0 0.516213 0.797215 0.098573 0.054479
0 0.430610 0.696126 0.121920 0.050847
0 0.448119 0.676755 0.112840 0.150121
0 0.530480 0.714286 0.062257 0.058111
0 0.629053 0.723366 0.114137 0.090799
0 0.570687 0.655569 0.116732 0.112591
0 0.498703 0.641646 0.089494 0.070218
0 0.439689 0.582930 0.033722 0.044794
0 0.317769 0.701574 0.095979 0.093220
0 0.290532 0.687651 0.057069 0.050847
0 0.254215 0.665254 0.095979 0.069007
0 0.424125 0.542373 0.111543 0.096852
0 0.473411 0.553269 0.033722 0.058111
0 0.405318 0.490315 0.060960 0.077482
0 0.357977 0.521186 0.062257 0.042373
0 0.282750 0.528450 0.106355 0.044794
0 0.417639 0.392252 0.072633 0.053269
0 0.474060 0.419492 0.073930 0.059322
0 0.535019 0.542978 0.089494 0.047215
0 0.567445 0.493947 0.063554 0.033898
0 0.588197 0.515738 0.071336 0.048426
0 0.741894 0.592010 0.129702 0.065375
0 0.699741 0.552058 0.133593 0.089588
0 0.657588 0.496368 0.072633 0.101695
0 0.660830 0.500000 0.099870 0.174334
0 0.750324 0.413438 0.050584 0.124697
0 0.860571 0.447942 0.050584 0.070218
0 0.908560 0.428571 0.047990 0.055690
0 0.877432 0.346852 0.118029 0.127119
0 0.744488 0.290557 0.077821 0.079903
0 0.687419 0.193099 0.072633 0.153753
0 0.594034 0.134383 0.054475 0.043584
0 0.533722 0.222760 0.092088 0.101695
0 0.566796 0.319613 0.121920 0.046005
0 0.464332 0.306295 0.044099 0.121065
0 0.097925 0.496368 0.094682 0.067797
0 0.202335 0.452785 0.137484 0.193705
0 0.204280 0.346852 0.133593 0.177966
0 0.178988 0.251816 0.095979 0.157385
0 0.340467 0.248789 0.066148 0.139225
0 0.303502 0.150121 0.134890 0.150121
0 0.384565 0.107748 0.071336 0.116223