0 0.047207 0.509497 0.075798 0.029050
0 0.082447 0.513966 0.071809 0.149721
0 0.245346 0.340782 0.081117 0.067039
0 0.230718 0.382123 0.059840 0.044693
0 0.269282 0.374302 0.081117 0.089385
0 0.347074 0.409497 0.037234 0.056983
0 0.299202 0.445810 0.095745 0.067039
0 0.186835 0.462011 0.123670 0.110615
0 0.412234 0.479888 0.029255 0.065922
0 0.376995 0.458659 0.041223 0.141899
0 0.486037 0.511732 0.086436 0.091620
0 0.257314 0.570391 0.027926 0.110615
0 0.469415 0.649162 0.109043 0.080447
0 0.474734 0.649162 0.151596 0.053631
0 0.398271 0.612291 0.057181 0.067039
0 0.352394 0.629050 0.063830 0.096089
0 0.353723 0.670391 0.109043 0.073743
0 0.253989 0.611173 0.098404 0.082682
0 0.186835 0.584916 0.043883 0.094972
0 0.260638 0.686034 0.034574 0.053631
0 0.189495 0.815642 0.057181 0.033520
0 0.263963 0.854190 0.070479 0.092737
0 0.332447 0.913966 0.117021 0.064804
0 0.293883 0.927933 0.138298 0.099441
0 0.317154 0.735754 0.105053 0.081564
0 0.255319 0.785475 0.159574 0.053631
0 0.499335 0.737430 0.083777 0.051397
0 0.493351 0.783799 0.130319 0.027933
0 0.950133 0.121229 0.062500 0.081564
0 0.753324 0.087709 0.051862 0.027933
0 0.704122 0.065922 0.041223 0.080447
0 0.714096 0.181006 0.180851 0.049162
0 0.671543 0.221788 0.090426 0.030168
0 0.646941 0.265922 0.073138 0.060335
0 0.617021 0.287709 0.093085 0.092737
0 0.593085 0.394972 0.037234 0.059218
0 0.538564 0.365363 0.127660 0.091620
0 0.521941 0.401117 0.033245 0.118436
0 0.432181 0.372626 0.079787 0.126257
0 0.538564 0.576536 0.063830 0.078212
0 0.328457 0.564246 0.071809 0.024581
0 0.376995 0.548603 0.046543 0.046927
0 0.203457 0.864246 0.058511 0.036872
0 0.216755 0.724022 0.082447 0.062570
0 0.299867 0.742458 0.054521 0.052514
0 0.248005 0.801676 0.073138 0.081564