0 0.755573 0.879011 0.029208 0.068182
0 0.776710 0.934492 0.040738 0.072193
0 0.955803 0.445856 0.088394 0.129679
0 0.899693 0.526070 0.082244 0.118984
0 0.901230 0.551471 0.146810 0.046791
0 0.805150 0.200535 0.049962 0.101604
0 0.755188 0.156417 0.022291 0.072193
0 0.795158 0.711898 0.016141 0.060160
0 0.676403 0.419786 0.019985 0.082888
0 0.601460 0.710561 0.029977 0.030749
0 0.451191 0.932487 0.032283 0.081551
0 0.460415 0.854947 0.052267 0.102941
0 0.486933 0.870321 0.039201 0.141711
0 0.203689 0.852273 0.021522 0.092246
0 0.209839 0.783422 0.056879 0.048128
0 0.182168 0.726604 0.072252 0.094920
0 0.447733 0.665107 0.022291 0.110963
0 0.470407 0.628342 0.035357 0.072193
0 0.494620 0.559492 0.063797 0.081551
0 0.445811 0.436497 0.090699 0.132353
0 0.370100 0.389706 0.059185 0.057487
0 0.368947 0.422460 0.036895 0.032086
0 0.334743 0.426471 0.020753 0.048128
0 0.345119 0.343583 0.023059 0.053476
0 0.285165 0.360294 0.024596 0.070856
0 0.261722 0.396390 0.023828 0.124332
0 0.167563 0.517380 0.044581 0.149733
0 0.204458 0.502005 0.026134 0.113636
0 0.253267 0.522727 0.096080 0.056150
0 0.267102 0.472594 0.097617 0.044118
0 0.229055 0.411765 0.063028 0.069519
0 0.236357 0.334225 0.028440 0.042781
0 0.209070 0.366979 0.058417 0.036096
0 0.032667 0.289439 0.039201 0.161765
0 0.072636 0.315508 0.029977 0.093583
0 0.105304 0.326872 0.038432 0.049465
0 0.096849 0.272059 0.018447 0.073529
0 0.148732 0.336898 0.068409 0.053476
0 0.128747 0.135695 0.080707 0.153743
0 0.131437 0.213235 0.041507 0.081551
0 0.149116 0.229947 0.086088 0.037433
0 0.164489 0.196524 0.043044 0.050802
0 0.214450 0.215241 0.033820 0.050802
0 0.262875 0.167781 0.050730 0.089572
0 0.268255 0.123663 0.067640 0.121658
0 0.201768 0.053476 0.082244 0.050802