0 0.084934 0.193271 0.096012 0.039124
0 0.242984 0.112676 0.128508 0.156495
0 0.355244 0.128326 0.042836 0.109546
0 0.217134 0.308294 0.041359 0.143975
0 0.386263 0.335681 0.054653 0.164319
0 0.355244 0.418623 0.036928 0.061033
0 0.297637 0.338811 0.039882 0.176839
0 0.330871 0.457746 0.159527 0.107981
0 0.435007 0.520344 0.057607 0.089202
0 0.353028 0.548513 0.041359 0.057903
0 0.294682 0.527387 0.081241 0.278560
0 0.263663 0.550861 0.125554 0.125196
0 0.418759 0.665884 0.116691 0.092332
0 0.334564 0.766041 0.093058 0.089202
0 0.483752 0.721440 0.081241 0.103286
0 0.590842 0.636933 0.038405 0.068858
0 0.648449 0.648670 0.053176 0.035994
0 0.701625 0.688576 0.062038 0.046948
0 0.675037 0.798122 0.103397 0.103286
0 0.640325 0.866197 0.036928 0.048513
0 0.626292 0.944444 0.138848 0.051643
0 0.505170 0.885759 0.189069 0.068858
0 0.595273 0.781690 0.150665 0.104851
0 0.627031 0.780125 0.234860 0.117371
0 0.752585 0.881064 0.119645 0.084507
0 0.799852 0.521909 0.054653 0.039124
0 0.869276 0.583725 0.116691 0.050078
0 0.933530 0.577465 0.038405 0.100156
0 0.929099 0.643975 0.085672 0.111111
0 0.781388 0.587637 0.189069 0.154930
0 0.682422 0.422535 0.035451 0.068858
0 0.757755 0.419405 0.035451 0.087637
0 0.607090 0.407668 0.121123 0.064163
0 0.749631 0.460876 0.143279 0.079812
0 0.542836 0.459311 0.066470 0.133020
0 0.607829 0.570423 0.036928 0.114241
0 0.655096 0.568075 0.072378 0.046948
0 0.530281 0.550861 0.076809 0.043818
0 0.478582 0.264476 0.056130 0.078247
0 0.580502 0.118153 0.076809 0.067293
0 0.500739 0.166667 0.094535 0.139280
0 0.555391 0.183881 0.259970 0.057903
0 0.687592 0.239437 0.078287 0.125196
0 0.697932 0.276213 0.039882 0.073552
0 0.754801 0.284820 0.064993 0.050078
0 0.813885 0.671362 0.147710 0.275430