0 0.622517 0.031938 0.039735 0.041850
0 0.590232 0.128855 0.028146 0.052863
0 0.509106 0.123899 0.067881 0.104626
0 0.545530 0.275881 0.038079 0.104626
0 0.520695 0.290198 0.024834 0.056167
0 0.476821 0.324339 0.048013 0.067181
0 0.548013 0.383811 0.052980 0.087004
0 0.956126 0.659141 0.089404 0.038546
0 0.945364 0.685573 0.077815 0.031938
0 0.945364 0.716960 0.071192 0.050661
0 0.801325 0.726872 0.056291 0.037445
0 0.779387 0.682819 0.033940 0.048458
0 0.735513 0.688877 0.080298 0.144273
0 0.679636 0.706498 0.091060 0.053965
0 0.770695 0.942181 0.062914 0.071586
0 0.715232 0.797357 0.066225 0.055066
0 0.516970 0.962555 0.033940 0.037445
0 0.500828 0.954846 0.052980 0.048458
0 0.550083 0.454295 0.047185 0.025330
0 0.536838 0.433921 0.038907 0.028634
0 0.482616 0.439427 0.076159 0.033040
0 0.373758 0.422907 0.025662 0.070485
0 0.338990 0.433921 0.035596 0.057269
0 0.362583 0.529185 0.028146 0.087004
0 0.327815 0.579846 0.041391 0.069383
0 0.391142 0.596916 0.050497 0.081498
0 0.264487 0.447137 0.063742 0.030837
0 0.310430 0.504956 0.064570 0.042952
0 0.277318 0.561123 0.026490 0.051762
0 0.437914 0.629956 0.049669 0.085903
0 0.098924 0.383811 0.033940 0.102423
0 0.152732 0.530286 0.028974 0.042952
0 0.432533 0.714758 0.080298 0.081498
0 0.053808 0.770925 0.054636 0.103524
0 0.091887 0.718062 0.061258 0.041850
0 0.120033 0.685573 0.043046 0.031938
0 0.121689 0.741189 0.052980 0.055066
0 0.151076 0.718612 0.035596 0.095815
0 0.190811 0.775330 0.100166 0.037445
0 0.184189 0.778084 0.128311 0.049559
0 0.261175 0.741740 0.060430 0.115639
0 0.308775 0.720815 0.079470 0.040749
0 0.367550 0.764317 0.089404 0.050661
0 0.368377 0.834802 0.067881 0.101322
0 0.362583 0.939978 0.054636 0.042952
0 0.415149 0.852423 0.101821 0.143172