0 0.880906 0.032847 0.045276 0.040667
0 0.825295 0.123045 0.036417 0.075078
0 0.825787 0.155892 0.118110 0.126173
0 0.742618 0.166840 0.050197 0.089677
0 0.743110 0.173618 0.124016 0.067779
0 0.627953 0.198644 0.104331 0.094891
0 0.586614 0.182482 0.092520 0.077164
0 0.733268 0.228884 0.062992 0.055266
0 0.667323 0.257560 0.078740 0.066736
0 0.735236 0.275287 0.080709 0.041710
0 0.671752 0.247654 0.113189 0.057351
0 0.660925 0.206986 0.034449 0.078206
0 0.605315 0.286757 0.074803 0.062565
0 0.675689 0.314911 0.130906 0.033368
0 0.659449 0.339937 0.055118 0.022941
0 0.626476 0.366006 0.048228 0.020855
0 0.688484 0.345673 0.054134 0.051095
0 0.660433 0.382690 0.072835 0.035454
0 0.726870 0.343066 0.046260 0.035454
0 0.760827 0.338373 0.029528 0.086548
0 0.801673 0.337331 0.065945 0.059437
0 0.663386 0.423358 0.078740 0.047967
0 0.655512 0.500521 0.043307 0.120959
0 0.713091 0.538582 0.052165 0.130344
0 0.740157 0.489572 0.070866 0.046924
0 0.832677 0.298227 0.033465 0.198123
0 0.922244 0.439520 0.112205 0.080292
0 0.975886 0.434307 0.050197 0.092805
0 0.067913 0.685610 0.068898 0.036496
0 0.178642 0.723149 0.048228 0.088634
0 0.242126 0.797706 0.102362 0.047967
0 0.057087 0.752868 0.070866 0.135558
0 0.074803 0.752868 0.086614 0.077164
0 0.141240 0.793014 0.162402 0.115746
0 0.124508 0.763816 0.093504 0.103233
0 0.149606 0.840980 0.080709 0.076121
0 0.088091 0.836288 0.097441 0.050052
0 0.073819 0.891554 0.068898 0.039625
0 0.145177 0.942649 0.034449 0.058394
0 0.611713 0.823775 0.126969 0.100104
0 0.681594 0.805005 0.050197 0.031283
0 0.752461 0.846194 0.038386 0.026069
0 0.846457 0.698644 0.059055 0.087591
0 0.925197 0.638165 0.078740 0.029197
0 0.933563 0.683525 0.052165 0.067779
0 0.670276 0.297185 0.055118 0.029197