0 0.400763 0.054326 0.057252 0.092555
0 0.393130 0.189135 0.083969 0.233400
0 0.417939 0.250503 0.057252 0.090543
0 0.465649 0.265594 0.041985 0.080483
0 0.185115 0.369215 0.156489 0.211268
0 0.519084 0.173038 0.057252 0.084507
0 0.597328 0.152918 0.198473 0.213280
0 0.553435 0.284708 0.053435 0.179074
0 0.473282 0.337022 0.045802 0.058350
0 0.680344 0.197183 0.101145 0.076459
0 0.776718 0.262575 0.229008 0.106640
0 0.589695 0.387324 0.122137 0.219316
0 0.598282 0.397384 0.085878 0.162978
0 0.896947 0.172032 0.118321 0.054326
0 0.881679 0.256539 0.110687 0.102616
0 0.792939 0.407445 0.120229 0.150905
0 0.702290 0.408451 0.118321 0.064386
0 0.725191 0.366197 0.118321 0.052314
0 0.781489 0.449698 0.124046 0.066398
0 0.875954 0.509054 0.087786 0.217304
0 0.830153 0.565392 0.099237 0.072435
0 0.766221 0.563380 0.066794 0.144869
0 0.708015 0.550302 0.103053 0.158954
0 0.837786 0.662978 0.041985 0.066398
0 0.756679 0.763581 0.070611 0.126761
0 0.639313 0.752515 0.187023 0.060362
0 0.661260 0.702213 0.062977 0.233400
0 0.595420 0.564386 0.080153 0.046278
0 0.600191 0.643863 0.074427 0.052314
0 0.556298 0.664990 0.131679 0.203219
0 0.509542 0.805835 0.167939 0.066398
0 0.530534 0.867203 0.160305 0.072435
0 0.085878 0.826962 0.061069 0.201207
0 0.213740 0.690141 0.114504 0.160966
0 0.355916 0.718310 0.200382 0.148893
0 0.398855 0.744467 0.137405 0.044266
0 0.373092 0.673038 0.124046 0.118712
0 0.389313 0.582495 0.106870 0.114688
0 0.416031 0.590543 0.129771 0.126761
0 0.496183 0.567404 0.045802 0.116700
0 0.495229 0.672032 0.047710 0.100604
0 0.374046 0.515091 0.190840 0.124748
0 0.349237 0.473843 0.175573 0.158954
0 0.355916 0.395372 0.101145 0.130785
0 0.400763 0.413481 0.049618 0.094567
0 0.442748 0.394366 0.064885 0.108652