0 0.465541 0.136071 0.067511 0.146538
0 0.447961 0.173108 0.080169 0.062802
0 0.601266 0.140097 0.153305 0.045089
0 0.552743 0.210145 0.061885 0.033816
0 0.549930 0.281804 0.115331 0.086957
0 0.719409 0.206119 0.206751 0.051530
0 0.706751 0.320451 0.066104 0.048309
0 0.720816 0.299517 0.184248 0.064412
0 0.538678 0.348631 0.070323 0.043478
0 0.606892 0.363929 0.068917 0.090177
0 0.561181 0.434783 0.053446 0.045089
0 0.535865 0.476651 0.039381 0.067633
0 0.298172 0.251208 0.165963 0.051530
0 0.424754 0.330918 0.104079 0.078905
0 0.248242 0.362319 0.136428 0.186795
0 0.314346 0.335749 0.060478 0.117552
0 0.295359 0.376812 0.146273 0.190016
0 0.352321 0.420290 0.082982 0.115942
0 0.421238 0.404187 0.071730 0.199678
0 0.439522 0.411433 0.032349 0.046699
0 0.436709 0.482287 0.054852 0.078905
0 0.350914 0.509662 0.060478 0.072464
0 0.502110 0.543478 0.067511 0.049919
0 0.675809 0.409823 0.094233 0.127214
0 0.717300 0.458132 0.075949 0.085346
0 0.669480 0.536232 0.050633 0.119163
0 0.564698 0.595008 0.181435 0.123994
0 0.470464 0.673108 0.035162 0.045089
0 0.422644 0.678744 0.037975 0.075684
0 0.347398 0.620773 0.081575 0.046699
0 0.755977 0.425121 0.094233 0.103060
0 0.853024 0.501610 0.046414 0.198068
0 0.799578 0.625604 0.082982 0.107890
0 0.725035 0.570853 0.088608 0.133655
0 0.716596 0.647343 0.040788 0.041868
0 0.719409 0.662641 0.088608 0.043478
0 0.772855 0.742351 0.144866 0.057971
0 0.461322 0.714171 0.208158 0.088567
0 0.547820 0.739130 0.057665 0.041868
0 0.086498 0.590177 0.063291 0.162641
0 0.182138 0.613527 0.139241 0.206119
0 0.159634 0.699678 0.091421 0.198068
0 0.329817 0.805958 0.068917 0.117552
0 0.367089 0.828502 0.168776 0.101449
0 0.523207 0.936393 0.149086 0.069243
0 0.887482 0.514493 0.157525 0.188406