0 0.393985 0.924499 0.087218 0.052388
0 0.290977 0.875963 0.181955 0.050847
0 0.172932 0.753467 0.045113 0.132512
0 0.224060 0.697997 0.063158 0.135593
0 0.418797 0.852851 0.130827 0.072419
0 0.487218 0.834361 0.066165 0.057011
0 0.689474 0.825116 0.233083 0.093991
0 0.697744 0.708783 0.078195 0.077042
0 0.726316 0.645609 0.048120 0.073960
0 0.469173 0.738059 0.087218 0.117103
0 0.543609 0.747304 0.070677 0.064715
0 0.544361 0.681818 0.117293 0.134052
0 0.399248 0.571649 0.100752 0.110940
0 0.506767 0.591680 0.120301 0.073960
0 0.548120 0.554700 0.085714 0.114022
0 0.669925 0.577812 0.058647 0.064715
0 0.746617 0.470724 0.121805 0.047766
0 0.756391 0.368259 0.054135 0.036980
0 0.677444 0.375963 0.097744 0.175655
0 0.631579 0.358243 0.048120 0.087827
0 0.572180 0.300462 0.088722 0.151002
0 0.555639 0.380586 0.043609 0.058552
0 0.601504 0.451464 0.036090 0.055470
0 0.471429 0.427581 0.118797 0.060092
0 0.512030 0.442219 0.130827 0.064715
0 0.481955 0.306626 0.073684 0.123267
0 0.466165 0.249615 0.054135 0.101695
0 0.369925 0.276579 0.096241 0.050847
0 0.327068 0.338983 0.061654 0.049307
0 0.268421 0.317411 0.058647 0.058552
0 0.248120 0.377504 0.048120 0.070878
0 0.224060 0.305855 0.093233 0.115562
0 0.146617 0.258089 0.088722 0.100154
0 0.110526 0.176425 0.079699 0.087827
0 0.191729 0.166410 0.067669 0.135593
0 0.161654 0.083975 0.133835 0.115562
0 0.251880 0.094761 0.058647 0.164869
0 0.357143 0.093991 0.073684 0.083205
0 0.388722 0.096302 0.212030 0.057011
0 0.344361 0.180277 0.189474 0.043143
0 0.328571 0.224191 0.052632 0.081664
0 0.664662 0.188752 0.102256 0.050847
0 0.763158 0.265023 0.100752 0.080123
0 0.815789 0.283513 0.085714 0.166410
0 0.842105 0.177966 0.186466 0.164869
0 0.948872 0.324345 0.045113 0.075501