0 0.971145 0.847309 0.034265 0.125156
0 0.916141 0.855444 0.045086 0.031289
0 0.910730 0.790989 0.061317 0.085106
0 0.865645 0.842929 0.039675 0.103880
0 0.584761 0.916771 0.096483 0.038798
0 0.566276 0.956821 0.133454 0.038798
0 0.385933 0.929912 0.091975 0.077597
0 0.470694 0.792866 0.050496 0.046308
0 0.527051 0.720275 0.031560 0.063830
0 0.746619 0.571339 0.034265 0.048811
0 0.731289 0.503129 0.025248 0.090113
0 0.704238 0.540050 0.037872 0.103880
0 0.669071 0.558824 0.072137 0.098874
0 0.807033 0.486859 0.025248 0.085106
0 0.817403 0.378598 0.035167 0.131414
0 0.673129 0.083855 0.036970 0.065081
0 0.517133 0.455569 0.091073 0.050063
0 0.432372 0.427409 0.098287 0.036295
0 0.361136 0.381727 0.042381 0.052566
0 0.400361 0.351064 0.082958 0.058824
0 0.036069 0.632666 0.034265 0.051314
0 0.086114 0.464956 0.042381 0.153942
0 0.114518 0.419900 0.036069 0.058824
0 0.065825 0.344806 0.061317 0.086358
0 0.116772 0.285982 0.060415 0.056320
0 0.127142 0.329787 0.037872 0.088861
0 0.133904 0.318523 0.107304 0.113892
0 0.169071 0.376721 0.024346 0.107635
0 0.228133 0.470588 0.106402 0.112641
0 0.231740 0.434919 0.036069 0.076345
0 0.246168 0.387359 0.039675 0.071339
0 0.259693 0.534418 0.028855 0.127660
0 0.237151 0.530663 0.032462 0.045056
0 0.204689 0.562578 0.039675 0.083855
0 0.203336 0.655820 0.067628 0.065081
0 0.248873 0.641427 0.034265 0.058824
0 0.298016 0.632666 0.035167 0.083855
0 0.332732 0.692741 0.041479 0.048811
0 0.283138 0.476846 0.036069 0.092616
0 0.305681 0.496245 0.039675 0.081352
0 0.323264 0.430538 0.044184 0.095119
0 0.374662 0.602628 0.053201 0.168961
0 0.454914 0.605131 0.047791 0.143930
0 0.458070 0.602628 0.039675 0.058824
0 0.427412 0.588861 0.039675 0.063830
0 0.442290 0.538173 0.036970 0.035044