0 0.083429 0.349155 0.104718 0.087126
0 0.299194 0.343953 0.075949 0.079324
0 0.390104 0.115085 0.138090 0.183355
0 0.321634 0.292588 0.120829 0.119636
0 0.489068 0.150845 0.057537 0.054616
0 0.487342 0.200910 0.182969 0.066320
0 0.586306 0.239922 0.033372 0.126138
0 0.638665 0.204811 0.041427 0.068921
0 0.445339 0.308192 0.057537 0.046814
0 0.485616 0.332250 0.101266 0.092328
0 0.506329 0.392068 0.075949 0.040312
0 0.522440 0.445384 0.133487 0.076723
0 0.603567 0.358257 0.088608 0.094928
0 0.710012 0.412874 0.103567 0.074122
0 0.758343 0.501300 0.096663 0.154746
0 0.785961 0.536411 0.062140 0.110533
0 0.799194 0.527308 0.125432 0.092328
0 0.924051 0.522107 0.094361 0.094928
0 0.922325 0.611183 0.109321 0.124837
0 0.791715 0.626788 0.096663 0.085826
0 0.730150 0.665150 0.035673 0.084525
0 0.759494 0.700910 0.101266 0.101430
0 0.849827 0.655397 0.095512 0.096229
0 0.838320 0.726918 0.031070 0.067620
0 0.748562 0.886866 0.107020 0.044213
0 0.762371 0.843303 0.044879 0.214564
0 0.868815 0.792588 0.101266 0.076723
0 0.856157 0.844603 0.103567 0.053316
0 0.567894 0.773082 0.072497 0.068921
0 0.455696 0.928479 0.073648 0.057217
0 0.499425 0.914824 0.128884 0.105332
0 0.543728 0.887516 0.079402 0.066320
0 0.337745 0.816645 0.084005 0.059818
0 0.336018 0.808192 0.064442 0.110533
0 0.380898 0.760728 0.034522 0.070221
0 0.337169 0.749025 0.048331 0.062419
0 0.411968 0.802341 0.073648 0.041612
0 0.314154 0.691808 0.029919 0.059818
0 0.415995 0.703511 0.111623 0.096229
0 0.472382 0.668401 0.127733 0.052016
0 0.406214 0.609883 0.036824 0.075423
0 0.355581 0.622887 0.069045 0.049415
0 0.302071 0.609233 0.040276 0.058518
0 0.493096 0.555917 0.056387 0.048114
0 0.494246 0.815995 0.033372 0.094928
0 0.445339 0.392718 0.052934 0.039012