0 0.273599 0.252953 0.075221 0.104331
0 0.224189 0.416339 0.056047 0.135827
0 0.167404 0.481299 0.104720 0.230315
0 0.205752 0.659449 0.140118 0.204724
0 0.205015 0.752953 0.129794 0.139764
0 0.118732 0.737205 0.060472 0.190945
0 0.305310 0.756890 0.041298 0.206693
0 0.339971 0.588583 0.075221 0.161417
0 0.348820 0.557087 0.101770 0.157480
0 0.330383 0.430118 0.109145 0.088583
0 0.278761 0.465551 0.070796 0.226378
0 0.340708 0.249016 0.082596 0.222441
0 0.390118 0.219488 0.063422 0.167323
0 0.404130 0.116142 0.082596 0.106299
0 0.460177 0.226378 0.044248 0.082677
0 0.578909 0.182087 0.140118 0.120079
0 0.696903 0.162402 0.166667 0.061024
0 0.615044 0.251969 0.129794 0.094488
0 0.463864 0.312992 0.095870 0.106299
0 0.564897 0.324803 0.061947 0.090551
0 0.413717 0.461614 0.075221 0.112205
0 0.475664 0.453740 0.054572 0.112205
0 0.558260 0.539370 0.160767 0.255906
0 0.519912 0.618110 0.048673 0.106299
0 0.462389 0.652559 0.066372 0.139764
0 0.666667 0.585630 0.079646 0.072835
0 0.638643 0.544291 0.094395 0.057087
0 0.632006 0.458661 0.063422 0.129921
0 0.609882 0.437992 0.163717 0.285433
0 0.686578 0.661417 0.072271 0.086614
0 0.682153 0.686024 0.081121 0.183071
0 0.649705 0.797244 0.069322 0.070866
0 0.652655 0.876969 0.137168 0.151575
0 0.443215 0.836614 0.166667 0.185039
0 0.753687 0.852362 0.082596 0.185039
0 0.834071 0.752953 0.172566 0.135827
0 0.806785 0.770669 0.141593 0.285433
0 0.781711 0.524606 0.082596 0.127953
0 0.721976 0.409449 0.148968 0.141732
0 0.776549 0.366142 0.119469 0.110236
0 0.762537 0.299213 0.100295 0.118110
0 0.841445 0.378937 0.063422 0.198819
0 0.905605 0.277559 0.061947 0.169291
0 0.876844 0.493110 0.060472 0.257874
0 0.575221 0.636811 0.076696 0.053150
0 0.480088 0.137795 0.042773 0.066929