0 0.094315 0.159058 0.108527 0.115549
0 0.424419 0.075606 0.112403 0.136947
0 0.955426 0.191869 0.058140 0.081312
0 0.532300 0.331669 0.149871 0.126961
0 0.525194 0.400143 0.063307 0.049929
0 0.612403 0.385164 0.059432 0.154066
0 0.506460 0.434379 0.147287 0.095578
0 0.556202 0.495720 0.078811 0.035663
0 0.592377 0.527104 0.148579 0.047076
0 0.601421 0.557061 0.091731 0.041369
0 0.501938 0.542083 0.068475 0.054208
0 0.478036 0.586305 0.072351 0.054208
0 0.428941 0.492867 0.067183 0.146933
0 0.381137 0.509986 0.046512 0.129815
0 0.343669 0.509986 0.064599 0.055635
0 0.392765 0.412981 0.051680 0.069900
0 0.330749 0.457917 0.103359 0.159772
0 0.308140 0.420827 0.102067 0.134094
0 0.259690 0.452924 0.090439 0.092725
0 0.328165 0.335949 0.080103 0.126961
0 0.240956 0.370899 0.099483 0.159772
0 0.209948 0.351641 0.083979 0.126961
0 0.155685 0.481455 0.052972 0.144080
0 0.194444 0.592011 0.086563 0.085592
0 0.339147 0.622682 0.094315 0.041369
0 0.381137 0.669757 0.056848 0.038516
0 0.463178 0.655492 0.086563 0.087019
0 0.432817 0.708987 0.036176 0.065621
0 0.640827 0.723966 0.095607 0.258203
0 0.604651 0.708274 0.067183 0.141227
0 0.479974 0.741797 0.112403 0.114123
0 0.475452 0.753210 0.056848 0.111270
0 0.517442 0.767475 0.145995 0.125535
0 0.571059 0.830243 0.175711 0.059914
0 0.474806 0.848074 0.130491 0.064194
0 0.490310 0.938659 0.151163 0.111270
0 0.385013 0.823823 0.074935 0.101284
0 0.361757 0.775321 0.051680 0.047076
0 0.333333 0.794579 0.059432 0.097004
0 0.283592 0.664051 0.107235 0.229672
0 0.248708 0.708274 0.164083 0.118402
0 0.216408 0.728245 0.042636 0.098431
0 0.187339 0.774608 0.131783 0.094151
0 0.321705 0.873752 0.155039 0.144080
0 0.377261 0.732525 0.054264 0.069900
0 0.408269 0.705421 0.031008 0.055635