0 0.538522 0.101372 0.209119 0.096037
0 0.455189 0.163872 0.136792 0.120427
0 0.324686 0.213415 0.083333 0.070122
0 0.675314 0.193598 0.092767 0.143293
0 0.438679 0.304116 0.094340 0.102134
0 0.429245 0.282774 0.113208 0.099085
0 0.491352 0.330793 0.095912 0.057927
0 0.558962 0.379573 0.089623 0.097561
0 0.595912 0.410061 0.094340 0.073171
0 0.812893 0.322409 0.050314 0.153963
0 0.895440 0.336890 0.073899 0.149390
0 0.761792 0.455030 0.121069 0.111280
0 0.782233 0.509909 0.102201 0.077744
0 0.714623 0.553354 0.042453 0.054878
0 0.672956 0.503049 0.053459 0.051829
0 0.650157 0.448933 0.045597 0.059451
0 0.355346 0.362805 0.084906 0.045732
0 0.408019 0.458841 0.152516 0.125000
0 0.470126 0.479421 0.122642 0.041159
0 0.379717 0.533537 0.130503 0.082317
0 0.242138 0.394817 0.037736 0.064024
0 0.184748 0.472561 0.070755 0.045732
0 0.256289 0.442835 0.150943 0.089939
0 0.261006 0.562500 0.147799 0.152439
0 0.154088 0.574695 0.091195 0.073171
0 0.121855 0.387957 0.108491 0.175305
0 0.436321 0.574695 0.051887 0.097561
0 0.477987 0.625000 0.062893 0.073171
0 0.523585 0.549543 0.075472 0.080793
0 0.586478 0.582317 0.066038 0.115854
0 0.628931 0.592988 0.062893 0.079268
0 0.694182 0.627287 0.124214 0.080793
0 0.720126 0.705793 0.050314 0.121951
0 0.672956 0.769055 0.059748 0.102134
0 0.507862 0.720274 0.138365 0.184451
0 0.426101 0.705030 0.088050 0.089939
0 0.406447 0.746189 0.058176 0.053354
0 0.355346 0.731707 0.040881 0.064024
0 0.326258 0.637195 0.051887 0.091463
0 0.269654 0.730945 0.045597 0.080793
0 0.186321 0.750762 0.064465 0.092988
0 0.276730 0.846799 0.056604 0.083841
0 0.341195 0.786585 0.066038 0.036585
0 0.378931 0.842988 0.122642 0.070122
0 0.173742 0.886433 0.146226 0.071646
0 0.192610 0.916921 0.067610 0.038110