0 0.164274 0.227225 0.092504 0.157068
0 0.200159 0.147120 0.090909 0.045026
0 0.184211 0.151832 0.039872 0.075393
0 0.241627 0.050262 0.078150 0.033508
0 0.366029 0.095812 0.046252 0.040838
0 0.264753 0.110995 0.153110 0.085864
0 0.267943 0.194764 0.038278 0.102618
0 0.312600 0.181152 0.035088 0.060733
0 0.435407 0.204712 0.095694 0.057592
0 0.405901 0.247120 0.100478 0.129843
0 0.362041 0.281675 0.102073 0.098429
0 0.275120 0.298953 0.071770 0.141361
0 0.377193 0.299476 0.228070 0.050262
0 0.314195 0.407853 0.079745 0.139267
0 0.393142 0.484817 0.059011 0.104712
0 0.259968 0.561257 0.041467 0.121466
0 0.195375 0.600524 0.049442 0.074346
0 0.160287 0.692670 0.110048 0.095288
0 0.249601 0.742932 0.036683 0.057592
0 0.299043 0.639791 0.046252 0.213613
0 0.364434 0.844503 0.100478 0.091099
0 0.346093 0.939791 0.054226 0.063874
0 0.264753 0.564921 0.239234 0.076440
0 0.432217 0.502094 0.251994 0.030366
0 0.522329 0.563351 0.094099 0.209424
0 0.419458 0.703665 0.089314 0.127749
0 0.526316 0.722513 0.047847 0.085864
0 0.660287 0.572775 0.076555 0.054450
0 0.692982 0.585864 0.148325 0.078534
0 0.781499 0.700000 0.073365 0.074346
0 0.648325 0.693194 0.177033 0.052356
0 0.790271 0.574346 0.110048 0.059686
0 0.761563 0.572251 0.138756 0.082723
0 0.850080 0.443979 0.236045 0.173822
0 0.866029 0.339267 0.041467 0.048168
0 0.813397 0.340314 0.159490 0.201047
0 0.753589 0.356545 0.138756 0.093194
0 0.708134 0.318325 0.060606 0.108901
0 0.734450 0.225654 0.157895 0.128796
0 0.624402 0.186911 0.039872 0.055497
0 0.655502 0.245550 0.060606 0.024084
0 0.521531 0.207330 0.105263 0.092147
0 0.535885 0.305759 0.098884 0.096335
0 0.488836 0.372251 0.065391 0.074346
0 0.437799 0.092670 0.106858 0.051309
0 0.523126 0.114660 0.047847 0.053403