0 0.079815 0.107203 0.077836 0.170854
0 0.422164 0.131491 0.071240 0.112228
0 0.468338 0.202680 0.126649 0.043551
0 0.493404 0.271357 0.113456 0.107203
0 0.620053 0.263819 0.108179 0.072027
0 0.737467 0.260469 0.089710 0.075377
0 0.786939 0.211055 0.135884 0.090452
0 0.837071 0.289782 0.122691 0.056951
0 0.758575 0.368509 0.208443 0.073702
0 0.808047 0.371022 0.154354 0.122278
0 0.759894 0.457286 0.060686 0.050251
0 0.681398 0.432998 0.080475 0.058626
0 0.676781 0.489950 0.084433 0.051926
0 0.557388 0.391122 0.088391 0.149079
0 0.503298 0.425461 0.032982 0.067002
0 0.455805 0.304020 0.038259 0.082077
0 0.440633 0.350084 0.058047 0.147404
0 0.401715 0.384422 0.046174 0.172529
0 0.213720 0.561977 0.071240 0.199330
0 0.333773 0.473199 0.076517 0.189280
0 0.385884 0.500838 0.072559 0.067002
0 0.485488 0.626466 0.079156 0.070352
0 0.524406 0.628978 0.122691 0.152429
0 0.537599 0.577889 0.056728 0.067002
0 0.434697 0.730318 0.051451 0.070352
0 0.570580 0.548576 0.075198 0.135678
0 0.678760 0.601340 0.075198 0.077052
0 0.655673 0.776382 0.073879 0.098827
0 0.724934 0.773032 0.096306 0.112228
0 0.750660 0.737856 0.058047 0.041876
0 0.765172 0.703518 0.118734 0.154104
0 0.803430 0.629816 0.087071 0.070352
0 0.778364 0.529313 0.087071 0.107203
0 0.534301 0.737856 0.065963 0.139028
0 0.505277 0.774707 0.044855 0.072027
0 0.388522 0.779732 0.040897 0.098827
0 0.360158 0.843384 0.052770 0.102178
0 0.292216 0.875209 0.085752 0.118928
0 0.277704 0.787270 0.143799 0.090452
0 0.695910 0.902848 0.091029 0.046901
0 0.779683 0.855946 0.094987 0.073702
0 0.885224 0.677554 0.121372 0.051926
0 0.898417 0.710218 0.168865 0.234506
0 0.905673 0.552764 0.133245 0.221106
0 0.647098 0.698492 0.056728 0.093802
0 0.645778 0.777219 0.038259 0.077052