0 0.075859 0.834633 0.100191 0.030067
0 0.126908 0.805679 0.167939 0.085746
0 0.079676 0.719376 0.056298 0.109131
0 0.082061 0.733853 0.059160 0.057906
0 0.135496 0.493318 0.089695 0.031180
0 0.101622 0.528396 0.035305 0.027840
0 0.168893 0.562361 0.091603 0.046771
0 0.269561 0.540646 0.041031 0.101336
0 0.524332 0.043987 0.046756 0.059020
0 0.457538 0.082962 0.102099 0.054566
0 0.485687 0.868040 0.038168 0.096882
0 0.612118 0.944321 0.050573 0.071269
0 0.630725 0.812918 0.030534 0.055679
0 0.679389 0.634187 0.040076 0.099109
0 0.550095 0.500000 0.039122 0.095768
0 0.618798 0.502227 0.119275 0.035635
0 0.830630 0.690980 0.039122 0.072383
0 0.830630 0.615256 0.079198 0.065702
0 0.875000 0.605791 0.040076 0.028953
0 0.833969 0.562918 0.070611 0.036748
0 0.934637 0.542316 0.111641 0.064588
0 0.944179 0.563474 0.046756 0.040089
0 0.843511 0.206570 0.055344 0.043430
0 0.576336 0.296214 0.055344 0.057906
0 0.611641 0.329621 0.104962 0.075724
0 0.633588 0.351893 0.024809 0.053452
0 0.472328 0.248330 0.047710 0.037862
0 0.456107 0.321269 0.051527 0.121381
0 0.352099 0.259465 0.057252 0.060134
0 0.322519 0.422606 0.049618 0.141425
0 0.319179 0.729399 0.077290 0.035635
0 0.350191 0.680401 0.047710 0.048998
0 0.340172 0.591314 0.088740 0.037862
0 0.337786 0.614699 0.040076 0.033408
0 0.362595 0.636971 0.038168 0.042316
0 0.410305 0.571269 0.032443 0.082405
0 0.434637 0.684855 0.104008 0.069042
0 0.417462 0.662027 0.044847 0.161470
0 0.441317 0.697105 0.042939 0.153675
0 0.481393 0.617483 0.125000 0.125835
0 0.492844 0.634187 0.062023 0.159243
0 0.570611 0.621938 0.112595 0.052339
0 0.526718 0.547884 0.143130 0.097996
0 0.415076 0.446548 0.034351 0.077951
0 0.428435 0.488864 0.043893 0.051225
0 0.466603 0.442650 0.028626 0.105791