0 0.103723 0.607345 0.072695 0.223164
0 0.226950 0.617232 0.195035 0.115819
0 0.209220 0.581921 0.081560 0.158192
0 0.233156 0.521186 0.175532 0.101695
0 0.288121 0.601695 0.076241 0.056497
0 0.387411 0.080508 0.079787 0.115819
0 0.294326 0.235876 0.088652 0.036723
0 0.224291 0.310734 0.154255 0.048023
0 0.210106 0.428672 0.040780 0.043785
0 0.281915 0.426554 0.078014 0.169492
0 0.347518 0.401836 0.067376 0.120056
0 0.462766 0.485169 0.109929 0.097458
0 0.486702 0.488701 0.147163 0.036723
0 0.572695 0.500000 0.039007 0.050847
0 0.478723 0.382062 0.163121 0.108757
0 0.489362 0.425847 0.060284 0.060734
0 0.490248 0.275424 0.111702 0.107345
0 0.591312 0.325565 0.054965 0.088983
0 0.554965 0.437147 0.046099 0.040960
0 0.597518 0.413842 0.117021 0.084746
0 0.678191 0.421610 0.122340 0.083333
0 0.673759 0.256356 0.053191 0.074859
0 0.755319 0.313559 0.177305 0.093220
0 0.740248 0.314972 0.097518 0.146893
0 0.792553 0.416667 0.067376 0.039548
0 0.838652 0.456921 0.180851 0.040960
0 0.800532 0.509181 0.101064 0.046610
0 0.713652 0.533898 0.047872 0.090395
0 0.748227 0.570621 0.042553 0.062147
0 0.651596 0.562853 0.086879 0.111582
0 0.862589 0.572034 0.079787 0.101695
0 0.816489 0.655367 0.125887 0.067797
0 0.568262 0.590395 0.118794 0.059322
0 0.518617 0.632062 0.125887 0.032486
0 0.572695 0.663842 0.092199 0.138418
0 0.559397 0.749294 0.111702 0.057910
0 0.560284 0.783192 0.078014 0.091808
0 0.421986 0.865819 0.191489 0.183616
0 0.554078 0.872175 0.065603 0.060734
0 0.652482 0.807910 0.141844 0.121469
0 0.635638 0.786723 0.058511 0.081921
0 0.658688 0.706215 0.083333 0.033898
0 0.703901 0.771893 0.173759 0.105932
0 0.801418 0.710452 0.187943 0.056497
0 0.866135 0.895480 0.129433 0.053672
0 0.983156 0.800141 0.037234 0.043785