0 0.126841 0.304751 0.158756 0.088065
0 0.229133 0.205678 0.150573 0.047509
0 0.239771 0.177289 0.178396 0.187717
0 0.298691 0.227694 0.168576 0.140209
0 0.423077 0.224218 0.057283 0.225956
0 0.490180 0.325029 0.070376 0.031286
0 0.500000 0.168019 0.099836 0.044032
0 0.479542 0.140209 0.101473 0.141367
0 0.630115 0.070104 0.189853 0.054461
0 0.735679 0.209733 0.155483 0.057937
0 0.763502 0.249710 0.057283 0.126304
0 0.637480 0.215527 0.181669 0.129780
0 0.698036 0.349942 0.132570 0.088065
0 0.496727 0.369061 0.080196 0.038239
0 0.585925 0.439745 0.058920 0.100811
0 0.511457 0.410197 0.073650 0.030127
0 0.542553 0.548667 0.129296 0.040556
0 0.358429 0.349942 0.121113 0.030127
0 0.409165 0.386443 0.049100 0.047509
0 0.366612 0.430475 0.108020 0.035921
0 0.356792 0.431634 0.052373 0.077636
0 0.294599 0.532445 0.117840 0.070684
0 0.221768 0.559096 0.116203 0.103129
0 0.206219 0.665701 0.039280 0.063731
0 0.221768 0.714948 0.139116 0.083430
0 0.233224 0.638470 0.145663 0.166860
0 0.379705 0.758401 0.104746 0.082271
0 0.300327 0.803592 0.132570 0.084589
0 0.405892 0.647161 0.108020 0.045191
0 0.461538 0.744496 0.032733 0.068366
0 0.407529 0.560255 0.117840 0.061414
0 0.410802 0.558517 0.055646 0.129780
0 0.557283 0.681344 0.060556 0.143685
0 0.513912 0.578795 0.081833 0.165701
0 0.509002 0.668019 0.229133 0.093859
0 0.628478 0.891078 0.072013 0.152955
0 0.524550 0.922364 0.129296 0.083430
0 0.720949 0.650637 0.093290 0.024334
0 0.831424 0.725377 0.055646 0.050985
0 0.731588 0.813441 0.042553 0.090382
0 0.644845 0.738123 0.062193 0.118192
0 0.852700 0.774623 0.140753 0.093859
0 0.869885 0.567787 0.135843 0.097335
0 0.777414 0.589803 0.180033 0.185400
0 0.930442 0.436269 0.119476 0.140209
0 0.659574 0.604867 0.052373 0.125145