0 0.393756 0.791729 0.084592 0.064662
0 0.284995 0.760150 0.070493 0.091729
0 0.459718 0.981955 0.039275 0.039098
0 0.042296 0.530827 0.068479 0.036090
0 0.113797 0.493233 0.046324 0.099248
0 0.181772 0.451128 0.057402 0.111278
0 0.196375 0.621053 0.042296 0.066165
0 0.231118 0.529323 0.035247 0.195489
0 0.274421 0.476692 0.071501 0.039098
0 0.289023 0.582707 0.092649 0.118797
0 0.311178 0.448872 0.030211 0.043609
0 0.379658 0.421805 0.060423 0.076692
0 0.394763 0.624060 0.030211 0.057143
0 0.434038 0.646617 0.056395 0.099248
0 0.434542 0.648872 0.043303 0.127820
0 0.490937 0.669925 0.069486 0.169925
0 0.540785 0.740602 0.078550 0.103759
0 0.562437 0.539850 0.047331 0.045113
0 0.597684 0.589474 0.039275 0.033083
0 0.636455 0.604511 0.028197 0.051128
0 0.638469 0.506015 0.054381 0.052632
0 0.651561 0.668421 0.064451 0.055639
0 0.690836 0.584211 0.076536 0.082707
0 0.720040 0.619549 0.066465 0.147368
0 0.756798 0.630827 0.025176 0.070677
0 0.810675 0.691729 0.070493 0.096241
0 0.889728 0.739850 0.099698 0.114286
0 0.920947 0.737594 0.109768 0.070677
0 0.912890 0.643609 0.063444 0.111278
0 0.816717 0.521053 0.080564 0.130827
0 0.886707 0.524812 0.083585 0.054135
0 0.818228 0.324812 0.047331 0.069173
0 0.834340 0.374436 0.063444 0.039098
0 0.792548 0.373684 0.092649 0.091729
0 0.776939 0.362406 0.033233 0.183459
0 0.805136 0.445113 0.037261 0.054135
0 0.650050 0.419549 0.027190 0.051128
0 0.681772 0.369925 0.040282 0.138346
0 0.707452 0.354887 0.037261 0.063158
0 0.648540 0.260902 0.056395 0.037594
0 0.645015 0.287970 0.025176 0.178947
0 0.728097 0.329323 0.046324 0.228571
0 0.798590 0.227068 0.090634 0.069173
0 0.668177 0.323308 0.033233 0.081203
0 0.223061 0.162406 0.029204 0.165414
0 0.423968 0.210526 0.132931 0.060150