0 0.208333 0.218297 0.090741 0.099638
0 0.306481 0.148551 0.190741 0.043478
0 0.354630 0.205616 0.146296 0.038043
0 0.371296 0.251812 0.120370 0.032609
0 0.444444 0.250000 0.051852 0.068841
0 0.454630 0.129529 0.168519 0.081522
0 0.448148 0.302536 0.074074 0.083333
0 0.543519 0.253623 0.116667 0.076087
0 0.504630 0.405797 0.150000 0.079710
0 0.539815 0.358696 0.079630 0.192029
0 0.287037 0.344203 0.203704 0.057971
0 0.300926 0.345109 0.075926 0.106884
0 0.203704 0.493659 0.122222 0.273551
0 0.283333 0.572464 0.066667 0.039855
0 0.204630 0.491848 0.212963 0.059783
0 0.150926 0.629529 0.046296 0.204710
0 0.177778 0.657609 0.162963 0.050725
0 0.254630 0.774457 0.105556 0.077899
0 0.352778 0.590580 0.064815 0.072464
0 0.323148 0.687500 0.283333 0.106884
0 0.376852 0.615942 0.112963 0.192029
0 0.328704 0.443841 0.094444 0.039855
0 0.534259 0.602355 0.112963 0.190217
0 0.554630 0.654891 0.131481 0.063406
0 0.538889 0.543478 0.066667 0.126812
0 0.577778 0.482790 0.044444 0.048913
0 0.637963 0.403986 0.042593 0.094203
0 0.650000 0.364130 0.077778 0.101449
0 0.730556 0.313406 0.042593 0.184783
0 0.634259 0.539855 0.105556 0.094203
0 0.760185 0.500000 0.083333 0.123188
0 0.691667 0.586051 0.042593 0.074275
0 0.780556 0.605978 0.157407 0.048913
0 0.829630 0.682971 0.255556 0.123188
0 0.877778 0.729167 0.085185 0.063406
0 0.784259 0.779891 0.053704 0.117754
0 0.801852 0.856884 0.144444 0.137681
0 0.701852 0.845109 0.055556 0.106884
0 0.413889 0.770833 0.157407 0.092391
0 0.612037 0.769022 0.072222 0.074275
0 0.587963 0.798007 0.205556 0.070652
0 0.596296 0.838768 0.111111 0.231884
0 0.373148 0.915761 0.190741 0.139493
0 0.443519 0.878623 0.164815 0.126812
0 0.484259 0.912138 0.131481 0.059783
0 0.867593 0.855978 0.053704 0.085145