0 0.313620 0.098746 0.186380 0.068966
0 0.527778 0.084639 0.231183 0.103448
0 0.564516 0.190439 0.268817 0.161442
0 0.544803 0.196708 0.103943 0.133229
0 0.372760 0.202194 0.232975 0.072100
0 0.363799 0.202978 0.068100 0.186520
0 0.383513 0.315831 0.082437 0.051724
0 0.297491 0.371473 0.136201 0.059561
0 0.275986 0.365987 0.060932 0.083072
0 0.192652 0.319749 0.069892 0.166144
0 0.107527 0.327586 0.096774 0.122257
0 0.197133 0.471003 0.150538 0.224138
0 0.142473 0.495298 0.094982 0.103448
0 0.182796 0.630878 0.161290 0.123824
0 0.340502 0.617555 0.118280 0.175549
0 0.362903 0.638715 0.041219 0.086207
0 0.408602 0.762539 0.132616 0.145768
0 0.364695 0.742947 0.238351 0.053292
0 0.491935 0.742163 0.148746 0.173981
0 0.474910 0.852665 0.193548 0.065831
0 0.370968 0.884013 0.114695 0.056426
0 0.542115 0.930251 0.062724 0.092476
0 0.615591 0.938871 0.098566 0.075235
0 0.727599 0.835423 0.175627 0.072100
0 0.887097 0.813480 0.136201 0.153605
0 0.776882 0.733542 0.051971 0.068966
0 0.686380 0.780564 0.129032 0.050157
0 0.673835 0.729624 0.154122 0.083072
0 0.557348 0.665361 0.143369 0.079937
0 0.547491 0.640282 0.044803 0.064263
0 0.675627 0.575235 0.035842 0.106583
0 0.756272 0.601881 0.111111 0.084639
0 0.752688 0.670846 0.129032 0.068966
0 0.884409 0.665361 0.120072 0.126959
0 0.851254 0.518025 0.125448 0.086207
0 0.655018 0.513323 0.224014 0.054859
0 0.593190 0.554859 0.075269 0.053292
0 0.544803 0.494514 0.075269 0.054859
0 0.417563 0.482759 0.125448 0.097179
0 0.477599 0.457680 0.109319 0.072100
0 0.495520 0.411442 0.091398 0.073668
0 0.548387 0.383229 0.100358 0.092476
0 0.689964 0.415361 0.086022 0.056426
0 0.715054 0.354232 0.197133 0.100313
0 0.660394 0.270376 0.227599 0.120690
0 0.714158 0.856583 0.066308 0.026646