0 0.959604 0.911081 0.064024 0.093023
0 0.040015 0.223666 0.064787 0.031464
0 0.858232 0.493844 0.077744 0.057456
0 0.782774 0.417921 0.070122 0.140903
0 0.743521 0.430233 0.083079 0.086183
0 0.808308 0.386457 0.026677 0.058824
0 0.830030 0.370725 0.060976 0.071135
0 0.694360 0.151847 0.059451 0.084815
0 0.707317 0.236662 0.105183 0.098495
0 0.661966 0.552668 0.090701 0.082079
0 0.619665 0.638167 0.021341 0.045144
0 0.600229 0.679891 0.023628 0.071135
0 0.499619 0.801642 0.023628 0.166895
0 0.544207 0.836525 0.024390 0.143639
0 0.576220 0.761970 0.018293 0.093023
0 0.262957 0.832421 0.039634 0.146375
0 0.416159 0.793434 0.062500 0.112175
0 0.173018 0.653215 0.035061 0.061560
0 0.190930 0.579343 0.032774 0.039672
0 0.217226 0.567031 0.044207 0.067031
0 0.286966 0.590287 0.032774 0.129959
0 0.339177 0.681259 0.016768 0.131327
0 0.346418 0.562244 0.084604 0.120383
0 0.364710 0.580711 0.034299 0.083447
0 0.365473 0.523256 0.035823 0.116279
0 0.389101 0.660739 0.052591 0.095759
0 0.404726 0.617647 0.033537 0.072503
0 0.417683 0.641587 0.033537 0.054720
0 0.517530 0.653215 0.028963 0.025992
0 0.557165 0.631327 0.057927 0.094391
0 0.299543 0.085499 0.047256 0.099863
0 0.332698 0.136115 0.034299 0.053352
0 0.282012 0.247606 0.024390 0.153215
0 0.309451 0.196306 0.032012 0.034200
0 0.298399 0.381669 0.108994 0.120383
0 0.313643 0.349521 0.023628 0.086183
0 0.355183 0.259234 0.021341 0.108071
0 0.479040 0.281122 0.073933 0.058824
0 0.496570 0.307798 0.034299 0.093023
0 0.436738 0.337209 0.038110 0.034200
0 0.421875 0.455540 0.020579 0.090287
0 0.458460 0.439124 0.035823 0.109439
0 0.519055 0.461696 0.077744 0.116279
0 0.538110 0.391929 0.041159 0.028728
0 0.565930 0.255814 0.072409 0.071135
0 0.249619 0.486320 0.041921 0.042408