0 0.383740 0.207840 0.133333 0.146450
0 0.637398 0.131657 0.139837 0.085799
0 0.300000 0.337278 0.157724 0.162722
0 0.407317 0.620562 0.190244 0.149408
0 0.378862 0.297337 0.175610 0.068047
0 0.879675 0.534024 0.078049 0.171598
0 0.721138 0.741124 0.050407 0.150888
0 0.606504 0.194527 0.120325 0.134615
0 0.278862 0.758876 0.047154 0.153846
0 0.373171 0.175296 0.073171 0.075444
0 0.370732 0.227811 0.068293 0.041420
0 0.467480 0.144970 0.092683 0.097633
0 0.506504 0.118343 0.043902 0.103550
0 0.521138 0.224852 0.076423 0.071006
0 0.434146 0.384615 0.097561 0.091716
0 0.232520 0.407544 0.120325 0.060651
0 0.526829 0.517751 0.055285 0.047337
0 0.082927 0.588018 0.065041 0.122781
0 0.194309 0.546598 0.073171 0.119822
0 0.266667 0.492604 0.061789 0.088757
0 0.386992 0.544379 0.110569 0.079882
0 0.427642 0.491124 0.058537 0.112426
0 0.373171 0.667160 0.047154 0.041420
0 0.458537 0.599852 0.065041 0.054734
0 0.520325 0.636095 0.078049 0.047337
0 0.360976 0.754438 0.130081 0.094675
0 0.209756 0.815828 0.081301 0.122781
0 0.273171 0.925296 0.100813 0.060651
0 0.327642 0.847633 0.047154 0.088757
0 0.352033 0.801775 0.056911 0.076923
0 0.539024 0.852811 0.069919 0.045858
0 0.621951 0.841716 0.105691 0.056213
0 0.552033 0.803994 0.047154 0.081361
0 0.732520 0.838018 0.037398 0.078402
0 0.766667 0.783284 0.040650 0.066568
0 0.786179 0.863905 0.092683 0.091716
0 0.615447 0.653846 0.069919 0.029586
0 0.646341 0.620562 0.060163 0.036982
0 0.647967 0.552515 0.079675 0.113905
0 0.700813 0.584320 0.052033 0.056213
0 0.704065 0.482988 0.055285 0.066568
0 0.785366 0.689349 0.104065 0.065089
0 0.644715 0.406065 0.066667 0.105030
0 0.800000 0.375740 0.175610 0.041420
0 0.791870 0.420118 0.123577 0.032544
0 0.722764 0.204142 0.092683 0.124260