0 0.075390 0.394118 0.081456 0.169748
0 0.188042 0.439496 0.095321 0.092437
0 0.352686 0.259664 0.077990 0.075630
0 0.383016 0.426050 0.072790 0.042017
0 0.244367 0.504202 0.239168 0.047059
0 0.299827 0.549580 0.103986 0.238655
0 0.351820 0.629412 0.145581 0.142857
0 0.363085 0.704202 0.071057 0.040336
0 0.160312 0.616807 0.140381 0.043697
0 0.202773 0.702521 0.124783 0.087395
0 0.208839 0.746218 0.116118 0.114286
0 0.494801 0.610924 0.161179 0.189916
0 0.576256 0.591597 0.074523 0.073950
0 0.551993 0.719328 0.192374 0.043697
0 0.458406 0.792437 0.105719 0.035294
0 0.359619 0.796639 0.077990 0.094118
0 0.511265 0.836134 0.107452 0.105882
0 0.830156 0.676471 0.058925 0.048739
0 0.858752 0.647059 0.046794 0.053782
0 0.768631 0.717647 0.147314 0.137815
0 0.642114 0.833613 0.209705 0.073950
0 0.648180 0.892437 0.180243 0.077311
0 0.656846 0.921849 0.062392 0.052101
0 0.779029 0.874790 0.081456 0.085714
0 0.892548 0.427731 0.048527 0.072269
0 0.948007 0.509244 0.058925 0.124370
0 0.888215 0.521008 0.050260 0.087395
0 0.853553 0.512605 0.064125 0.164706
0 0.751300 0.461345 0.112652 0.045378
0 0.722704 0.591597 0.117851 0.043697
0 0.635182 0.505882 0.043328 0.137815
0 0.668111 0.507563 0.129983 0.077311
0 0.661179 0.440336 0.081456 0.117647
0 0.777296 0.273109 0.123050 0.105882
0 0.798094 0.298319 0.060659 0.048739
0 0.714038 0.252101 0.055459 0.077311
0 0.694974 0.338655 0.072790 0.193277
0 0.610919 0.290756 0.084922 0.073950
0 0.603986 0.253782 0.077990 0.070588
0 0.526863 0.342017 0.062392 0.136134
0 0.620451 0.094118 0.076256 0.053782
0 0.591854 0.170588 0.071057 0.102521
0 0.514731 0.186555 0.038128 0.178151
0 0.402080 0.383193 0.176776 0.104202
0 0.474870 0.281513 0.190641 0.163025
0 0.463605 0.101681 0.129983 0.129412