0 0.078045 0.266667 0.077187 0.043243
0 0.279588 0.155856 0.205832 0.070270
0 0.280446 0.220721 0.162950 0.052252
0 0.310463 0.306306 0.068611 0.072072
0 0.202401 0.323423 0.116638 0.066667
0 0.153516 0.347748 0.204117 0.144144
0 0.309605 0.408108 0.077187 0.106306
0 0.214408 0.454955 0.161235 0.196396
0 0.377358 0.565766 0.198971 0.169369
0 0.350772 0.640541 0.128645 0.088288
0 0.368782 0.443243 0.044597 0.169369
0 0.424528 0.498198 0.039451 0.131532
0 0.421098 0.395495 0.114923 0.160360
0 0.450257 0.207207 0.087479 0.072072
0 0.444254 0.282883 0.065180 0.093694
0 0.529160 0.296396 0.063465 0.203604
0 0.614923 0.237838 0.135506 0.118919
0 0.660377 0.314414 0.048027 0.063063
0 0.552316 0.479279 0.044597 0.115315
0 0.495712 0.463063 0.054889 0.176577
0 0.631218 0.443243 0.116638 0.230631
0 0.636364 0.471171 0.089194 0.156757
0 0.602916 0.568468 0.066895 0.037838
0 0.572899 0.616216 0.168096 0.122523
0 0.609777 0.611712 0.060034 0.041441
0 0.612350 0.698198 0.216123 0.084685
0 0.748714 0.690991 0.087479 0.052252
0 0.704974 0.583784 0.109777 0.061261
0 0.686964 0.756757 0.166381 0.043243
0 0.737564 0.845045 0.051458 0.126126
0 0.621784 0.836937 0.145798 0.109910
0 0.825901 0.745946 0.049743 0.230631
0 0.872213 0.857658 0.159520 0.237838
0 0.813894 0.468468 0.053173 0.057658
0 0.848199 0.635135 0.190395 0.120721
0 0.728130 0.580180 0.169811 0.255856
0 0.912521 0.475676 0.096055 0.086486
0 0.903087 0.387387 0.039451 0.093694
0 0.727273 0.476577 0.075472 0.113514
0 0.727273 0.469369 0.096055 0.138739
0 0.758148 0.369369 0.147513 0.093694
0 0.734134 0.226126 0.096055 0.225225
0 0.803602 0.275676 0.049743 0.122523
0 0.852487 0.255856 0.068611 0.176577
0 0.568611 0.153153 0.073756 0.086486
0 0.606346 0.096396 0.097770 0.109910