0 0.120451 0.832731 0.098787 0.240506
0 0.343154 0.927667 0.128250 0.148282
0 0.257366 0.812839 0.053726 0.113924
0 0.326690 0.756781 0.067591 0.034358
0 0.244367 0.726944 0.159445 0.061483
0 0.390815 0.649186 0.095321 0.032550
0 0.253899 0.545208 0.123050 0.092224
0 0.247834 0.613020 0.162912 0.112116
0 0.285962 0.640145 0.187175 0.094033
0 0.300693 0.622061 0.095321 0.148282
0 0.393414 0.660036 0.086655 0.278481
0 0.352686 0.519892 0.112652 0.095841
0 0.412478 0.756781 0.100520 0.088608
0 0.177643 0.478300 0.060659 0.157324
0 0.305026 0.426763 0.124783 0.133816
0 0.341421 0.457505 0.117851 0.043400
0 0.222704 0.213382 0.247834 0.068716
0 0.209705 0.263110 0.034662 0.070524
0 0.269497 0.270344 0.105719 0.153707
0 0.410745 0.373418 0.103986 0.077758
0 0.449740 0.348101 0.109185 0.113924
0 0.478336 0.231465 0.079723 0.177215
0 0.547660 0.310127 0.058925 0.045208
0 0.603120 0.184448 0.246101 0.242315
0 0.597920 0.239602 0.142114 0.110307
0 0.672444 0.316456 0.166378 0.065099
0 0.671577 0.301989 0.039861 0.188065
0 0.727903 0.384268 0.090121 0.045208
0 0.612652 0.390597 0.195841 0.151899
0 0.556326 0.500000 0.166378 0.063291
0 0.536395 0.457505 0.060659 0.054250
0 0.834489 0.560579 0.206239 0.137432
0 0.508666 0.635624 0.129983 0.124774
0 0.485269 0.694394 0.090121 0.191682
0 0.524263 0.784810 0.136915 0.173599
0 0.539861 0.871609 0.067591 0.122966
0 0.586655 0.830018 0.060659 0.112116
0 0.628250 0.789331 0.053726 0.099458
0 0.589255 0.624774 0.090121 0.056058
0 0.619584 0.673599 0.171577 0.048825
0 0.711438 0.632007 0.074523 0.059675
0 0.710572 0.914105 0.076256 0.070524
0 0.788562 0.841772 0.197574 0.063291
0 0.787695 0.759494 0.088388 0.036166
0 0.753033 0.805606 0.150780 0.168174
0 0.885615 0.744123 0.169844 0.121157