0 0.299788 0.037260 0.122881 0.050481
0 0.225636 0.085938 0.084746 0.042067
0 0.047669 0.191106 0.048729 0.045673
0 0.315148 0.100361 0.054025 0.034856
0 0.322034 0.128606 0.084746 0.031250
0 0.253708 0.130409 0.079449 0.061298
0 0.305614 0.146635 0.030720 0.048077
0 0.332627 0.185096 0.055085 0.043269
0 0.336864 0.233173 0.033898 0.038462
0 0.283898 0.225962 0.091102 0.079327
0 0.261653 0.206130 0.042373 0.085337
0 0.229873 0.228966 0.027542 0.054087
0 0.381886 0.280649 0.085805 0.058894
0 0.311970 0.270433 0.051907 0.031250
0 0.769068 0.158654 0.044492 0.139423
0 0.769597 0.236779 0.098517 0.038462
0 0.729873 0.425481 0.048729 0.156250
0 0.626059 0.360577 0.055085 0.110577
0 0.603814 0.337139 0.061441 0.068510
0 0.491525 0.290264 0.063559 0.044471
0 0.531780 0.335938 0.059322 0.027644
0 0.533369 0.351562 0.094280 0.030048
0 0.514831 0.394832 0.118644 0.114183
0 0.506886 0.424880 0.047669 0.087740
0 0.395127 0.325120 0.046610 0.037260
0 0.371292 0.350962 0.087924 0.052885
0 0.363347 0.374399 0.074153 0.039663
0 0.393008 0.471154 0.154661 0.045673
0 0.319386 0.500601 0.079449 0.044471
0 0.266949 0.450120 0.065678 0.157452
0 0.070445 0.452524 0.085805 0.090144
0 0.186970 0.452524 0.077331 0.032452
0 0.167903 0.507812 0.064619 0.034856
0 0.137712 0.596755 0.061441 0.097356
0 0.212924 0.562500 0.048729 0.031250
0 0.147775 0.626803 0.039195 0.027644
0 0.140360 0.724760 0.041314 0.084135
0 0.887712 0.158654 0.046610 0.127404
0 0.897775 0.417067 0.092161 0.098558
0 0.911017 0.556490 0.078390 0.045673
0 0.965572 0.725962 0.045551 0.105769
0 0.844809 0.865385 0.081568 0.067308
0 0.840042 0.855769 0.082627 0.173077
0 0.237818 0.871394 0.060381 0.091346
0 0.405720 0.950721 0.065678 0.086538
0 0.923199 0.886418 0.037076 0.034856