0 0.223938 0.081686 0.216216 0.109261
0 0.281853 0.171176 0.054054 0.075963
0 0.217181 0.189386 0.067568 0.112383
0 0.193050 0.253902 0.084942 0.112383
0 0.268340 0.263267 0.042471 0.058273
0 0.318533 0.234131 0.057915 0.097815
0 0.305985 0.329344 0.044402 0.042664
0 0.361004 0.316337 0.077220 0.141519
0 0.222973 0.361602 0.102317 0.032258
0 0.187259 0.410510 0.208494 0.061394
0 0.344595 0.447451 0.079151 0.039542
0 0.289575 0.493236 0.096525 0.022893
0 0.417954 0.465661 0.113900 0.034339
0 0.443050 0.510406 0.148649 0.044745
0 0.312741 0.518730 0.096525 0.023933
0 0.434363 0.556191 0.281853 0.040583
0 0.364865 0.585848 0.054054 0.058273
0 0.485521 0.636837 0.067568 0.024974
0 0.441120 0.648283 0.222008 0.133195
0 0.496139 0.713840 0.123552 0.104058
0 0.578185 0.703954 0.071429 0.075963
0 0.573359 0.765869 0.146718 0.108221
0 0.630309 0.830905 0.040541 0.127992
0 0.418919 0.963580 0.250965 0.074922
0 0.438224 0.932882 0.115830 0.048907
0 0.789575 0.375130 0.142857 0.059313
0 0.701737 0.463059 0.094595 0.062435
0 0.770270 0.467222 0.169884 0.091571
0 0.651544 0.421436 0.121622 0.133195
0 0.747104 0.391259 0.328185 0.066597
0 0.910232 0.300728 0.067568 0.039542
0 0.874517 0.244537 0.057915 0.072841
0 0.809846 0.306972 0.055985 0.079084
0 0.618726 0.204995 0.133205 0.112383
0 0.719112 0.281998 0.183398 0.093652
0 0.721042 0.274194 0.140927 0.088450
0 0.627413 0.216441 0.200772 0.029136
0 0.600386 0.285640 0.065637 0.048907
0 0.553089 0.326743 0.083012 0.074922
0 0.446911 0.180021 0.102317 0.068678
0 0.452703 0.290843 0.098456 0.057232
0 0.466216 0.330385 0.183398 0.040583
0 0.481660 0.359521 0.167954 0.142560
0 0.389961 0.430801 0.212355 0.033299
0 0.565637 0.483351 0.081081 0.100937
0 0.472973 0.685744 0.177606 0.074922