0 0.039231 0.925568 0.058462 0.094318
0 0.113077 0.813068 0.104615 0.105682
0 0.217692 0.899432 0.055385 0.048864
0 0.260385 0.929545 0.039231 0.045455
0 0.863077 0.077841 0.040000 0.107955
0 0.899231 0.185795 0.032308 0.044318
0 0.966538 0.122727 0.059231 0.029545
0 0.848846 0.156250 0.043846 0.082955
0 0.796538 0.213068 0.077692 0.037500
0 0.856538 0.286364 0.054615 0.100000
0 0.812692 0.277841 0.033077 0.030682
0 0.739615 0.238636 0.036154 0.038636
0 0.648077 0.319318 0.034615 0.086364
0 0.590000 0.259091 0.049231 0.043182
0 0.590385 0.303409 0.048462 0.063636
0 0.599231 0.357386 0.018462 0.048864
0 0.572308 0.363636 0.023077 0.063636
0 0.538077 0.344318 0.039231 0.034091
0 0.539231 0.296023 0.033846 0.051136
0 0.561538 0.466477 0.033846 0.035227
0 0.681923 0.432955 0.053077 0.075000
0 0.712692 0.530682 0.056154 0.125000
0 0.690385 0.523864 0.019231 0.045455
0 0.933077 0.453409 0.027692 0.088636
0 0.878462 0.477273 0.103077 0.054545
0 0.859231 0.601705 0.078462 0.148864
0 0.811923 0.639205 0.057692 0.053409
0 0.898462 0.553977 0.081538 0.044318
0 0.320000 0.262500 0.060000 0.109091
0 0.278846 0.271023 0.054615 0.046591
0 0.271923 0.290909 0.033077 0.090909
0 0.238077 0.309091 0.030000 0.059091
0 0.248846 0.358523 0.048462 0.035227
0 0.206538 0.379545 0.042308 0.040909
0 0.181154 0.322727 0.082308 0.061364
0 0.188462 0.605114 0.058462 0.105682
0 0.136538 0.536364 0.040769 0.063636
0 0.130769 0.621023 0.040000 0.092045
0 0.081538 0.632955 0.067692 0.038636
0 0.268846 0.695455 0.026923 0.031818
0 0.263077 0.747159 0.076923 0.037500
0 0.238077 0.777273 0.065385 0.029545
0 0.036923 0.399432 0.032308 0.046591
0 0.450000 0.193182 0.024615 0.034091
0 0.483077 0.167614 0.061538 0.051136
0 0.470769 0.090341 0.044615 0.028409