0 0.358779 0.123669 0.283969 0.171598
0 0.356489 0.319527 0.077863 0.139645
0 0.546565 0.225444 0.186260 0.150296
0 0.566412 0.326627 0.140458 0.108876
0 0.745038 0.277515 0.244275 0.039053
0 0.743511 0.260355 0.106870 0.137278
0 0.777863 0.359172 0.090076 0.041420
0 0.706107 0.388166 0.053435 0.075740
0 0.751145 0.494675 0.048855 0.170414
0 0.751908 0.440828 0.218321 0.043787
0 0.847328 0.365680 0.054962 0.101775
0 0.898473 0.372189 0.062595 0.159763
0 0.896947 0.491124 0.096183 0.099408
0 0.792366 0.494675 0.201527 0.063905
0 0.648092 0.478698 0.090076 0.091124
0 0.609160 0.506509 0.091603 0.080473
0 0.591603 0.527811 0.074809 0.030769
0 0.667176 0.550296 0.033588 0.056805
0 0.710687 0.533136 0.053435 0.043787
0 0.861069 0.556213 0.109924 0.106509
0 0.557252 0.492899 0.091603 0.192899
0 0.632061 0.621302 0.174046 0.044970
0 0.464885 0.462722 0.087023 0.160947
0 0.408397 0.477515 0.047328 0.079290
0 0.322901 0.471598 0.099237 0.036686
0 0.292366 0.473373 0.093130 0.144379
0 0.210687 0.439053 0.122137 0.061538
0 0.103053 0.473373 0.105344 0.127811
0 0.122901 0.625444 0.169466 0.072189
0 0.145038 0.686982 0.064122 0.091124
0 0.324427 0.617160 0.071756 0.157396
0 0.438931 0.655030 0.050382 0.079290
0 0.506107 0.630769 0.093130 0.127811
0 0.322137 0.766864 0.070229 0.137278
0 0.280153 0.811243 0.062595 0.140828
0 0.349618 0.894675 0.140458 0.066272
0 0.366412 0.857396 0.097710 0.053254
0 0.500000 0.907101 0.074809 0.093491
0 0.587023 0.772189 0.108397 0.067456
0 0.655725 0.878107 0.212214 0.120710
0 0.712214 0.736686 0.154198 0.171598
0 0.749618 0.747929 0.109924 0.099408
0 0.745038 0.771006 0.164885 0.098225
0 0.823664 0.736095 0.090076 0.151479
0 0.887786 0.673964 0.083969 0.091124
0 0.912214 0.692899 0.090076 0.093491