0 0.207858 0.145527 0.217997 0.128171
0 0.103929 0.371829 0.108999 0.142857
0 0.115970 0.464619 0.153359 0.096128
0 0.154626 0.520694 0.058302 0.141522
0 0.207224 0.399199 0.059569 0.117490
0 0.310520 0.341121 0.050697 0.126836
0 0.382129 0.446595 0.105196 0.076101
0 0.397972 0.506676 0.055767 0.038718
0 0.367554 0.540721 0.088720 0.034713
0 0.358682 0.588117 0.103929 0.052069
0 0.449937 0.580107 0.048162 0.089453
0 0.441698 0.377837 0.062104 0.074766
0 0.477820 0.414553 0.043093 0.068091
0 0.514575 0.925901 0.124208 0.057410
0 0.477186 0.791055 0.160963 0.073431
0 0.528517 0.835781 0.169835 0.160214
0 0.543726 0.792390 0.174905 0.148198
0 0.579214 0.830441 0.083650 0.037383
0 0.461977 0.641522 0.069708 0.081442
0 0.481622 0.694927 0.111534 0.052069
0 0.546261 0.600134 0.126743 0.105474
0 0.519645 0.539386 0.078580 0.056075
0 0.558935 0.520027 0.068441 0.036048
0 0.647022 0.587450 0.110266 0.048064
0 0.679975 0.638184 0.084918 0.064085
0 0.702788 0.715621 0.135615 0.093458
0 0.734474 0.710948 0.049430 0.193591
0 0.806084 0.657543 0.078580 0.148198
0 0.834601 0.580774 0.133080 0.048064
0 0.707858 0.544059 0.087452 0.140187
0 0.735741 0.506008 0.036755 0.053405
0 0.796578 0.514686 0.082383 0.041389
0 0.724335 0.448598 0.069708 0.048064
0 0.730672 0.395194 0.102662 0.074766
0 0.834601 0.427236 0.092522 0.114820
0 0.908112 0.396529 0.062104 0.069426
0 0.547529 0.327103 0.065906 0.045394
0 0.583650 0.368491 0.057034 0.050734
0 0.627376 0.313752 0.040558 0.069426
0 0.671736 0.292390 0.065906 0.141522
0 0.724335 0.275701 0.097592 0.113485
0 0.804183 0.238318 0.082383 0.084112
0 0.840304 0.297730 0.053232 0.045394
0 0.879594 0.250334 0.068441 0.145527
0 0.925856 0.187583 0.095057 0.118825
0 0.897338 0.099466 0.131812 0.113485