0 0.344681 0.105892 0.110638 0.090764
0 0.303191 0.161624 0.308511 0.119427
0 0.198936 0.222930 0.125532 0.130573
0 0.337234 0.246019 0.044681 0.109873
0 0.457447 0.262739 0.131915 0.156051
0 0.373404 0.250000 0.057447 0.105096
0 0.368085 0.352707 0.153191 0.119427
0 0.436170 0.387739 0.195745 0.065287
0 0.244681 0.425955 0.153191 0.160828
0 0.360638 0.473726 0.172340 0.125796
0 0.273404 0.472930 0.091489 0.057325
0 0.271277 0.554936 0.104255 0.078025
0 0.282979 0.555732 0.055319 0.136943
0 0.500000 0.454618 0.089362 0.042994
0 0.517021 0.496815 0.055319 0.047771
0 0.585106 0.476115 0.063830 0.066879
0 0.532979 0.406051 0.146809 0.035032
0 0.495745 0.175955 0.144681 0.093949
0 0.486170 0.226911 0.061702 0.068471
0 0.563830 0.194268 0.110638 0.133758
0 0.585106 0.239650 0.140426 0.109873
0 0.605319 0.312102 0.082979 0.079618
0 0.776596 0.284236 0.212766 0.058917
0 0.804255 0.363854 0.114894 0.116242
0 0.724468 0.435510 0.193617 0.097134
0 0.914894 0.384554 0.076596 0.068471
0 0.606383 0.547771 0.319149 0.035032
0 0.497872 0.574841 0.268085 0.140127
0 0.434043 0.605096 0.195745 0.098726
0 0.535106 0.628981 0.295745 0.108280
0 0.710638 0.649682 0.153191 0.089172
0 0.735106 0.701433 0.151064 0.090764
0 0.790426 0.768312 0.065957 0.078025
0 0.608511 0.780255 0.106383 0.073248
0 0.697872 0.878185 0.080851 0.039809
0 0.439362 0.732484 0.180851 0.149682
0 0.452128 0.780255 0.231915 0.050955
0 0.307447 0.804140 0.095745 0.098726
0 0.445745 0.867038 0.125532 0.068471
0 0.552128 0.888535 0.163830 0.073248
0 0.531915 0.824841 0.106383 0.044586
0 0.367021 0.708599 0.091489 0.044586
0 0.350000 0.738057 0.100000 0.039809
0 0.243617 0.728503 0.146809 0.100318
0 0.193617 0.691083 0.170213 0.076433
0 0.244681 0.650478 0.182979 0.042994