0 0.088313 0.075673 0.155378 0.115471
0 0.252324 0.073430 0.077025 0.028027
0 0.296813 0.097534 0.112882 0.033632
0 0.330677 0.270740 0.050465 0.059417
0 0.083001 0.250000 0.030544 0.078475
0 0.095618 0.332960 0.047809 0.087444
0 0.096282 0.471973 0.078353 0.100897
0 0.164011 0.230381 0.070385 0.202915
0 0.205843 0.383969 0.069057 0.140135
0 0.494688 0.443386 0.088977 0.209641
0 0.620850 0.147982 0.096946 0.071749
0 0.884462 0.145179 0.058433 0.128924
0 0.946215 0.259529 0.078353 0.119955
0 0.743028 0.305493 0.110226 0.122197
0 0.764276 0.385090 0.083665 0.041480
0 0.811421 0.438341 0.050465 0.071749
0 0.446879 0.525785 0.054449 0.033632
0 0.478088 0.530830 0.042497 0.054933
0 0.482072 0.569507 0.053121 0.069507
0 0.507968 0.605381 0.081009 0.080717
0 0.586321 0.540919 0.086321 0.077354
0 0.520584 0.647422 0.066401 0.025785
0 0.663347 0.602578 0.088977 0.097534
0 0.357902 0.561659 0.038513 0.080717
0 0.404382 0.639574 0.038513 0.081839
0 0.314077 0.633969 0.081009 0.048206
0 0.344622 0.675448 0.057105 0.113229
0 0.433599 0.717489 0.144754 0.089686
0 0.410359 0.752803 0.154050 0.086323
0 0.472112 0.755045 0.139442 0.068386
0 0.567729 0.775785 0.054449 0.087444
0 0.630146 0.721973 0.128818 0.071749
0 0.467463 0.811659 0.042497 0.042601
0 0.488712 0.817265 0.116866 0.109865
0 0.786853 0.655269 0.115538 0.099776
0 0.906375 0.735987 0.059761 0.102018
0 0.796813 0.705717 0.034529 0.070628
0 0.723772 0.791480 0.090305 0.040359
0 0.794821 0.827915 0.049137 0.149103
0 0.860558 0.837444 0.042497 0.073991
0 0.792829 0.785874 0.140770 0.121076
0 0.721780 0.894619 0.025232 0.056054
0 0.787517 0.936659 0.132802 0.036996
0 0.793493 0.905269 0.112882 0.142377
0 0.457503 0.894058 0.115538 0.099776
0 0.401062 0.572309 0.031873 0.050448