0 0.598527 0.099106 0.176796 0.087928
0 0.497238 0.122951 0.066298 0.067064
0 0.471455 0.158718 0.114180 0.132638
0 0.548803 0.228763 0.136280 0.096870
0 0.454880 0.288376 0.044199 0.096870
0 0.393186 0.157973 0.149171 0.062593
0 0.681400 0.126677 0.191529 0.134128
0 0.858195 0.321908 0.180479 0.104322
0 0.765193 0.385991 0.086556 0.077496
0 0.732044 0.346498 0.057090 0.058122
0 0.684162 0.341282 0.046041 0.101341
0 0.641805 0.339046 0.053407 0.049180
0 0.467772 0.344262 0.209945 0.059613
0 0.298343 0.292101 0.106814 0.163934
0 0.200737 0.277943 0.103131 0.061103
0 0.244015 0.359911 0.093923 0.105812
0 0.337017 0.431446 0.132597 0.147541
0 0.391344 0.398659 0.049724 0.052161
0 0.422652 0.456036 0.053407 0.065574
0 0.542357 0.406855 0.156538 0.068554
0 0.507366 0.461252 0.130755 0.198212
0 0.537753 0.473174 0.099448 0.061103
0 0.383978 0.567064 0.101289 0.049180
0 0.639963 0.487332 0.108656 0.080477
0 0.737569 0.465723 0.119705 0.070045
0 0.634438 0.556632 0.259669 0.087928
0 0.532228 0.611028 0.158379 0.047690
0 0.516575 0.660209 0.119705 0.059613
0 0.773481 0.550671 0.132597 0.093890
0 0.657459 0.660954 0.099448 0.102832
0 0.561694 0.733979 0.092081 0.064083
0 0.491713 0.714605 0.069982 0.070045
0 0.446593 0.769747 0.082873 0.168405
0 0.478821 0.791356 0.176796 0.056632
0 0.318600 0.751863 0.139963 0.084948
0 0.183241 0.725037 0.082873 0.055142
0 0.078269 0.684054 0.046041 0.122206
0 0.195212 0.789866 0.195212 0.080477
0 0.290976 0.876304 0.110497 0.044709
0 0.646409 0.794337 0.143646 0.077496
0 0.640884 0.835320 0.121547 0.093890
0 0.648250 0.880775 0.132597 0.071535
0 0.751381 0.872578 0.217311 0.165425
0 0.810313 0.748882 0.147330 0.117735
0 0.913444 0.710879 0.051565 0.077496
0 0.786372 0.684799 0.209945 0.084948