0 0.050388 0.262983 0.018088 0.046409
0 0.055556 0.764088 0.069767 0.076243
0 0.253661 0.702210 0.031869 0.029834
0 0.263566 0.722099 0.034453 0.029834
0 0.209302 0.762983 0.091301 0.051934
0 0.446167 0.881768 0.036176 0.059669
0 0.580965 0.951934 0.049096 0.067403
0 0.741602 0.498895 0.048234 0.020994
0 0.844100 0.185635 0.025840 0.035359
0 0.871232 0.282320 0.038760 0.111602
0 0.938846 0.295580 0.086133 0.056354
0 0.865633 0.172928 0.027562 0.131492
0 0.857881 0.075691 0.075797 0.100552
0 0.782084 0.207735 0.067183 0.050829
0 0.769165 0.213812 0.036176 0.100552
0 0.804479 0.219337 0.075797 0.129282
0 0.734711 0.289503 0.022394 0.041989
0 0.674419 0.249724 0.037898 0.028729
0 0.700689 0.268508 0.021533 0.066298
0 0.660637 0.282320 0.049957 0.032044
0 0.793282 0.370718 0.032730 0.089503
0 0.756245 0.367403 0.046512 0.071823
0 0.672696 0.341436 0.024117 0.026519
0 0.606374 0.393923 0.067183 0.071823
0 0.593454 0.376243 0.049957 0.076243
0 0.673988 0.389503 0.064599 0.158011
0 0.649009 0.372928 0.016365 0.058564
0 0.666236 0.440884 0.062877 0.055249
0 0.614126 0.471271 0.017227 0.056354
0 0.567614 0.330939 0.022394 0.049724
0 0.543497 0.357459 0.020672 0.093923
0 0.523256 0.363536 0.016365 0.068508
0 0.533161 0.406077 0.062016 0.054144
0 0.465978 0.503867 0.025840 0.039779
0 0.484496 0.502762 0.030146 0.059669
0 0.533592 0.522652 0.038760 0.103867
0 0.420758 0.535912 0.062877 0.061878
0 0.428079 0.658011 0.024117 0.091713
0 0.608527 0.508287 0.064599 0.033149
0 0.487941 0.241989 0.038760 0.039779
0 0.413867 0.190055 0.028424 0.024309
0 0.328165 0.164641 0.049957 0.033149
0 0.350129 0.180110 0.100775 0.053039
0 0.246339 0.249171 0.065461 0.060773
0 0.235573 0.295028 0.019811 0.086188
0 0.368217 0.421547 0.040482 0.032044