0 0.113323 0.493139 0.134763 0.111492
0 0.212098 0.493997 0.090352 0.123499
0 0.258040 0.578045 0.127106 0.058319
0 0.350689 0.448542 0.125574 0.060034
0 0.245023 0.381647 0.101072 0.056604
0 0.297856 0.342196 0.133231 0.132075
0 0.294028 0.229846 0.058193 0.102916
0 0.352986 0.234134 0.056662 0.132075
0 0.418070 0.320755 0.079632 0.054889
0 0.453292 0.222985 0.119449 0.171527
0 0.576570 0.096055 0.084227 0.089194
0 0.608729 0.156947 0.087289 0.070326
0 0.625574 0.320755 0.075038 0.048027
0 0.650842 0.205832 0.156202 0.061750
0 0.749617 0.192967 0.050536 0.114923
0 0.742726 0.287307 0.067381 0.056604
0 0.784074 0.319039 0.104135 0.209262
0 0.661562 0.366209 0.162328 0.046312
0 0.558193 0.443396 0.062787 0.053173
0 0.651608 0.475986 0.114855 0.111492
0 0.833844 0.493139 0.105666 0.183533
0 0.895100 0.336192 0.163859 0.078902
0 0.421899 0.519726 0.050536 0.102916
0 0.428790 0.579760 0.070444 0.075472
0 0.524502 0.523156 0.035222 0.065180
0 0.526034 0.611492 0.102603 0.135506
0 0.552067 0.632075 0.041348 0.073756
0 0.687596 0.605489 0.082695 0.123499
0 0.711332 0.639794 0.059724 0.068611
0 0.755743 0.718696 0.090352 0.181818
0 0.822358 0.758148 0.073507 0.171527
0 0.870597 0.596913 0.071975 0.137221
0 0.931087 0.663808 0.052067 0.116638
0 0.638591 0.789880 0.076570 0.077187
0 0.642420 0.891938 0.124043 0.068611
0 0.411945 0.727273 0.082695 0.229846
0 0.374426 0.666381 0.053599 0.094340
0 0.444104 0.728988 0.223583 0.058319
0 0.504594 0.795026 0.117917 0.090909
0 0.485452 0.850772 0.107198 0.092624
0 0.460184 0.907376 0.062787 0.051458
0 0.293262 0.754717 0.099541 0.109777
0 0.300153 0.848199 0.058193 0.080617
0 0.205972 0.815609 0.062787 0.084048
0 0.122511 0.848199 0.113323 0.084048
0 0.202910 0.873928 0.120980 0.084048