0 0.167949 0.886511 0.058974 0.118029
0 0.092949 0.700389 0.096154 0.103761
0 0.171154 0.772374 0.191026 0.084306
0 0.367949 0.261349 0.171795 0.130999
0 0.553846 0.204280 0.071795 0.175097
0 0.106410 0.157588 0.097436 0.151751
0 0.176923 0.190661 0.105128 0.140078
0 0.259615 0.093385 0.044872 0.031128
0 0.362821 0.064851 0.115385 0.064851
0 0.381410 0.319066 0.078205 0.108949
0 0.152564 0.337873 0.102564 0.084306
0 0.340385 0.433852 0.050000 0.022049
0 0.414744 0.633593 0.047436 0.024643
0 0.169231 0.422179 0.094872 0.118029
0 0.243590 0.652399 0.066667 0.062257
0 0.133333 0.651751 0.107692 0.053178
0 0.179487 0.719844 0.053846 0.090791
0 0.234615 0.708820 0.120513 0.099870
0 0.305769 0.750973 0.057692 0.054475
0 0.421154 0.684176 0.062821 0.029831
0 0.391026 0.549287 0.076923 0.063554
0 0.400641 0.539559 0.057692 0.083009
0 0.408974 0.591440 0.089744 0.023346
0 0.344231 0.568093 0.047436 0.153048
0 0.357051 0.461738 0.085897 0.098573
0 0.273077 0.798314 0.025641 0.058366
0 0.199359 0.805447 0.111538 0.033722
0 0.130128 0.883268 0.039744 0.160830
0 0.489103 0.592088 0.042308 0.037613
0 0.489744 0.654994 0.023077 0.057069
0 0.551923 0.684825 0.044872 0.049287
0 0.502564 0.838521 0.066667 0.110246
0 0.388462 0.856031 0.130769 0.067445
0 0.848718 0.804799 0.046154 0.071336
0 0.955128 0.336576 0.066667 0.089494
0 0.921795 0.453956 0.069231 0.067445
0 0.866026 0.508431 0.060256 0.038911
0 0.789744 0.452659 0.033333 0.098573
0 0.512821 0.147211 0.028205 0.076524
0 0.627564 0.238651 0.032051 0.064851
0 0.587821 0.330091 0.062821 0.107652
0 0.552564 0.221141 0.094872 0.050584
0 0.429487 0.139429 0.087179 0.089494
0 0.402564 0.137484 0.058974 0.064851
0 0.360897 0.149805 0.047436 0.029831
0 0.351282 0.142672 0.051282 0.116732