0 0.957335 0.971140 0.068073 0.057720
0 0.911314 0.864358 0.114094 0.135642
0 0.837488 0.819625 0.035475 0.112554
0 0.915628 0.810245 0.082454 0.036075
0 0.931927 0.769841 0.046021 0.163059
0 0.844679 0.710678 0.024928 0.076479
0 0.821189 0.730159 0.117929 0.083694
0 0.934324 0.672439 0.104506 0.098124
0 0.892138 0.588023 0.094919 0.180375
0 0.870086 0.613276 0.046980 0.066378
0 0.813039 0.500000 0.093960 0.050505
0 0.779003 0.609668 0.075743 0.050505
0 0.708533 0.706349 0.076702 0.243867
0 0.711409 0.618326 0.088207 0.157287
0 0.682646 0.790043 0.116970 0.093795
0 0.649089 0.807359 0.111218 0.105339
0 0.605465 0.746032 0.048897 0.040404
0 0.591563 0.711400 0.103547 0.077922
0 0.598754 0.602453 0.069990 0.157287
0 0.587248 0.506494 0.077661 0.040404
0 0.601151 0.501443 0.042186 0.085137
0 0.427613 0.660895 0.120805 0.187590
0 0.390700 0.598846 0.071908 0.103896
0 0.286673 0.417027 0.113135 0.178932
0 0.078140 0.518038 0.098754 0.144300
0 0.068073 0.836941 0.028763 0.112554
0 0.064717 0.163059 0.062320 0.057720
0 0.130393 0.221501 0.044104 0.067821
0 0.132790 0.277778 0.139022 0.047619
0 0.410834 0.076479 0.142857 0.072150
0 0.409396 0.120491 0.161074 0.056277
0 0.735379 0.371573 0.034516 0.145743
0 0.788591 0.233045 0.152445 0.206349
0 0.698945 0.349206 0.057526 0.118326
0 0.593480 0.378066 0.076702 0.075036
0 0.614573 0.339105 0.107383 0.089466
0 0.630872 0.318182 0.086290 0.056277
0 0.644295 0.253247 0.111218 0.099567
0 0.642857 0.239538 0.102589 0.063492
0 0.662512 0.210678 0.105465 0.080808
0 0.656280 0.111111 0.079578 0.054834
0 0.639981 0.131313 0.112176 0.103896
0 0.591563 0.129870 0.074784 0.150072
0 0.587248 0.195527 0.043145 0.070707
0 0.554650 0.212843 0.060403 0.113997
0 0.561361 0.121934 0.048897 0.090909