0 0.310225 0.178268 0.097054 0.071307
0 0.157712 0.282683 0.124783 0.137521
0 0.240035 0.350594 0.077990 0.093379
0 0.240901 0.434635 0.076256 0.067912
0 0.188042 0.443124 0.074523 0.054329
0 0.155979 0.494907 0.110919 0.052632
0 0.084055 0.506791 0.057192 0.246180
0 0.178510 0.631579 0.155979 0.088285
0 0.229636 0.520374 0.147314 0.066214
0 0.336222 0.443124 0.048527 0.142615
0 0.376083 0.305603 0.138648 0.132428
0 0.461872 0.173175 0.150780 0.098472
0 0.563258 0.191002 0.076256 0.188455
0 0.516464 0.282683 0.176776 0.052632
0 0.462738 0.348048 0.058925 0.081494
0 0.524263 0.401528 0.046794 0.069610
0 0.597054 0.465195 0.095321 0.064516
0 0.609185 0.390492 0.081456 0.101868
0 0.668977 0.350594 0.065858 0.151104
0 0.680243 0.202037 0.088388 0.146010
0 0.740035 0.387946 0.083189 0.073005
0 0.795494 0.365874 0.162912 0.171477
0 0.798960 0.495756 0.197574 0.149406
0 0.504333 0.478778 0.221837 0.105263
0 0.496534 0.529711 0.053726 0.078098
0 0.489601 0.599321 0.098787 0.050934
0 0.687175 0.567912 0.178510 0.062818
0 0.816291 0.606961 0.110919 0.059423
0 0.773830 0.650255 0.123050 0.044143
0 0.643847 0.657895 0.164645 0.079796
0 0.714905 0.703735 0.057192 0.069610
0 0.312825 0.626486 0.098787 0.057725
0 0.341421 0.689304 0.065858 0.047538
0 0.412478 0.627334 0.079723 0.205433
0 0.512132 0.728353 0.077990 0.101868
0 0.559792 0.741087 0.045061 0.110357
0 0.492201 0.686757 0.038128 0.056027
0 0.445407 0.717317 0.083189 0.134126
0 0.477470 0.837861 0.102253 0.120543
0 0.685442 0.831919 0.168111 0.081494
0 0.783362 0.770798 0.218371 0.112054
0 0.560659 0.937182 0.209705 0.091681
0 0.320624 0.834465 0.135182 0.178268
0 0.232236 0.783531 0.086655 0.151104
0 0.224437 0.761460 0.181976 0.147708
0 0.528596 0.654499 0.048527 0.052632