0 0.144099 0.263724 0.032298 0.086114
0 0.205590 0.285791 0.180124 0.046286
0 0.336646 0.268568 0.034783 0.041981
0 0.306832 0.240043 0.084472 0.058127
0 0.395031 0.275565 0.049689 0.058127
0 0.137888 0.332616 0.039752 0.045210
0 0.132919 0.338536 0.079503 0.020452
0 0.229193 0.384822 0.023602 0.050592
0 0.302484 0.383208 0.050932 0.049516
0 0.316770 0.404198 0.027329 0.033369
0 0.289441 0.389128 0.067081 0.132400
0 0.098758 0.419268 0.043478 0.078579
0 0.133540 0.446179 0.038509 0.106566
0 0.183230 0.399892 0.060870 0.093649
0 0.081988 0.477933 0.072050 0.023681
0 0.172671 0.495694 0.027329 0.087191
0 0.224224 0.494080 0.026087 0.105490
0 0.305590 0.638859 0.049689 0.035522
0 0.352795 0.600646 0.039752 0.049516
0 0.362112 0.539828 0.048447 0.108719
0 0.408075 0.658235 0.053416 0.065662
0 0.437267 0.707212 0.094410 0.032293
0 0.451553 0.751346 0.060870 0.045210
0 0.624845 0.671690 0.027329 0.040904
0 0.593789 0.780409 0.029814 0.133477
0 0.593168 0.639935 0.028571 0.054898
0 0.622360 0.588267 0.042236 0.026911
0 0.626708 0.931109 0.028571 0.090420
0 0.743478 0.875135 0.083230 0.066738
0 0.768944 0.828848 0.074534 0.081808
0 0.678882 0.268030 0.135404 0.038751
0 0.724845 0.409042 0.045963 0.043057
0 0.694410 0.500000 0.126708 0.041981
0 0.676398 0.546286 0.088199 0.052745
0 0.660248 0.476319 0.113043 0.136706
0 0.590062 0.387513 0.096894 0.040904
0 0.591304 0.397201 0.081988 0.150700
0 0.559006 0.469860 0.119255 0.054898
0 0.478882 0.255113 0.033540 0.038751
0 0.490062 0.395587 0.026087 0.048439
0 0.459627 0.475242 0.077019 0.102260
0 0.528571 0.353068 0.045963 0.075350
0 0.583851 0.317546 0.077019 0.030140
0 0.855280 0.272874 0.075776 0.074273
0 0.926708 0.313778 0.106832 0.069968
0 0.849689 0.071582 0.049689 0.093649