0 0.074431 0.530159 0.078809 0.060317
0 0.128722 0.488095 0.120841 0.112698
0 0.225044 0.453175 0.103327 0.036508
0 0.182137 0.400000 0.066550 0.053968
0 0.192644 0.572222 0.101576 0.036508
0 0.249562 0.534127 0.071804 0.033333
0 0.543783 0.908730 0.078809 0.141270
0 0.525394 0.846032 0.175131 0.095238
0 0.546410 0.769841 0.129597 0.069841
0 0.195271 0.640476 0.148862 0.039683
0 0.184764 0.686508 0.057793 0.046032
0 0.194396 0.718254 0.115587 0.046032
0 0.299475 0.706349 0.059545 0.034921
0 0.294221 0.652381 0.080560 0.088889
0 0.379159 0.718254 0.239930 0.138095
0 0.387916 0.570635 0.225919 0.166667
0 0.526270 0.693651 0.033275 0.104762
0 0.408056 0.545238 0.084063 0.036508
0 0.424694 0.492063 0.145359 0.050794
0 0.526270 0.592063 0.110333 0.123810
0 0.531524 0.591270 0.148862 0.052381
0 0.634851 0.621429 0.078809 0.176190
0 0.685639 0.608730 0.078809 0.153968
0 0.746060 0.650794 0.105079 0.177778
0 0.801226 0.562698 0.155867 0.046032
0 0.654116 0.499206 0.113835 0.061905
0 0.668126 0.420635 0.082312 0.098413
0 0.704028 0.417460 0.154116 0.126984
0 0.894921 0.305556 0.147110 0.052381
0 0.847636 0.419048 0.136602 0.142857
0 0.897548 0.419048 0.036778 0.069841
0 0.204028 0.349206 0.071804 0.066667
0 0.305604 0.393651 0.075306 0.050794
0 0.485114 0.438095 0.133100 0.076190
0 0.508757 0.425397 0.141856 0.085714
0 0.445709 0.384921 0.106830 0.036508
0 0.443958 0.338889 0.131349 0.065079
0 0.548161 0.327778 0.084063 0.077778
0 0.641856 0.312698 0.078809 0.057143
0 0.332750 0.287302 0.049037 0.095238
0 0.397548 0.254762 0.080560 0.074603
0 0.302102 0.211905 0.106830 0.115873
0 0.530648 0.146825 0.203152 0.150794
0 0.566550 0.200794 0.166375 0.071429
0 0.739930 0.262698 0.103327 0.141270
0 0.756567 0.161905 0.077058 0.241270