0 0.167480 0.496248 0.078049 0.091932
0 0.268293 0.466229 0.052033 0.080675
0 0.309756 0.438086 0.053659 0.118199
0 0.286992 0.537523 0.131707 0.088180
0 0.205691 0.618199 0.053659 0.054409
0 0.095122 0.592871 0.138211 0.048780
0 0.104878 0.673546 0.186992 0.086304
0 0.133333 0.714822 0.104065 0.195122
0 0.249593 0.678236 0.206504 0.181989
0 0.241463 0.764540 0.079675 0.110694
0 0.397561 0.560038 0.063415 0.166979
0 0.365041 0.711069 0.102439 0.120075
0 0.491057 0.688555 0.035772 0.127580
0 0.447967 0.745779 0.037398 0.155722
0 0.350407 0.803940 0.069919 0.043152
0 0.062602 0.796435 0.056911 0.095685
0 0.276423 0.899625 0.104065 0.076923
0 0.396748 0.835835 0.065041 0.159475
0 0.483740 0.842402 0.040650 0.161351
0 0.573984 0.757036 0.087805 0.148218
0 0.613008 0.647280 0.061789 0.056285
0 0.555285 0.855535 0.056911 0.060038
0 0.610569 0.843340 0.102439 0.189493
0 0.695935 0.776735 0.045528 0.060038
0 0.519512 0.590056 0.063415 0.189493
0 0.865041 0.803002 0.175610 0.105066
0 0.734959 0.287054 0.052033 0.056285
0 0.778049 0.246717 0.076423 0.061914
0 0.675610 0.306754 0.069919 0.058161
0 0.689431 0.392120 0.087805 0.052533
0 0.660163 0.439962 0.107317 0.061914
0 0.768293 0.443715 0.118699 0.103189
0 0.735772 0.528143 0.069919 0.043152
0 0.755285 0.574109 0.164228 0.105066
0 0.769106 0.430582 0.042276 0.151970
0 0.904065 0.445591 0.084553 0.163227
0 0.895935 0.464353 0.058537 0.223265
0 0.587805 0.478424 0.131707 0.232645
0 0.514634 0.360225 0.131707 0.168856
0 0.467480 0.290807 0.128455 0.056285
0 0.422764 0.216698 0.065041 0.080675
0 0.380488 0.168856 0.065041 0.120075
0 0.605691 0.184803 0.226016 0.129456
0 0.600000 0.134146 0.048780 0.148218
0 0.513008 0.117261 0.063415 0.095685
0 0.182927 0.919325 0.121951 0.071295