0 0.535925 0.955556 0.070671 0.066667
0 0.580094 0.700694 0.057715 0.056944
0 0.512367 0.629167 0.063604 0.061111
0 0.611896 0.622917 0.175501 0.095833
0 0.656655 0.602778 0.121319 0.041667
0 0.589517 0.570139 0.067138 0.073611
0 0.668433 0.523611 0.097762 0.086111
0 0.666078 0.461111 0.095406 0.044444
0 0.941107 0.105556 0.037691 0.130556
0 0.785041 0.224306 0.076561 0.137500
0 0.828622 0.235417 0.041225 0.095833
0 0.859246 0.193056 0.034158 0.150000
0 0.050059 0.231250 0.064782 0.031944
0 0.059482 0.289583 0.031802 0.062500
0 0.094229 0.314583 0.042403 0.148611
0 0.170789 0.290972 0.084806 0.112500
0 0.159600 0.309722 0.053004 0.183333
0 0.239105 0.419444 0.153121 0.125000
0 0.251472 0.427778 0.060071 0.105556
0 0.283863 0.515972 0.075383 0.276389
0 0.346290 0.531944 0.091873 0.141667
0 0.374558 0.513889 0.073027 0.208333
0 0.404594 0.585417 0.045936 0.056944
0 0.426973 0.602083 0.069494 0.109722
0 0.236749 0.270833 0.030624 0.102778
0 0.325677 0.343056 0.118963 0.075000
0 0.335100 0.290972 0.130742 0.129167
0 0.351590 0.338889 0.069494 0.213889
0 0.365724 0.409028 0.041225 0.054167
0 0.435807 0.423611 0.030624 0.150000
0 0.500589 0.454861 0.084806 0.165278
0 0.494700 0.499306 0.065960 0.145833
0 0.591284 0.475694 0.070671 0.095833
0 0.528857 0.325000 0.167256 0.133333
0 0.548881 0.415972 0.037691 0.081944
0 0.643110 0.364583 0.061249 0.115278
0 0.595995 0.300000 0.025913 0.058333
0 0.561837 0.279861 0.042403 0.098611
0 0.524735 0.231250 0.053004 0.051389
0 0.499411 0.232639 0.037691 0.145833
0 0.554181 0.181250 0.118963 0.148611
0 0.451119 0.163889 0.044759 0.136111
0 0.413428 0.117361 0.044759 0.115278
0 0.371614 0.125000 0.029446 0.072222
0 0.345701 0.209722 0.057715 0.088889
0 0.314488 0.171528 0.037691 0.104167