0 0.357807 0.354869 0.120818 0.136704
0 0.456320 0.838951 0.079926 0.164794
0 0.602230 0.530899 0.100372 0.121723
0 0.264870 0.331461 0.135688 0.142322
0 0.194238 0.369850 0.154275 0.215356
0 0.232342 0.618914 0.081784 0.174157
0 0.131041 0.699438 0.113383 0.185393
0 0.728625 0.280899 0.092937 0.071161
0 0.421933 0.544007 0.078067 0.140449
0 0.418216 0.130150 0.185874 0.132959
0 0.444238 0.319288 0.052045 0.125468
0 0.654275 0.461610 0.078067 0.162921
0 0.687732 0.376404 0.066914 0.082397
0 0.592937 0.379213 0.070632 0.211610
0 0.861524 0.426966 0.072491 0.082397
0 0.380112 0.627341 0.061338 0.179775
0 0.494424 0.399813 0.107807 0.080524
0 0.565985 0.611423 0.098513 0.222846
0 0.508364 0.616105 0.091078 0.112360
0 0.886617 0.627341 0.115242 0.116105
0 0.344796 0.559925 0.076208 0.187266
0 0.287175 0.577715 0.087361 0.189139
0 0.526952 0.776217 0.072491 0.189139
0 0.509294 0.300562 0.085502 0.117978
0 0.819703 0.731273 0.182156 0.080524
0 0.275093 0.213483 0.215613 0.138577
0 0.612454 0.878277 0.258364 0.078652
0 0.394052 0.849251 0.040892 0.076779
0 0.694238 0.560861 0.221190 0.121723
0 0.162639 0.571161 0.109665 0.056180
0 0.694238 0.679775 0.172862 0.089888
0 0.447955 0.717228 0.089219 0.044944
0 0.299257 0.805243 0.063197 0.228464
0 0.599442 0.753745 0.087361 0.073034
0 0.394052 0.776217 0.074349 0.069288
0 0.804833 0.560861 0.081784 0.102996
0 0.751859 0.473783 0.187732 0.063670
0 0.832714 0.553371 0.133829 0.058052
0 0.621747 0.790262 0.087361 0.048689
0 0.847584 0.687266 0.185874 0.209738
0 0.759294 0.409176 0.072491 0.166667
0 0.803903 0.697566 0.079926 0.207865
0 0.696097 0.610487 0.050186 0.052434
0 0.778810 0.393258 0.126394 0.134831
0 0.377323 0.217228 0.122677 0.059925
0 0.243494 0.240637 0.293680 0.234082
0 0.828996 0.415730 0.089219 0.127341
0 0.198885 0.297753 0.189591 0.194757