0 0.420520 0.043722 0.072254 0.082960
0 0.382225 0.082960 0.119942 0.065022
0 0.390173 0.138453 0.034682 0.057175
0 0.411127 0.223655 0.041908 0.108744
0 0.550578 0.187220 0.057803 0.058296
0 0.490607 0.200112 0.067919 0.115471
0 0.537572 0.247758 0.049133 0.038117
0 0.586705 0.212444 0.083815 0.061659
0 0.441474 0.289798 0.065029 0.072870
0 0.479769 0.318386 0.037572 0.076233
0 0.361272 0.295404 0.072254 0.043722
0 0.551301 0.303251 0.111272 0.068386
0 0.380780 0.344731 0.062139 0.023543
0 0.367052 0.412556 0.069364 0.062780
0 0.396676 0.383408 0.125723 0.118834
0 0.448699 0.394058 0.044798 0.032511
0 0.489884 0.403587 0.109827 0.065022
0 0.553468 0.391816 0.063584 0.097534
0 0.690029 0.287556 0.093931 0.041480
0 0.686416 0.314462 0.063584 0.039238
0 0.668353 0.297085 0.102601 0.118834
0 0.658237 0.364910 0.085260 0.061659
0 0.607659 0.413117 0.053468 0.025785
0 0.664740 0.408072 0.106936 0.049327
0 0.664017 0.429372 0.082370 0.056054
0 0.741329 0.393498 0.060694 0.044843
0 0.725434 0.451794 0.080925 0.035874
0 0.489884 0.478700 0.156069 0.085202
0 0.276012 0.528587 0.124277 0.061659
0 0.236272 0.517377 0.186416 0.104260
0 0.360549 0.568946 0.041908 0.133408
0 0.382225 0.598094 0.140173 0.028027
0 0.260838 0.660314 0.065029 0.145740
0 0.469653 0.629484 0.037572 0.054933
0 0.478324 0.582960 0.066474 0.082960
0 0.440029 0.667601 0.134393 0.061659
0 0.202312 0.660874 0.115607 0.077354
0 0.188584 0.725336 0.096821 0.114350
0 0.205202 0.758969 0.037572 0.078475
0 0.191474 0.756166 0.148844 0.066143
0 0.068642 0.725897 0.073699 0.030269
0 0.121387 0.827354 0.170520 0.143498
0 0.154624 0.928251 0.101156 0.082960
0 0.531069 0.603700 0.047688 0.041480
0 0.533960 0.614350 0.065029 0.118834
0 0.907514 0.510090 0.147399 0.089686