0 0.734405 0.130996 0.224953 0.154982
0 0.889414 0.663284 0.100189 0.071956
0 0.658790 0.219557 0.092628 0.132841
0 0.188091 0.373616 0.145558 0.215867
0 0.326087 0.335793 0.096408 0.092251
0 0.738185 0.407749 0.077505 0.081181
0 0.580340 0.270295 0.109641 0.134686
0 0.838374 0.353321 0.160681 0.127306
0 0.176749 0.685424 0.043478 0.071956
0 0.864839 0.241697 0.122873 0.118081
0 0.687146 0.678044 0.172023 0.208487
0 0.534026 0.682657 0.122873 0.084871
0 0.245747 0.425277 0.071834 0.164207
0 0.517013 0.468635 0.066163 0.092251
0 0.227788 0.528598 0.043478 0.094096
0 0.897921 0.448339 0.064272 0.077491
0 0.712665 0.827491 0.060491 0.282288
0 0.445180 0.416974 0.115312 0.110701
0 0.637051 0.858856 0.223062 0.127306
0 0.811909 0.132841 0.069943 0.062731
0 0.090737 0.476015 0.143667 0.129151
0 0.818526 0.813653 0.166352 0.158672
0 0.930057 0.656827 0.102079 0.261993
0 0.390359 0.798893 0.066163 0.173432
0 0.482042 0.782288 0.204159 0.107011
0 0.925331 0.285978 0.058601 0.132841
0 0.662571 0.464022 0.047259 0.083026
0 0.544423 0.601476 0.086957 0.044280
0 0.915879 0.829336 0.130435 0.075646
0 0.797732 0.438192 0.120983 0.086716
0 0.438563 0.578413 0.155009 0.105166
0 0.852552 0.302583 0.056711 0.132841
0 0.691871 0.453875 0.056711 0.221402
0 0.600189 0.503690 0.134216 0.166052
0 0.880907 0.497232 0.109641 0.049815
0 0.284499 0.603321 0.126654 0.162362
0 0.834594 0.760148 0.115312 0.099631
0 0.796786 0.475092 0.190926 0.119926
0 0.501890 0.301661 0.096408 0.223247
0 0.353497 0.665129 0.117202 0.311808
0 0.320416 0.654982 0.168242 0.177122
0 0.596408 0.409594 0.115312 0.154982
0 0.732514 0.115314 0.149338 0.105166
0 0.158790 0.371771 0.090737 0.149446
0 0.342155 0.653137 0.204159 0.177122