0 0.095432 0.514706 0.122349 0.111111
0 0.245514 0.837418 0.141925 0.168301
0 0.343393 0.950163 0.154976 0.050654
0 0.387439 0.866830 0.122349 0.148693
0 0.418434 0.816176 0.115824 0.044118
0 0.442088 0.745915 0.055465 0.174837
0 0.400489 0.699346 0.050571 0.065359
0 0.360522 0.706699 0.035889 0.106209
0 0.504078 0.754085 0.130506 0.102941
0 0.514682 0.803922 0.066884 0.183007
0 0.209625 0.500000 0.079935 0.258170
0 0.325449 0.620098 0.125612 0.070261
0 0.384992 0.631536 0.150082 0.080065
0 0.283034 0.528595 0.040783 0.089869
0 0.323002 0.434641 0.029364 0.055556
0 0.318108 0.531863 0.048940 0.119281
0 0.422512 0.513889 0.094617 0.044118
0 0.432300 0.473856 0.045677 0.062092
0 0.466558 0.469771 0.081566 0.089869
0 0.377651 0.383170 0.083197 0.037582
0 0.523654 0.467320 0.104405 0.140523
0 0.554649 0.460784 0.091354 0.068627
0 0.596248 0.601307 0.073409 0.147059
0 0.669657 0.504902 0.125612 0.045752
0 0.755302 0.554739 0.172920 0.168301
0 0.788744 0.437092 0.115824 0.253268
0 0.886623 0.392157 0.057096 0.143791
0 0.595432 0.332516 0.068515 0.044118
0 0.654160 0.316993 0.104405 0.127451
0 0.696574 0.370098 0.133768 0.044118
0 0.712887 0.344771 0.052202 0.166667
0 0.214519 0.297386 0.053834 0.081699
0 0.445351 0.352941 0.169657 0.058824
0 0.364600 0.313725 0.040783 0.068627
0 0.351550 0.165850 0.148450 0.053922
0 0.345024 0.223039 0.106036 0.116013
0 0.481240 0.247549 0.290375 0.080065
0 0.495106 0.206699 0.063622 0.148693
0 0.517945 0.285131 0.109299 0.063725
0 0.877651 0.364379 0.205546 0.114379
0 0.779772 0.223039 0.208809 0.050654
0 0.633768 0.201797 0.083197 0.034314
0 0.615008 0.150327 0.199021 0.065359
0 0.588091 0.123366 0.070147 0.106209
0 0.704731 0.110294 0.065253 0.102941
0 0.824633 0.098039 0.151713 0.120915