0 0.622436 0.173142 0.101282 0.082770
0 0.619872 0.713682 0.034615 0.163851
0 0.408333 0.551520 0.124359 0.190878
0 0.506410 0.262669 0.053846 0.177365
0 0.764744 0.759291 0.139744 0.092905
0 0.796154 0.696791 0.056410 0.059122
0 0.357051 0.601351 0.044872 0.145270
0 0.664744 0.516047 0.101282 0.130068
0 0.505128 0.704392 0.089744 0.114865
0 0.559615 0.237331 0.052564 0.065878
0 0.437821 0.185811 0.093590 0.182432
0 0.354487 0.073480 0.096154 0.062500
0 0.856410 0.591216 0.035897 0.108108
0 0.293590 0.930743 0.105128 0.084459
0 0.257692 0.851351 0.061538 0.165541
0 0.450641 0.847973 0.124359 0.131757
0 0.321154 0.326014 0.055128 0.084459
0 0.949359 0.558277 0.075641 0.106419
0 0.351282 0.201014 0.048718 0.070946
0 0.582692 0.467061 0.085897 0.140203
0 0.886538 0.571791 0.080769 0.133446
0 0.655128 0.315878 0.087179 0.125000
0 0.698077 0.611486 0.096154 0.125000
0 0.091667 0.788851 0.108974 0.047297
0 0.441026 0.300676 0.053846 0.091216
0 0.532051 0.528716 0.061538 0.084459
0 0.185256 0.204392 0.067949 0.050676
0 0.685897 0.197635 0.051282 0.212838
0 0.721795 0.412162 0.138462 0.064189
0 0.507051 0.838682 0.078205 0.140203
0 0.628205 0.885135 0.151282 0.087838
0 0.793590 0.505068 0.148718 0.064189
0 0.822436 0.642736 0.047436 0.045608
0 0.222436 0.844595 0.114103 0.158784
0 0.451282 0.406250 0.066667 0.109797
0 0.371154 0.353885 0.067949 0.106419
0 0.294872 0.163851 0.058974 0.070946
0 0.574359 0.717061 0.082051 0.065878
0 0.644872 0.140203 0.041026 0.057432
0 0.546795 0.376689 0.050000 0.037162
0 0.723718 0.173986 0.034615 0.084459
0 0.666667 0.518581 0.035897 0.057432
0 0.381410 0.374155 0.050000 0.069257
0 0.657051 0.324324 0.144872 0.097973
0 0.194231 0.760980 0.096154 0.173986
0 0.613462 0.496622 0.039744 0.047297
0 0.187821 0.801520 0.065385 0.082770
0 0.661538 0.332770 0.220513 0.060811
0 0.367308 0.331926 0.057692 0.055743
0 0.201923 0.711149 0.083333 0.081081
0 0.639744 0.506757 0.100000 0.074324