0 0.934160 0.933463 0.103053 0.045220
0 0.708492 0.839147 0.121183 0.182171
0 0.781966 0.812016 0.054389 0.158915
0 0.743321 0.791344 0.041985 0.158915
0 0.720420 0.678941 0.024809 0.071059
0 0.796756 0.605943 0.080153 0.095607
0 0.776718 0.576227 0.026718 0.056848
0 0.913168 0.410853 0.064885 0.124031
0 0.714218 0.507106 0.109733 0.065891
0 0.685592 0.467054 0.083015 0.081395
0 0.854485 0.309432 0.048664 0.202842
0 0.413645 0.448966 0.056298 0.042636
0 0.451813 0.495478 0.021947 0.050388
0 0.486164 0.430233 0.031489 0.087855
0 0.509065 0.545220 0.081107 0.098191
0 0.550573 0.461240 0.051527 0.093023
0 0.583969 0.470930 0.083969 0.120155
0 0.534828 0.383721 0.058206 0.069767
0 0.407443 0.647287 0.026718 0.131783
0 0.335878 0.549742 0.095420 0.078811
0 0.302481 0.496124 0.074427 0.191214
0 0.240458 0.472868 0.051527 0.036176
0 0.169370 0.552972 0.102099 0.056848
0 0.113550 0.455426 0.076336 0.104651
0 0.134065 0.405039 0.060115 0.029716
0 0.168416 0.383075 0.071565 0.156331
0 0.168416 0.328165 0.031489 0.043928
0 0.063454 0.106589 0.107824 0.109819
0 0.105439 0.155685 0.035305 0.099483
0 0.135019 0.146641 0.037214 0.045220
0 0.051527 0.199612 0.036260 0.071059
0 0.082538 0.198320 0.025763 0.099483
0 0.065840 0.283592 0.057252 0.076227
0 0.166985 0.263566 0.043893 0.082687
0 0.181775 0.259044 0.081107 0.040052
0 0.198950 0.246124 0.037214 0.166667
0 0.258588 0.200904 0.106870 0.058140
0 0.183683 0.105297 0.065840 0.073643
0 0.286260 0.135659 0.078244 0.103359
0 0.181775 0.036822 0.102099 0.037468
0 0.239027 0.314599 0.035305 0.107235
0 0.276240 0.281008 0.067748 0.153747
0 0.283874 0.285530 0.027672 0.072351
0 0.331584 0.286176 0.081107 0.081395
0 0.343511 0.377907 0.068702 0.104651
0 0.328244 0.259044 0.022901 0.068475