0 0.767857 0.401019 0.215839 0.074236
0 0.385870 0.169578 0.104037 0.251820
0 0.328416 0.333333 0.150621 0.151383
0 0.718944 0.860990 0.145963 0.094614
0 0.378106 0.850801 0.116460 0.074236
0 0.215839 0.700873 0.105590 0.085881
0 0.762422 0.922125 0.136646 0.138282
0 0.114907 0.093159 0.080745 0.101892
0 0.293478 0.569869 0.059006 0.144105
0 0.765528 0.633188 0.149068 0.142649
0 0.257764 0.387918 0.065217 0.161572
0 0.102484 0.279476 0.195652 0.061135
0 0.421584 0.478894 0.069876 0.066958
0 0.645186 0.524745 0.250000 0.135371
0 0.169255 0.413392 0.086957 0.148472
0 0.741460 0.227074 0.116460 0.113537
0 0.250776 0.523290 0.045031 0.071325
0 0.496118 0.315138 0.135093 0.123726
0 0.730590 0.573508 0.041925 0.064047
0 0.586180 0.868996 0.147516 0.078603
0 0.731366 0.534207 0.102484 0.040757
0 0.395186 0.229985 0.197205 0.064047
0 0.892081 0.304221 0.057453 0.098981
0 0.836180 0.756186 0.057453 0.074236
0 0.656832 0.788937 0.232919 0.221252
0 0.590062 0.231441 0.059006 0.125182
0 0.861801 0.500000 0.133540 0.100437
0 0.830745 0.356623 0.077640 0.055313
0 0.646739 0.445415 0.104037 0.075691
0 0.088509 0.380640 0.068323 0.155750
0 0.925466 0.685590 0.062112 0.087336
0 0.783385 0.278748 0.066770 0.106259
0 0.642081 0.270015 0.054348 0.176128
0 0.178571 0.548763 0.071429 0.066958
0 0.871894 0.673945 0.100932 0.078603
0 0.139752 0.639010 0.083851 0.096070
0 0.671584 0.599709 0.076087 0.078603
0 0.482919 0.449782 0.111801 0.066958
0 0.628882 0.660844 0.145963 0.180495
0 0.108696 0.216157 0.068323 0.033479
0 0.517081 0.782387 0.093168 0.126638
0 0.593168 0.315138 0.068323 0.036390
0 0.465839 0.455604 0.077640 0.174672
0 0.450311 0.751092 0.059006 0.040757
0 0.550466 0.753275 0.209627 0.219796
0 0.591615 0.705240 0.152174 0.126638