0 0.260148 0.066164 0.035670 0.132328
0 0.348093 0.146566 0.110701 0.092127
0 0.241697 0.159966 0.087331 0.118928
0 0.293358 0.244556 0.084871 0.053601
0 0.204182 0.267169 0.098401 0.088777
0 0.432964 0.190955 0.046740 0.157454
0 0.495080 0.184255 0.109471 0.097152
0 0.546740 0.288945 0.094711 0.115578
0 0.487700 0.269682 0.055351 0.046901
0 0.595326 0.391960 0.073801 0.097152
0 0.446494 0.337521 0.073801 0.068677
0 0.416359 0.319933 0.062731 0.080402
0 0.375154 0.338358 0.039360 0.070352
0 0.367159 0.364322 0.107011 0.128978
0 0.461870 0.384422 0.104551 0.095477
0 0.447109 0.414573 0.067651 0.212730
0 0.474785 0.422948 0.046740 0.051926
0 0.488930 0.443049 0.104551 0.098827
0 0.373924 0.461474 0.086101 0.095477
0 0.345633 0.540201 0.031980 0.159129
0 0.431119 0.591290 0.104551 0.154104
0 0.304428 0.459799 0.045510 0.095477
0 0.207872 0.355946 0.027060 0.058626
0 0.247847 0.422111 0.057811 0.083752
0 0.231857 0.385260 0.028290 0.043551
0 0.223862 0.521776 0.125461 0.108878
0 0.298278 0.536013 0.047970 0.036851
0 0.212177 0.573702 0.050431 0.031826
0 0.257688 0.611390 0.052891 0.123953
0 0.304428 0.666667 0.050431 0.070352
0 0.267528 0.731156 0.099631 0.118928
0 0.386224 0.665829 0.073801 0.058626
0 0.400984 0.704355 0.078721 0.045226
0 0.435424 0.723618 0.108241 0.073702
0 0.428659 0.764657 0.099631 0.085427
0 0.489545 0.782245 0.036900 0.093802
0 0.164822 0.362647 0.056581 0.132328
0 0.123616 0.379397 0.070111 0.125628
0 0.132841 0.533501 0.093481 0.202680
0 0.097786 0.557789 0.104551 0.073702
0 0.897909 0.729481 0.041820 0.088777
0 0.873309 0.721106 0.110701 0.165829
0 0.958795 0.618090 0.045510 0.107203
0 0.827798 0.870184 0.115621 0.162479
0 0.940344 0.530151 0.121771 0.112228
0 0.275523 0.445561 0.039360 0.060302