0 0.358842 0.133929 0.080662 0.192857
0 0.322647 0.167857 0.103413 0.171429
0 0.425543 0.152679 0.077559 0.148214
0 0.479835 0.232143 0.099276 0.125000
0 0.550155 0.268750 0.101344 0.101786
0 0.557394 0.290179 0.035160 0.116071
0 0.601344 0.437500 0.061013 0.089286
0 0.485522 0.432143 0.029990 0.064286
0 0.542399 0.443750 0.042399 0.076786
0 0.506205 0.382143 0.054809 0.042857
0 0.562048 0.459821 0.108583 0.108929
0 0.679421 0.401786 0.101344 0.114286
0 0.643744 0.551786 0.052740 0.060714
0 0.676836 0.683929 0.025853 0.153571
0 0.578594 0.643750 0.042399 0.144643
0 0.581696 0.821429 0.025853 0.078571
0 0.664943 0.800000 0.111686 0.125000
0 0.418821 0.630357 0.049638 0.089286
0 0.383661 0.487500 0.043433 0.046429
0 0.399690 0.694643 0.067218 0.064286
0 0.355739 0.599107 0.039297 0.076786
0 0.326267 0.470536 0.102378 0.158929
0 0.369700 0.354464 0.092037 0.051786
0 0.373837 0.407143 0.050672 0.057143
0 0.462771 0.766964 0.100310 0.051786
0 0.463806 0.840179 0.048604 0.119643
0 0.355739 0.720536 0.039297 0.051786
0 0.398656 0.833929 0.071355 0.100000
0 0.346432 0.829464 0.078594 0.101786
0 0.294209 0.783929 0.063082 0.257143
0 0.274043 0.725000 0.078594 0.117857
0 0.254395 0.885714 0.039297 0.089286
0 0.176836 0.703571 0.068252 0.089286
0 0.168046 0.672321 0.129266 0.205357
0 0.251293 0.316964 0.022751 0.083929
0 0.260600 0.442857 0.031024 0.153571
0 0.221303 0.462500 0.041365 0.096429
0 0.190279 0.373214 0.024819 0.114286
0 0.127715 0.244643 0.048604 0.067857
0 0.218718 0.274107 0.094105 0.080357
0 0.225957 0.187500 0.069286 0.135714
0 0.102378 0.333036 0.140641 0.091071
0 0.129783 0.427679 0.073423 0.051786
0 0.143226 0.499107 0.081696 0.083929
0 0.592037 0.364286 0.081696 0.057143
0 0.953981 0.350893 0.038263 0.183929