0 0.090258 0.686581 0.106017 0.181985
0 0.166905 0.519301 0.113181 0.060662
0 0.245702 0.494485 0.058739 0.058824
0 0.241404 0.574449 0.118911 0.060662
0 0.391117 0.559743 0.074499 0.200368
0 0.310172 0.274816 0.050143 0.068015
0 0.356017 0.297794 0.064470 0.062500
0 0.402579 0.393382 0.031519 0.069853
0 0.351719 0.449449 0.141834 0.075368
0 0.323782 0.425551 0.051576 0.211397
0 0.282951 0.484375 0.067335 0.097426
0 0.494269 0.423713 0.083095 0.064338
0 0.461318 0.453125 0.080229 0.137868
0 0.502865 0.524816 0.065903 0.049632
0 0.488539 0.345588 0.054441 0.066176
0 0.513610 0.715993 0.061605 0.145221
0 0.454155 0.872243 0.068768 0.082721
0 0.569484 0.910846 0.053009 0.126838
0 0.677650 0.857537 0.054441 0.119485
0 0.669054 0.733456 0.106017 0.084559
0 0.615330 0.706801 0.095989 0.211397
0 0.719914 0.713235 0.127507 0.139706
0 0.775788 0.874081 0.124642 0.082721
0 0.881089 0.723346 0.123209 0.141544
0 0.823782 0.568015 0.031519 0.136029
0 0.867479 0.552390 0.204871 0.204044
0 0.604585 0.565257 0.085960 0.060662
0 0.756447 0.272978 0.051576 0.038603
0 0.770774 0.384191 0.048711 0.080882
0 0.731375 0.446691 0.090258 0.316176
0 0.686246 0.403493 0.054441 0.060662
0 0.621777 0.358456 0.071633 0.216912
0 0.583095 0.306985 0.051576 0.051471
0 0.560888 0.374081 0.075931 0.042279
0 0.532235 0.527574 0.124642 0.161765
0 0.623209 0.447610 0.094556 0.196691
0 0.868195 0.246324 0.054441 0.136029
0 0.754298 0.186581 0.133238 0.112132
0 0.785100 0.183824 0.143266 0.132353
0 0.620344 0.228860 0.065903 0.056985
0 0.545129 0.211397 0.061605 0.117647
0 0.452006 0.205882 0.084527 0.102941
0 0.421920 0.081801 0.087393 0.090074
0 0.386819 0.223346 0.065903 0.248162
0 0.252149 0.207721 0.203438 0.161765
0 0.227077 0.378676 0.107450 0.113971