0 0.096805 0.119819 0.116167 0.058290
0 0.891094 0.209197 0.043562 0.148964
0 0.672314 0.870466 0.045499 0.054404
0 0.846079 0.408679 0.034850 0.071244
0 0.580348 0.629534 0.062924 0.080311
0 0.874153 0.685233 0.077444 0.072539
0 0.836399 0.262306 0.032914 0.115285
0 0.715392 0.904793 0.092933 0.174870
0 0.552275 0.544689 0.080348 0.063472
0 0.469990 0.419689 0.084221 0.064767
0 0.111810 0.342617 0.064860 0.190415
0 0.514037 0.261658 0.025169 0.056995
0 0.672798 0.317358 0.052275 0.215026
0 0.740561 0.519430 0.030978 0.113990
0 0.868829 0.865933 0.084221 0.084197
0 0.793320 0.104922 0.105518 0.090674
0 0.439981 0.449482 0.041626 0.067358
0 0.743466 0.696244 0.050339 0.047927
0 0.798161 0.808938 0.026137 0.091969
0 0.242498 0.391839 0.103582 0.073834
0 0.194579 0.447539 0.077444 0.094560
0 0.553243 0.697539 0.099710 0.110104
0 0.628267 0.463731 0.054211 0.067358
0 0.780736 0.260363 0.041626 0.106218
0 0.178606 0.483808 0.093901 0.081606
0 0.041626 0.298575 0.034850 0.148964
0 0.462246 0.296632 0.055179 0.041451
0 0.725073 0.119171 0.073572 0.178756
0 0.709100 0.547280 0.031946 0.068653
0 0.958374 0.627591 0.048403 0.045337
0 0.897870 0.478627 0.051307 0.091969
0 0.769603 0.462435 0.030978 0.121762
0 0.743466 0.324482 0.032914 0.117876
0 0.430300 0.329016 0.028074 0.054404
0 0.792836 0.145725 0.029042 0.076425
0 0.811713 0.541451 0.039690 0.101036
0 0.645692 0.594560 0.042594 0.046632
0 0.470958 0.459845 0.028074 0.041451
0 0.642304 0.479275 0.055179 0.111399
0 0.904647 0.453368 0.088093 0.067358
0 0.643756 0.668394 0.081317 0.038860
0 0.639400 0.335492 0.053243 0.028497
0 0.731365 0.443653 0.037754 0.050518
0 0.165537 0.250648 0.060019 0.058290
0 0.694095 0.279793 0.023233 0.044041
0 0.759439 0.250648 0.031946 0.045337
0 0.765731 0.254534 0.042594 0.071244