0 0.163897 0.400000 0.152568 0.100787
0 0.490937 0.728346 0.193353 0.055118
0 0.616314 0.271654 0.141994 0.061417
0 0.364048 0.308661 0.060423 0.229921
0 0.898036 0.578740 0.043807 0.105512
0 0.646526 0.825197 0.145015 0.154331
0 0.367825 0.468504 0.089124 0.048819
0 0.302115 0.953543 0.045317 0.080315
0 0.829305 0.377953 0.075529 0.078740
0 0.339124 0.903150 0.113293 0.055118
0 0.334592 0.803150 0.077039 0.141732
0 0.624622 0.233858 0.055891 0.048819
0 0.179003 0.813386 0.052870 0.127559
0 0.457704 0.411811 0.135952 0.055118
0 0.574773 0.626772 0.206949 0.204724
0 0.296073 0.536220 0.141994 0.061417
0 0.391994 0.598425 0.095166 0.201575
0 0.734139 0.608661 0.066465 0.077165
0 0.138973 0.480315 0.087613 0.053543
0 0.364804 0.161417 0.173716 0.124409
0 0.707704 0.423622 0.043807 0.166929
0 0.664653 0.145669 0.163142 0.114961
0 0.441088 0.762205 0.057402 0.173228
0 0.267372 0.291339 0.132931 0.144882
0 0.758308 0.351181 0.051360 0.056693
0 0.565710 0.466929 0.046828 0.111811
0 0.836103 0.587402 0.043807 0.081890
0 0.620091 0.530709 0.116314 0.100787
0 0.925982 0.449606 0.075529 0.070866
0 0.095166 0.310236 0.132931 0.239370
0 0.778701 0.193701 0.101208 0.059843
0 0.691843 0.296850 0.090634 0.086614
0 0.837613 0.800000 0.107251 0.141732
0 0.503021 0.859055 0.042296 0.058268
0 0.951662 0.555906 0.075529 0.129134
0 0.811934 0.513386 0.164653 0.062992
0 0.815710 0.315748 0.054381 0.051969
0 0.820242 0.661417 0.066465 0.044094
0 0.339124 0.279528 0.146526 0.064567
0 0.568731 0.144882 0.143505 0.094488
0 0.620091 0.829921 0.098187 0.201575
0 0.574018 0.055118 0.123867 0.056693
0 0.576284 0.625197 0.161631 0.075591
0 0.250000 0.339370 0.146526 0.247244
0 0.653323 0.801575 0.188822 0.081890
0 0.397281 0.584252 0.138973 0.085039
0 0.631420 0.432283 0.045317 0.026772
0 0.053625 0.073228 0.061934 0.064567