0 0.549580 0.456085 0.087395 0.089084
0 0.668908 0.580301 0.057143 0.081556
0 0.555462 0.666876 0.058824 0.106650
0 0.298319 0.424090 0.078992 0.107905
0 0.405042 0.908407 0.131092 0.155583
0 0.450420 0.368883 0.154622 0.057716
0 0.424370 0.318068 0.102521 0.031368
0 0.523529 0.576537 0.149580 0.079046
0 0.428571 0.185696 0.171429 0.045169
0 0.904202 0.319322 0.104202 0.159348
0 0.404202 0.657465 0.243697 0.120452
0 0.678992 0.486198 0.124370 0.141782
0 0.745378 0.368883 0.119328 0.100376
0 0.515966 0.297365 0.080672 0.052698
0 0.436975 0.562108 0.211765 0.085320
0 0.827731 0.378921 0.142857 0.092848
0 0.157143 0.762861 0.132773 0.065245
0 0.815966 0.304893 0.102521 0.090339
0 0.357983 0.703890 0.063866 0.050188
0 0.617647 0.321832 0.068908 0.089084
0 0.316807 0.292974 0.065546 0.089084
0 0.588235 0.431619 0.060504 0.067754
0 0.447899 0.272271 0.052101 0.050188
0 0.553782 0.101004 0.166387 0.129235
0 0.467227 0.235257 0.168067 0.033877
0 0.370588 0.398369 0.085714 0.041405
0 0.315966 0.794856 0.063866 0.104141
0 0.560504 0.188206 0.102521 0.082811
0 0.596639 0.084693 0.053782 0.086575
0 0.186555 0.592221 0.127731 0.173149
0 0.647899 0.260979 0.109244 0.138018
0 0.478151 0.480552 0.048739 0.090339
0 0.836134 0.501882 0.115966 0.122961
0 0.798319 0.240276 0.231933 0.199498
0 0.619328 0.392095 0.078992 0.033877
0 0.221849 0.400878 0.087395 0.099122
0 0.852941 0.233375 0.078992 0.087829
0 0.835294 0.551443 0.094118 0.131744
0 0.213445 0.648683 0.144538 0.130489
0 0.704202 0.484316 0.228571 0.060226
0 0.477311 0.867629 0.077311 0.104141
0 0.451261 0.742785 0.139496 0.248432
0 0.456303 0.788582 0.109244 0.079046
0 0.431933 0.540778 0.047059 0.085320
0 0.468908 0.687578 0.117647 0.150565
0 0.698319 0.118570 0.048739 0.031368
0 0.147059 0.627980 0.200000 0.242158
0 0.146218 0.710790 0.100840 0.191970