0 0.287701 0.812693 0.188873 0.148607
0 0.317716 0.732972 0.161054 0.140867
0 0.449488 0.849845 0.134700 0.055728
0 0.482430 0.788700 0.183016 0.184211
0 0.624451 0.747678 0.142020 0.071207
0 0.644217 0.764706 0.087848 0.167183
0 0.522694 0.660217 0.046852 0.072755
0 0.546852 0.616873 0.071742 0.063467
0 0.456076 0.573529 0.103953 0.051084
0 0.598829 0.589009 0.093704 0.147059
0 0.661786 0.613777 0.046852 0.069659
0 0.799414 0.711300 0.079063 0.181115
0 0.810395 0.639319 0.194729 0.111455
0 0.766471 0.535604 0.150805 0.099071
0 0.780381 0.538700 0.134700 0.133127
0 0.879941 0.568885 0.181552 0.094427
0 0.846999 0.472136 0.162518 0.071207
0 0.789165 0.410991 0.149341 0.082043
0 0.800146 0.350619 0.060029 0.088235
0 0.847731 0.284056 0.076135 0.147059
0 0.874817 0.386223 0.045388 0.109907
0 0.915081 0.354489 0.064422 0.173375
0 0.781113 0.274768 0.057101 0.072755
0 0.707906 0.336687 0.103953 0.159443
0 0.649341 0.427245 0.109810 0.191950
0 0.611274 0.472910 0.109810 0.150155
0 0.568814 0.499226 0.062958 0.069659
0 0.145681 0.493808 0.130307 0.126935
0 0.142020 0.585139 0.093704 0.058824
0 0.273060 0.565789 0.095168 0.128483
0 0.298682 0.488390 0.111274 0.174923
0 0.387994 0.449690 0.111274 0.066563
0 0.349195 0.381579 0.109810 0.091331
0 0.323572 0.267028 0.087848 0.140867
0 0.166911 0.306502 0.175695 0.160991
0 0.205710 0.205108 0.183016 0.097523
0 0.414348 0.222910 0.213763 0.260062
0 0.411420 0.200464 0.120059 0.267802
0 0.509517 0.217492 0.073206 0.131579
0 0.535871 0.176471 0.055637 0.083591
0 0.558565 0.141641 0.092240 0.091331
0 0.540996 0.067337 0.183016 0.078947
0 0.714495 0.103715 0.184480 0.092879
0 0.653734 0.159443 0.106881 0.068111
0 0.721083 0.217492 0.139092 0.047988
0 0.760615 0.164087 0.103953 0.083591