0 0.459169 0.079686 0.075931 0.121212
0 0.270057 0.259820 0.116046 0.052750
0 0.515043 0.305275 0.127507 0.085297
0 0.512178 0.349046 0.044413 0.056117
0 0.681232 0.301908 0.053009 0.071829
0 0.648281 0.356341 0.153295 0.043771
0 0.563037 0.398990 0.083095 0.043771
0 0.499284 0.428171 0.047278 0.068462
0 0.417622 0.428171 0.081662 0.079686
0 0.419054 0.447250 0.090258 0.070707
0 0.444126 0.499439 0.051576 0.049383
0 0.207020 0.290685 0.058739 0.051627
0 0.310888 0.300786 0.123209 0.044893
0 0.251433 0.364759 0.061605 0.074074
0 0.272923 0.451178 0.067335 0.092031
0 0.205587 0.488777 0.044413 0.068462
0 0.207736 0.560606 0.071633 0.084175
0 0.138252 0.494388 0.084527 0.115600
0 0.465616 0.573513 0.157593 0.103255
0 0.589542 0.557239 0.035817 0.059484
0 0.646132 0.556117 0.074499 0.052750
0 0.641834 0.590348 0.034384 0.040404
0 0.591691 0.629068 0.063037 0.028058
0 0.689828 0.402918 0.050143 0.044893
0 0.750000 0.407407 0.107450 0.083053
0 0.699140 0.479798 0.048711 0.028058
0 0.779370 0.470258 0.074499 0.130191
0 0.840258 0.583614 0.084527 0.038159
0 0.681232 0.442200 0.050143 0.029181
0 0.710602 0.588103 0.040115 0.062851
0 0.750716 0.631313 0.034384 0.046016
0 0.816619 0.652637 0.065903 0.077441
0 0.751433 0.733446 0.047278 0.059484
0 0.818768 0.709877 0.093123 0.081930
0 0.856017 0.749158 0.098854 0.066218
0 0.865330 0.787318 0.057307 0.043771
0 0.698424 0.695286 0.041547 0.124579
0 0.623209 0.719416 0.123209 0.134680
0 0.717049 0.828283 0.070201 0.042649
0 0.522923 0.744669 0.131805 0.077441
0 0.408309 0.755892 0.154728 0.133558
0 0.476361 0.808642 0.104585 0.032548
0 0.479943 0.852974 0.151862 0.031425
0 0.966332 0.687991 0.070201 0.089787
0 0.611032 0.929854 0.107450 0.077441
0 0.079513 0.457351 0.093123 0.126824