0 0.031073 0.366232 0.042776 0.057096
0 0.077078 0.411909 0.052462 0.106036
0 0.066586 0.331158 0.026634 0.078303
0 0.047619 0.460033 0.038741 0.120718
0 0.023810 0.539152 0.036320 0.128874
0 0.161421 0.424959 0.064568 0.053834
0 0.194915 0.370310 0.031477 0.048940
0 0.268362 0.269168 0.020178 0.107667
0 0.531073 0.185971 0.056497 0.143556
0 0.446731 0.140294 0.034705 0.065253
0 0.447942 0.216966 0.030670 0.065253
0 0.424536 0.209625 0.032284 0.092985
0 0.365214 0.300979 0.025020 0.060359
0 0.326473 0.248777 0.058918 0.063622
0 0.345843 0.288744 0.021792 0.055465
0 0.305488 0.341762 0.023406 0.076672
0 0.297014 0.426591 0.046812 0.194127
0 0.271186 0.444535 0.045198 0.125612
0 0.263923 0.545677 0.032284 0.066884
0 0.284504 0.591354 0.020178 0.083197
0 0.300646 0.633768 0.021792 0.073409
0 0.305892 0.721044 0.067797 0.189233
0 0.326473 0.808320 0.068604 0.079935
0 0.415658 0.820555 0.046812 0.097879
0 0.355932 0.911909 0.056497 0.088091
0 0.525424 0.865416 0.106538 0.070147
0 0.464084 0.641109 0.045198 0.045677
0 0.487490 0.685971 0.051655 0.044046
0 0.524213 0.606852 0.023406 0.143556
0 0.489104 0.593801 0.040355 0.058728
0 0.500000 0.554649 0.026634 0.159869
0 0.528652 0.500000 0.029056 0.125612
0 0.547619 0.526917 0.020178 0.228385
0 0.594835 0.530179 0.050040 0.081566
0 0.664649 0.531811 0.028249 0.120718
0 0.632365 0.617455 0.071832 0.050571
0 0.593220 0.924959 0.033898 0.052202
0 0.502018 0.973899 0.054883 0.039152
0 0.296207 0.053834 0.025827 0.068515
0 0.821630 0.179445 0.051655 0.104405
0 0.845440 0.207993 0.031477 0.102773
0 0.867635 0.194127 0.029056 0.172920
0 0.914044 0.287113 0.062147 0.133768
0 0.828087 0.371941 0.082324 0.071778
0 0.962470 0.292822 0.029863 0.102773
0 0.972559 0.373573 0.037127 0.166395