0 0.587092 0.899510 0.200622 0.102941
0 0.412131 0.241013 0.055988 0.132353
0 0.721617 0.361111 0.133748 0.137255
0 0.667185 0.772059 0.096423 0.119281
0 0.819596 0.361111 0.127527 0.153595
0 0.612753 0.325163 0.133748 0.088235
0 0.394246 0.810458 0.157076 0.088235
0 0.748834 0.741830 0.138414 0.098039
0 0.619751 0.814542 0.073095 0.050654
0 0.637636 0.656046 0.174184 0.070261
0 0.475894 0.793301 0.127527 0.063725
0 0.269829 0.383170 0.079316 0.148693
0 0.367030 0.531863 0.208398 0.070261
0 0.456454 0.465686 0.125972 0.055556
0 0.277605 0.690359 0.104199 0.076797
0 0.109642 0.398693 0.110420 0.186275
0 0.564541 0.756536 0.102644 0.192810
0 0.681182 0.437908 0.161742 0.173203
0 0.471229 0.553105 0.059098 0.086601
0 0.601089 0.540033 0.091757 0.057190
0 0.791602 0.612745 0.080871 0.143791
0 0.220062 0.081699 0.085537 0.062092
0 0.271384 0.225490 0.247278 0.084967
0 0.753499 0.548203 0.060653 0.060458
0 0.311042 0.827614 0.096423 0.109477
0 0.812597 0.598039 0.104199 0.078431
0 0.740280 0.330882 0.065319 0.073529
0 0.325816 0.739379 0.076205 0.040850
0 0.835148 0.492647 0.080871 0.171569
0 0.511664 0.650327 0.124417 0.094771
0 0.177294 0.532680 0.108865 0.267974
0 0.444012 0.689542 0.157076 0.153595
0 0.565319 0.589052 0.116641 0.057190
0 0.446345 0.667484 0.043546 0.066993
0 0.765941 0.687908 0.079316 0.068627
0 0.199067 0.241013 0.068429 0.181373
0 0.460342 0.254902 0.227061 0.078431
0 0.409020 0.343137 0.342146 0.133987
0 0.628305 0.485294 0.105754 0.045752
0 0.669518 0.625000 0.094868 0.050654
0 0.474339 0.325163 0.152411 0.042484
0 0.892691 0.567810 0.096423 0.207516
0 0.451788 0.762255 0.181960 0.181373
0 0.479782 0.343954 0.085537 0.227124
0 0.907465 0.520425 0.069984 0.106209
0 0.237170 0.584150 0.275272 0.184641
0 0.153966 0.625817 0.214619 0.104575
0 0.449456 0.673203 0.090202 0.098039
0 0.315708 0.321895 0.158631 0.088235
0 0.468896 0.330065 0.113530 0.088235