0 0.045122 0.828143 0.034146 0.066897
0 0.170732 0.717993 0.051220 0.024221
0 0.300610 0.776240 0.057317 0.092272
0 0.334146 0.790081 0.068293 0.087659
0 0.404878 0.855825 0.063415 0.034602
0 0.398780 0.890427 0.058537 0.029988
0 0.324390 0.934256 0.060976 0.087659
0 0.576220 0.844867 0.047561 0.031142
0 0.465854 0.981546 0.119512 0.029988
0 0.545732 0.703576 0.135366 0.066897
0 0.515244 0.762976 0.076829 0.077278
0 0.660366 0.707036 0.052439 0.032295
0 0.631098 0.624567 0.079268 0.040369
0 0.659756 0.534025 0.058537 0.159170
0 0.734146 0.535179 0.039024 0.115340
0 0.775610 0.468858 0.060976 0.081892
0 0.763415 0.408881 0.053659 0.061130
0 0.887805 0.275087 0.090244 0.118800
0 0.926220 0.320646 0.108537 0.032295
0 0.756098 0.103230 0.131707 0.151096
0 0.665854 0.200692 0.131707 0.071511
0 0.658537 0.235294 0.080488 0.173010
0 0.490854 0.213956 0.086585 0.042676
0 0.551829 0.207612 0.074390 0.050750
0 0.534146 0.273356 0.146341 0.050750
0 0.521951 0.304498 0.048780 0.043829
0 0.588415 0.335640 0.062195 0.099193
0 0.587805 0.381776 0.080488 0.085352
0 0.492073 0.362745 0.050000 0.028835
0 0.453049 0.391003 0.196341 0.036909
0 0.417073 0.425606 0.063415 0.034602
0 0.371951 0.449827 0.024390 0.043829
0 0.367073 0.504614 0.075610 0.051903
0 0.419512 0.506344 0.029268 0.041522
0 0.453049 0.504614 0.050000 0.109573
0 0.400610 0.549596 0.076829 0.044983
0 0.390244 0.564014 0.109756 0.078431
0 0.328049 0.697232 0.058537 0.035755
0 0.392683 0.705306 0.053659 0.056517
0 0.423171 0.658593 0.063415 0.059977
0 0.506098 0.639562 0.073171 0.121107
0 0.506707 0.635525 0.098780 0.046136
0 0.581098 0.625721 0.069512 0.118800
0 0.556707 0.452134 0.059756 0.069204
0 0.548780 0.487313 0.082927 0.072664
0 0.781707 0.899077 0.112195 0.058824