0 0.639620 0.956761 0.135965 0.073899
0 0.689327 0.870283 0.176901 0.092767
0 0.736111 0.818396 0.042398 0.102201
0 0.932749 0.746855 0.078947 0.157233
0 0.875000 0.721698 0.039474 0.066038
0 0.832602 0.775943 0.121345 0.108491
0 0.864766 0.696541 0.109649 0.201258
0 0.552632 0.759434 0.114035 0.207547
0 0.589912 0.802673 0.121345 0.039308
0 0.633041 0.743711 0.064327 0.034591
0 0.640351 0.687893 0.029240 0.058176
0 0.540205 0.707547 0.138889 0.119497
0 0.519737 0.709119 0.042398 0.097484
0 0.385234 0.572327 0.054094 0.119497
0 0.450292 0.567610 0.163743 0.166667
0 0.440058 0.576258 0.049708 0.061321
0 0.490497 0.546384 0.033626 0.080189
0 0.507310 0.532233 0.108187 0.073899
0 0.526316 0.459906 0.087719 0.136792
0 0.584795 0.474057 0.026316 0.045597
0 0.634503 0.508648 0.073099 0.045597
0 0.637427 0.547170 0.064327 0.150943
0 0.707602 0.560535 0.058480 0.108491
0 0.738304 0.544811 0.134503 0.061321
0 0.724415 0.460692 0.036550 0.059748
0 0.792398 0.450472 0.058480 0.029874
0 0.800439 0.483491 0.051170 0.039308
0 0.753655 0.455189 0.059942 0.190252
0 0.693713 0.390723 0.045322 0.073899
0 0.804094 0.391509 0.058480 0.075472
0 0.846491 0.406447 0.049708 0.099057
0 0.899123 0.505503 0.043860 0.105346
0 0.616228 0.427673 0.077485 0.066038
0 0.668129 0.336478 0.096491 0.056604
0 0.798246 0.251572 0.108187 0.110063
0 0.589912 0.204403 0.106725 0.132075
0 0.514620 0.221698 0.070175 0.072327
0 0.497076 0.312893 0.081871 0.069182
0 0.493421 0.361635 0.115497 0.091195
0 0.286550 0.399371 0.119883 0.132075
0 0.312135 0.323899 0.118421 0.066038
0 0.401316 0.315252 0.095029 0.080189
0 0.311404 0.261792 0.149123 0.061321
0 0.268275 0.190252 0.115497 0.084906
0 0.068713 0.229560 0.128655 0.091195
0 0.202485 0.097484 0.135965 0.132075