0 0.113225 0.297656 0.168478 0.076563
0 0.100543 0.416406 0.059783 0.260937
0 0.312500 0.396875 0.110507 0.075000
0 0.427536 0.444531 0.057971 0.082812
0 0.356884 0.484375 0.065217 0.053125
0 0.246377 0.502344 0.123188 0.167187
0 0.220109 0.666406 0.175725 0.085938
0 0.256341 0.786719 0.161232 0.170313
0 0.338768 0.738281 0.101449 0.064062
0 0.390399 0.756250 0.085145 0.125000
0 0.624094 0.637500 0.070652 0.037500
0 0.600543 0.663281 0.099638 0.073438
0 0.528986 0.685156 0.057971 0.039062
0 0.615942 0.735938 0.152174 0.050000
0 0.512681 0.789844 0.061594 0.039062
0 0.591486 0.818750 0.179348 0.109375
0 0.713768 0.809375 0.072464 0.190625
0 0.563406 0.918750 0.112319 0.109375
0 0.847826 0.763281 0.166667 0.254688
0 0.894022 0.771094 0.074275 0.085938
0 0.818841 0.456250 0.184783 0.065625
0 0.856884 0.529687 0.173913 0.059375
0 0.739130 0.495312 0.047101 0.087500
0 0.736413 0.571094 0.092391 0.085938
0 0.847826 0.628125 0.039855 0.093750
0 0.893116 0.597656 0.036232 0.054688
0 0.812500 0.334375 0.081522 0.053125
0 0.637681 0.373437 0.097826 0.068750
0 0.742754 0.371094 0.257246 0.095312
0 0.613225 0.516406 0.096014 0.048438
0 0.547101 0.581250 0.043478 0.071875
0 0.362319 0.276562 0.068841 0.084375
0 0.384058 0.324219 0.166667 0.054688
0 0.503623 0.331250 0.126812 0.106250
0 0.503623 0.320312 0.123188 0.125000
0 0.465580 0.358594 0.057971 0.123438
0 0.233696 0.117969 0.163043 0.060937
0 0.334239 0.147656 0.157609 0.126562
0 0.473732 0.095312 0.139493 0.096875
0 0.501812 0.144531 0.105072 0.114062
0 0.592391 0.105469 0.072464 0.045312
0 0.624094 0.149219 0.092391 0.129688
0 0.644928 0.176563 0.155797 0.078125
0 0.813406 0.164844 0.094203 0.060937
0 0.826087 0.166406 0.072464 0.070312
0 0.819746 0.269531 0.237319 0.120313