0 0.802265 0.625000 0.078397 0.132812
0 0.553136 0.888672 0.127178 0.074219
0 0.100174 0.640625 0.127178 0.140625
0 0.371951 0.774414 0.109756 0.169922
0 0.553136 0.561523 0.054007 0.087891
0 0.446864 0.305664 0.155052 0.115234
0 0.418990 0.900391 0.071429 0.140625
0 0.591463 0.710938 0.050523 0.125000
0 0.712544 0.644531 0.055749 0.058594
0 0.446864 0.604492 0.141115 0.076172
0 0.834495 0.195312 0.104530 0.156250
0 0.258711 0.158203 0.102787 0.144531
0 0.228223 0.763672 0.069686 0.121094
0 0.318815 0.707031 0.059233 0.156250
0 0.445993 0.395508 0.080139 0.044922
0 0.680314 0.715820 0.088850 0.193359
0 0.959059 0.637695 0.057491 0.197266
0 0.727352 0.278320 0.165505 0.080078
0 0.439024 0.544922 0.104530 0.070312
0 0.627178 0.810547 0.052265 0.085938
0 0.508711 0.103516 0.080139 0.082031
0 0.401568 0.440430 0.043554 0.091797
0 0.716028 0.151367 0.104530 0.185547
0 0.493031 0.675781 0.149826 0.121094
0 0.605401 0.164062 0.078397 0.046875
0 0.748258 0.352539 0.088850 0.099609
0 0.598432 0.080078 0.074913 0.105469
0 0.896341 0.571289 0.141115 0.154297
0 0.820557 0.353516 0.149826 0.093750
0 0.471254 0.452148 0.099303 0.080078
0 0.329268 0.372070 0.101045 0.052734
0 0.083624 0.504883 0.121951 0.146484
0 0.297909 0.559570 0.128920 0.169922
0 0.363240 0.620117 0.050523 0.154297
0 0.509582 0.853516 0.120209 0.105469
0 0.364983 0.488281 0.067944 0.085938
0 0.285714 0.275391 0.139373 0.097656
0 0.155923 0.496094 0.078397 0.183594
0 0.617596 0.602539 0.106272 0.091797
0 0.501742 0.345703 0.128920 0.093750
0 0.918118 0.616211 0.041812 0.095703
0 0.376307 0.123047 0.118467 0.167969
0 0.819686 0.506836 0.071429 0.060547
0 0.227352 0.585938 0.109756 0.046875
0 0.442509 0.819336 0.062718 0.142578
0 0.301394 0.601562 0.059233 0.097656