0 0.133764 0.483449 0.186347 0.252613
0 0.678044 0.437282 0.182657 0.174216
0 0.900369 0.489547 0.158672 0.310105
0 0.612546 0.130662 0.239852 0.219512
0 0.302583 0.731707 0.265683 0.153310
0 0.778598 0.645470 0.107011 0.301394
0 0.410517 0.853659 0.226937 0.101045
0 0.408672 0.456446 0.271218 0.149826
0 0.452952 0.603659 0.193727 0.221254
0 0.569188 0.797909 0.105166 0.233449
0 0.239852 0.567073 0.239852 0.113240
0 0.722325 0.125436 0.241697 0.163763
0 0.231550 0.468641 0.105166 0.229965
0 0.486162 0.502613 0.079336 0.186411
0 0.671587 0.837979 0.154982 0.188153
0 0.370849 0.143728 0.232472 0.172474
0 0.476937 0.924216 0.134686 0.099303
0 0.635609 0.308362 0.160517 0.101045
0 0.721402 0.842334 0.121771 0.120209
0 0.892066 0.602787 0.116236 0.222997
0 0.428967 0.094948 0.167897 0.151568
0 0.374539 0.310976 0.125461 0.120209
0 0.213100 0.184669 0.134686 0.174216
0 0.690037 0.351045 0.228782 0.137631
0 0.744465 0.472125 0.138376 0.121951
0 0.267528 0.640244 0.081181 0.179443
0 0.828413 0.307491 0.092251 0.155052
0 0.441882 0.520906 0.064576 0.160279
0 0.537823 0.598432 0.156827 0.102787
0 0.191882 0.324913 0.184502 0.099303
0 0.733395 0.188153 0.175277 0.090592
0 0.264760 0.322300 0.127306 0.121951
0 0.329336 0.121080 0.094096 0.099303
0 0.340406 0.470383 0.167897 0.066202
0 0.690037 0.540941 0.114391 0.071429
0 0.157749 0.479094 0.071956 0.104530
0 0.532288 0.358885 0.105166 0.069686
0 0.312731 0.290941 0.049815 0.066202
0 0.502768 0.247387 0.127306 0.066202
0 0.681734 0.658537 0.105166 0.069686
0 0.361624 0.656794 0.092251 0.062718
0 0.458487 0.740418 0.071956 0.073171
0 0.425277 0.789199 0.116236 0.052265
0 0.559963 0.524390 0.094096 0.066202
0 0.228782 0.626307 0.247232 0.092334