0 0.425532 0.093496 0.130699 0.056911
0 0.322948 0.234146 0.117021 0.120325
0 0.215046 0.216260 0.156535 0.126829
0 0.202888 0.376423 0.083587 0.138211
0 0.227964 0.488618 0.057751 0.066667
0 0.287234 0.525203 0.033435 0.084553
0 0.697568 0.150407 0.066869 0.040650
0 0.778116 0.191057 0.130699 0.115447
0 0.670973 0.262602 0.123100 0.092683
0 0.621581 0.282927 0.072948 0.097561
0 0.753799 0.358537 0.148936 0.115447
0 0.805471 0.448780 0.072948 0.065041
0 0.870821 0.417073 0.069909 0.128455
0 0.575988 0.361789 0.118541 0.164228
0 0.695289 0.434146 0.074468 0.087805
0 0.604863 0.485366 0.063830 0.063415
0 0.546353 0.468293 0.068389 0.113821
0 0.533435 0.455285 0.079027 0.078049
0 0.470365 0.391057 0.059271 0.131707
0 0.478723 0.327642 0.103343 0.115447
0 0.430851 0.378049 0.077508 0.079675
0 0.397416 0.377236 0.059271 0.091057
0 0.457447 0.485366 0.106383 0.209756
0 0.424772 0.574797 0.053191 0.095935
0 0.537234 0.684553 0.059271 0.081301
0 0.553191 0.651220 0.079027 0.095935
0 0.621581 0.633333 0.082067 0.040650
0 0.682371 0.630894 0.060790 0.100813
0 0.721884 0.562602 0.100304 0.120325
0 0.752280 0.617073 0.085106 0.128455
0 0.877660 0.610569 0.138298 0.121951
0 0.663374 0.714634 0.129179 0.173984
0 0.703647 0.878862 0.075988 0.066667
0 0.626140 0.830894 0.051672 0.061789
0 0.544833 0.854472 0.138298 0.105691
0 0.476444 0.888618 0.141337 0.050407
0 0.419453 0.712195 0.130699 0.211382
0 0.484802 0.617886 0.039514 0.045528
0 0.478723 0.728455 0.139818 0.165854
0 0.308511 0.630894 0.042553 0.071545
0 0.255319 0.649593 0.121581 0.157724
0 0.288754 0.756911 0.158055 0.082927
0 0.170973 0.652846 0.050152 0.183740
0 0.101824 0.598374 0.112462 0.107317
0 0.224924 0.858537 0.072948 0.094309
0 0.258359 0.922764 0.142857 0.069919