0 0.343992 0.590491 0.129845 0.180982
0 0.204457 0.480061 0.137597 0.125767
0 0.763566 0.195552 0.174419 0.096626
0 0.347868 0.692485 0.149225 0.062883
0 0.712209 0.708589 0.129845 0.116564
0 0.405039 0.255368 0.069767 0.081288
0 0.495155 0.075920 0.180233 0.099693
0 0.343992 0.770706 0.087209 0.139571
0 0.785853 0.916411 0.056202 0.102761
0 0.562016 0.713190 0.170543 0.113497
0 0.258721 0.197086 0.106589 0.133436
0 0.788760 0.724693 0.065891 0.118098
0 0.542636 0.785276 0.108527 0.046012
0 0.125000 0.471626 0.164729 0.142638
0 0.476744 0.355061 0.151163 0.105828
0 0.598837 0.623466 0.077519 0.161043
0 0.363372 0.393405 0.137597 0.185583
0 0.611434 0.141871 0.176357 0.084356
0 0.656977 0.401074 0.131783 0.127301
0 0.820736 0.459356 0.129845 0.133436
0 0.523256 0.717025 0.085271 0.053681
0 0.272287 0.579755 0.075581 0.036810
0 0.588178 0.316718 0.071705 0.111963
0 0.608527 0.526074 0.193798 0.076687
0 0.821705 0.611196 0.186047 0.081288
0 0.755814 0.533742 0.108527 0.107362
0 0.218992 0.225460 0.093023 0.088957
0 0.754845 0.272239 0.094961 0.078221
0 0.603682 0.250767 0.137597 0.081288
0 0.470930 0.414110 0.073643 0.064417
0 0.486434 0.718558 0.081395 0.093558
0 0.218992 0.355828 0.147287 0.122699
0 0.471899 0.203988 0.098837 0.055215
0 0.468992 0.144172 0.182171 0.070552
0 0.414729 0.246166 0.193798 0.081288
0 0.673450 0.532975 0.079457 0.194785
0 0.792636 0.496933 0.232558 0.073620
0 0.629845 0.565951 0.065891 0.067485
0 0.913760 0.583589 0.067829 0.044479
0 0.338178 0.349693 0.168605 0.033742
0 0.485465 0.246933 0.083333 0.033742
0 0.466085 0.325920 0.075581 0.093558
0 0.729651 0.628834 0.091085 0.058282
0 0.800388 0.539110 0.302326 0.111963
0 0.211240 0.359663 0.062016 0.035276
0 0.124031 0.444018 0.062016 0.047546