0 0.185393 0.663748 0.198502 0.073555
0 0.470037 0.147110 0.168539 0.052539
0 0.326779 0.808231 0.185393 0.092820
0 0.539326 0.220665 0.067416 0.101576
0 0.697566 0.156743 0.174157 0.103327
0 0.342697 0.637478 0.089888 0.112084
0 0.611423 0.326620 0.061798 0.131349
0 0.184457 0.385289 0.076779 0.059545
0 0.235019 0.761821 0.129213 0.122592
0 0.453184 0.847636 0.048689 0.080560
0 0.933521 0.190893 0.099251 0.133100
0 0.182584 0.869527 0.174157 0.106830
0 0.102996 0.391419 0.093633 0.197898
0 0.619850 0.847636 0.071161 0.084063
0 0.505618 0.873905 0.052434 0.105079
0 0.323970 0.528897 0.089888 0.126095
0 0.664794 0.669877 0.134831 0.071804
0 0.241573 0.432574 0.063670 0.063047
0 0.470974 0.640981 0.073034 0.126095
0 0.083333 0.708406 0.099251 0.117338
0 0.357678 0.933450 0.265918 0.077058
0 0.508427 0.789842 0.144195 0.045534
0 0.603933 0.723292 0.110487 0.126095
0 0.414794 0.685639 0.080524 0.152364
0 0.240637 0.582312 0.106742 0.113835
0 0.602060 0.615587 0.095506 0.057793
0 0.802434 0.267951 0.084270 0.105079
0 0.397940 0.555166 0.095506 0.073555
0 0.130150 0.614711 0.117978 0.220665
0 0.145131 0.480736 0.204120 0.187391
0 0.368914 0.260946 0.153558 0.171629
0 0.255618 0.350263 0.069288 0.045534
0 0.070225 0.579685 0.076779 0.049037
0 0.839888 0.579685 0.050562 0.143608
0 0.761236 0.443082 0.136704 0.084063
0 0.688202 0.350263 0.058052 0.073555
0 0.346442 0.458844 0.093633 0.063047
0 0.895131 0.082312 0.071161 0.038529
0 0.236891 0.265324 0.039326 0.057793
0 0.892322 0.251313 0.050562 0.106830
0 0.563670 0.374781 0.071161 0.059545
0 0.430712 0.261821 0.056180 0.099825
0 0.549625 0.530648 0.065543 0.038529
0 0.764981 0.065674 0.196629 0.047285
0 0.587079 0.742557 0.181648 0.052539
0 0.686330 0.410683 0.110487 0.054291