0 0.782021 0.647712 0.095182 0.066574
0 0.256757 0.922330 0.139835 0.072122
0 0.641598 0.780860 0.049354 0.113731
0 0.441833 0.402913 0.075206 0.117892
0 0.255582 0.877947 0.097532 0.102635
0 0.524089 0.564494 0.091657 0.091540
0 0.690952 0.442441 0.058754 0.072122
0 0.412456 0.536061 0.131610 0.134535
0 0.479436 0.746186 0.070505 0.105409
0 0.965335 0.849515 0.059929 0.042996
0 0.664512 0.352982 0.066980 0.048544
0 0.353702 0.639390 0.086957 0.119279
0 0.707403 0.540915 0.032902 0.072122
0 0.729730 0.721221 0.098707 0.049931
0 0.400705 0.437587 0.103408 0.101248
0 0.806698 0.581137 0.048179 0.044383
0 0.518801 0.489598 0.055229 0.047157
0 0.613396 0.968793 0.072855 0.051318
0 0.079906 0.114424 0.086957 0.165049
0 0.465922 0.342580 0.059929 0.127601
0 0.576381 0.942441 0.083431 0.101248
0 0.458284 0.701803 0.077556 0.069348
0 0.383666 0.552705 0.069330 0.065187
0 0.655699 0.609570 0.192714 0.142857
0 0.739130 0.438974 0.068155 0.151179
0 0.244418 0.633148 0.054054 0.042996
0 0.659224 0.391817 0.058754 0.048544
0 0.767333 0.413315 0.042303 0.119279
0 0.411868 0.635922 0.048179 0.037448
0 0.672738 0.575589 0.045828 0.047157
0 0.594007 0.320388 0.095182 0.091540
0 0.321387 0.870319 0.038778 0.092926
0 0.660987 0.486130 0.048179 0.081831
0 0.400118 0.897365 0.078731 0.102635
0 0.957697 0.807212 0.072855 0.044383
0 0.316686 0.563800 0.045828 0.153953
0 0.510576 0.368932 0.052879 0.074896
0 0.648061 0.538141 0.095182 0.038835
0 0.745006 0.579057 0.049354 0.123440
0 0.784371 0.698336 0.088132 0.045770
0 0.411281 0.688627 0.042303 0.065187
0 0.581081 0.404300 0.029377 0.087379
0 0.591657 0.472261 0.111633 0.092926
0 0.713278 0.626907 0.044653 0.030513
0 0.646298 0.773925 0.176263 0.077670