0 0.835931 0.942615 0.047580 0.102794
0 0.842084 0.943114 0.092699 0.095808
0 0.872436 0.897705 0.064807 0.104790
0 0.041017 0.253493 0.050861 0.051896
0 0.143150 0.304391 0.151764 0.061876
0 0.165710 0.247006 0.022970 0.064870
0 0.280558 0.230539 0.029532 0.077844
0 0.086957 0.105788 0.054143 0.057884
0 0.202625 0.090319 0.080394 0.064870
0 0.349877 0.120259 0.053322 0.112774
0 0.406891 0.301397 0.042658 0.095808
0 0.453651 0.318862 0.022970 0.048902
0 0.499180 0.368263 0.064807 0.061876
0 0.561526 0.316866 0.051682 0.086826
0 0.543478 0.108782 0.040197 0.097804
0 0.656276 0.243513 0.047580 0.167665
0 0.744873 0.091816 0.091879 0.081836
0 0.759229 0.070359 0.061526 0.116766
0 0.826087 0.257984 0.036095 0.122754
0 0.849467 0.379242 0.028712 0.061876
0 0.887613 0.414671 0.037736 0.052894
0 0.869975 0.355289 0.166530 0.093812
0 0.914684 0.301397 0.068909 0.065868
0 0.876948 0.300898 0.034454 0.106786
0 0.908532 0.237026 0.023790 0.096806
0 0.966366 0.401198 0.039377 0.115768
0 0.950369 0.424152 0.043478 0.095808
0 0.747744 0.627745 0.040197 0.039920
0 0.673093 0.526447 0.099262 0.088822
0 0.625923 0.514471 0.026251 0.078842
0 0.630845 0.514970 0.070550 0.045908
0 0.679655 0.507485 0.028712 0.046906
0 0.319114 0.750499 0.039377 0.111776
0 0.449139 0.743014 0.074651 0.036926
0 0.451600 0.730539 0.027071 0.057884
0 0.417555 0.616766 0.022970 0.071856
0 0.462674 0.669162 0.045939 0.048902
0 0.516407 0.769461 0.061526 0.049900
0 0.509844 0.651697 0.064807 0.057884
0 0.557424 0.661677 0.036916 0.145709
0 0.574241 0.647206 0.052502 0.072854
0 0.580804 0.648204 0.050861 0.154691
0 0.630845 0.577345 0.095160 0.094810
0 0.934783 0.579840 0.030353 0.057884
0 0.505742 0.216068 0.033634 0.030938
0 0.433552 0.290918 0.020509 0.042914