0 0.596398 0.699780 0.158898 0.082327
0 0.211864 0.524698 0.114407 0.065862
0 0.627119 0.143249 0.194915 0.036224
0 0.148305 0.165203 0.067797 0.117453
0 0.599576 0.333150 0.199153 0.119649
0 0.355932 0.924808 0.152542 0.099890
0 0.845339 0.545554 0.182203 0.105379
0 0.724576 0.224479 0.199153 0.034029
0 0.695975 0.397914 0.125000 0.077936
0 0.709746 0.508233 0.059322 0.061471
0 0.365466 0.753019 0.239407 0.144896
0 0.417373 0.146542 0.173729 0.073546
0 0.264831 0.077936 0.173729 0.122942
0 0.340042 0.552689 0.158898 0.069155
0 0.496822 0.336443 0.137712 0.075741
0 0.725636 0.545005 0.116525 0.036224
0 0.109110 0.093304 0.120763 0.046103
0 0.129237 0.263996 0.110169 0.075741
0 0.579449 0.543359 0.150424 0.103183
0 0.522246 0.795829 0.065678 0.092206
0 0.596398 0.210757 0.091102 0.035126
0 0.488347 0.515368 0.294492 0.071350
0 0.512712 0.485181 0.118644 0.059276
0 0.377119 0.114709 0.148305 0.073546
0 0.523305 0.690999 0.211864 0.141603
0 0.330508 0.629528 0.093220 0.031833
0 0.719280 0.716246 0.095339 0.042810
0 0.718220 0.645993 0.122881 0.034029
0 0.246822 0.209111 0.044492 0.040615
0 0.670551 0.378156 0.125000 0.084523
0 0.763771 0.445664 0.192797 0.076839
0 0.179025 0.383644 0.158898 0.058178
0 0.592161 0.406696 0.057203 0.091109
0 0.640890 0.663557 0.065678 0.073546
0 0.417373 0.619100 0.114407 0.096597
0 0.259534 0.396817 0.086864 0.025247
0 0.382415 0.240395 0.044492 0.043908
0 0.350636 0.193743 0.108051 0.029638
0 0.483051 0.290340 0.190678 0.064764
0 0.300847 0.352909 0.182203 0.031833
0 0.421610 0.214599 0.067797 0.034029
0 0.268008 0.149286 0.095339 0.019759
0 0.198093 0.220088 0.052966 0.084523
0 0.239407 0.304610 0.046610 0.038419
0 0.744703 0.674533 0.078390 0.042810
0 0.426907 0.238200 0.184322 0.109769