0 0.358541 0.265723 0.119217 0.125786
0 0.698399 0.687893 0.062278 0.095912
0 0.592527 0.871855 0.177936 0.051887
0 0.505338 0.206761 0.145907 0.121069
0 0.453737 0.915094 0.217082 0.066038
0 0.132562 0.758648 0.147687 0.174528
0 0.226868 0.708333 0.072954 0.099057
0 0.836299 0.745283 0.156584 0.172956
0 0.813167 0.599057 0.213523 0.100629
0 0.526690 0.647013 0.046263 0.108491
0 0.816726 0.426887 0.120996 0.155660
0 0.537367 0.349843 0.117438 0.073899
0 0.586299 0.127358 0.101423 0.106918
0 0.690391 0.761792 0.163701 0.089623
0 0.112100 0.507075 0.060498 0.161950
0 0.403915 0.212264 0.074733 0.059748
0 0.241993 0.438679 0.064057 0.188679
0 0.594306 0.583333 0.096085 0.132075
0 0.314947 0.513365 0.092527 0.095912
0 0.728648 0.394654 0.072954 0.110063
0 0.768683 0.360849 0.074733 0.102201
0 0.914591 0.538522 0.060498 0.080189
0 0.585409 0.774371 0.067616 0.061321
0 0.786477 0.652516 0.103203 0.138365
0 0.350534 0.641509 0.071174 0.097484
0 0.831851 0.486635 0.090747 0.124214
0 0.167260 0.723270 0.099644 0.122642
0 0.596975 0.308962 0.151246 0.105346
0 0.486655 0.808962 0.190391 0.121069
0 0.413701 0.683176 0.062278 0.117925
0 0.677936 0.437107 0.049822 0.069182
0 0.446619 0.456761 0.096085 0.055031
0 0.293594 0.175314 0.145907 0.102201
0 0.750000 0.275943 0.144128 0.080189
0 0.720641 0.493711 0.078292 0.062893
0 0.659253 0.633648 0.080071 0.100629
0 0.627224 0.163522 0.090747 0.059748
0 0.261566 0.433962 0.135231 0.040881
0 0.331851 0.776730 0.104982 0.194969
0 0.269573 0.699686 0.126335 0.207547
0 0.431495 0.524371 0.040925 0.067610
0 0.595196 0.713050 0.165480 0.070755
0 0.357651 0.349843 0.224199 0.183962
0 0.484875 0.719340 0.083630 0.055031
0 0.509786 0.557390 0.044484 0.077044
0 0.246441 0.438679 0.122776 0.072327