0 0.084195 0.625947 0.076809 0.195076
0 0.134417 0.710227 0.026588 0.075758
0 0.167651 0.649621 0.066470 0.037879
0 0.245199 0.734848 0.132939 0.121212
0 0.239291 0.778409 0.070901 0.121212
0 0.345643 0.664773 0.032496 0.132576
0 0.198671 0.560606 0.119645 0.113636
0 0.288035 0.466856 0.053176 0.081439
0 0.314623 0.549242 0.115214 0.064394
0 0.356721 0.411932 0.116691 0.107955
0 0.422452 0.508523 0.121123 0.179924
0 0.505170 0.571970 0.044313 0.102273
0 0.324963 0.357008 0.106352 0.070076
0 0.493353 0.483902 0.041359 0.051136
0 0.317578 0.282197 0.088626 0.083333
0 0.446824 0.291667 0.048744 0.098485
0 0.542836 0.465909 0.098966 0.098485
0 0.138848 0.267992 0.056130 0.153409
0 0.515510 0.204545 0.085672 0.041667
0 0.585672 0.188447 0.075332 0.123106
0 0.696455 0.199811 0.143279 0.089015
0 0.601920 0.303977 0.104874 0.085227
0 0.530281 0.397727 0.053176 0.034091
0 0.620384 0.424242 0.041359 0.071970
0 0.669129 0.143939 0.059084 0.204545
0 0.711965 0.337121 0.085672 0.136364
0 0.803545 0.310606 0.056130 0.045455
0 0.827179 0.234848 0.082718 0.106061
0 0.844165 0.345644 0.045790 0.062500
0 0.700886 0.461174 0.196455 0.104167
0 0.807976 0.474432 0.159527 0.126894
0 0.777696 0.501894 0.066470 0.083333
0 0.551699 0.736742 0.033973 0.140152
0 0.609306 0.536932 0.051699 0.054924
0 0.611521 0.704545 0.050222 0.143939
0 0.670606 0.639205 0.097489 0.092803
0 0.698671 0.605114 0.041359 0.077652
0 0.777696 0.602273 0.119645 0.098485
0 0.768833 0.653409 0.054653 0.056818
0 0.718612 0.710227 0.084195 0.049242
0 0.751108 0.806818 0.054653 0.121212
0 0.813885 0.766098 0.067947 0.096591
0 0.706795 0.852273 0.193501 0.178030
0 0.874446 0.690341 0.041359 0.107955
0 0.922452 0.613636 0.081241 0.064394
0 0.918759 0.641098 0.038405 0.195076