0 0.757983 0.607445 0.164706 0.081218
0 0.303361 0.869712 0.075630 0.101523
0 0.443697 0.148054 0.121008 0.238579
0 0.252941 0.268190 0.062185 0.069374
0 0.765546 0.442470 0.129412 0.150592
0 0.269748 0.166667 0.065546 0.109983
0 0.441176 0.834179 0.122689 0.152284
0 0.584034 0.424704 0.112605 0.203046
0 0.660504 0.427242 0.077311 0.093063
0 0.489076 0.063452 0.107563 0.065990
0 0.145378 0.456853 0.119328 0.155668
0 0.257983 0.650592 0.216807 0.113367
0 0.132773 0.210660 0.164706 0.170897
0 0.414286 0.890863 0.122689 0.130288
0 0.692437 0.884095 0.110924 0.208122
0 0.664706 0.586294 0.112605 0.137056
0 0.311765 0.439086 0.062185 0.133672
0 0.294118 0.543993 0.087395 0.055838
0 0.365546 0.194585 0.062185 0.071066
0 0.521849 0.624365 0.048739 0.118443
0 0.215966 0.538917 0.075630 0.065990
0 0.468908 0.384941 0.050420 0.093063
0 0.216807 0.225042 0.070588 0.182741
0 0.873950 0.837563 0.124370 0.216582
0 0.534454 0.413706 0.097479 0.191201
0 0.477311 0.722504 0.215126 0.094755
0 0.366387 0.387479 0.050420 0.077834
0 0.857143 0.648054 0.157983 0.101523
0 0.367227 0.759729 0.115966 0.077834
0 0.477311 0.672589 0.127731 0.116751
0 0.263866 0.743655 0.077311 0.120135
0 0.563866 0.829949 0.126050 0.093063
0 0.517647 0.301184 0.063866 0.057530
0 0.323529 0.323181 0.152941 0.118443
0 0.787395 0.888325 0.105882 0.135364
0 0.409244 0.939086 0.112605 0.087986
0 0.648739 0.862098 0.194958 0.065990
0 0.573950 0.232657 0.095798 0.072758
0 0.516807 0.202200 0.082353 0.160745
0 0.686555 0.692047 0.233613 0.257191
0 0.213445 0.406937 0.134454 0.045685
0 0.117647 0.429780 0.110924 0.189509
0 0.448739 0.243655 0.077311 0.162437
0 0.114286 0.219120 0.114286 0.059222
0 0.360504 0.580372 0.166387 0.054146
0 0.131092 0.478003 0.060504 0.042301
0 0.740336 0.642978 0.112605 0.165821
0 0.646218 0.748731 0.179832 0.157360