0 0.262791 0.631452 0.165891 0.156452
0 0.283721 0.728226 0.055814 0.040323
0 0.267442 0.550000 0.119380 0.103226
0 0.278295 0.632258 0.141085 0.183871
0 0.160465 0.470161 0.141085 0.072581
0 0.096899 0.620161 0.091473 0.053226
0 0.212403 0.290323 0.111628 0.067742
0 0.178295 0.383065 0.077519 0.117742
0 0.355814 0.419355 0.100775 0.077419
0 0.292248 0.384677 0.072868 0.146774
0 0.280620 0.387903 0.139535 0.085484
0 0.430233 0.329839 0.054264 0.040323
0 0.492248 0.197581 0.079070 0.150000
0 0.549612 0.244355 0.041860 0.120968
0 0.612403 0.193548 0.046512 0.119355
0 0.558915 0.320968 0.075969 0.061290
0 0.506202 0.441129 0.054264 0.059677
0 0.390698 0.538710 0.096124 0.125806
0 0.429457 0.528226 0.058915 0.037097
0 0.456589 0.566935 0.069767 0.043548
0 0.596124 0.468548 0.038760 0.040323
0 0.577519 0.629032 0.079070 0.035484
0 0.496124 0.672581 0.052713 0.112903
0 0.472868 0.738710 0.055814 0.048387
0 0.313953 0.792742 0.125581 0.088710
0 0.544961 0.789516 0.091473 0.091935
0 0.521705 0.849194 0.122481 0.037097
0 0.678295 0.733871 0.057364 0.138710
0 0.730233 0.716129 0.037209 0.093548
0 0.605426 0.924194 0.153488 0.100000
0 0.717054 0.550000 0.051163 0.038710
0 0.671318 0.546774 0.037209 0.061290
0 0.765116 0.627419 0.035659 0.090323
0 0.863566 0.632258 0.142636 0.129032
0 0.868217 0.578226 0.176744 0.159677
0 0.899225 0.329839 0.114729 0.079032
0 0.831008 0.370968 0.111628 0.048387
0 0.762016 0.312903 0.048062 0.112903
0 0.715504 0.370968 0.066667 0.064516
0 0.782946 0.422581 0.058915 0.045161
0 0.706202 0.419355 0.085271 0.070968
0 0.652713 0.295968 0.071318 0.062903
0 0.638760 0.380645 0.055814 0.061290
0 0.624806 0.449194 0.058915 0.075806
0 0.840310 0.764516 0.046512 0.103226
0 0.724031 0.100806 0.114729 0.056452