0 0.865909 0.955600 0.075455 0.066599
0 0.779545 0.877397 0.113636 0.091826
0 0.700909 0.912210 0.060000 0.056509
0 0.614091 0.909183 0.055455 0.054490
0 0.557273 0.947528 0.065455 0.096872
0 0.509545 0.924823 0.060909 0.051463
0 0.390909 0.932896 0.038182 0.107972
0 0.901818 0.787588 0.041818 0.178607
0 0.945000 0.730071 0.088182 0.063572
0 0.866818 0.767911 0.037273 0.082745
0 0.847273 0.810797 0.047273 0.037336
0 0.823636 0.771948 0.049091 0.064581
0 0.845455 0.717962 0.041818 0.035318
0 0.778636 0.728052 0.039091 0.053481
0 0.736818 0.760848 0.073636 0.119072
0 0.725909 0.689203 0.040909 0.050454
0 0.660455 0.719980 0.051818 0.029263
0 0.623636 0.699798 0.087273 0.055499
0 0.610909 0.665994 0.085455 0.040363
0 0.598636 0.637235 0.037273 0.041372
0 0.693636 0.632190 0.158182 0.089808
0 0.711818 0.600908 0.089091 0.138244
0 0.676364 0.528759 0.049091 0.137235
0 0.673636 0.549950 0.110909 0.062563
0 0.812273 0.545913 0.077273 0.084763
0 0.605000 0.486377 0.037273 0.046418
0 0.554091 0.488396 0.050000 0.034309
0 0.579091 0.537841 0.036364 0.096872
0 0.708182 0.409183 0.034545 0.079717
0 0.545000 0.390515 0.033636 0.064581
0 0.500000 0.613522 0.049091 0.104945
0 0.470000 0.655399 0.069091 0.033300
0 0.449545 0.583754 0.030000 0.107972
0 0.365000 0.647830 0.070000 0.048436
0 0.252273 0.538850 0.086364 0.040363
0 0.267727 0.486882 0.028182 0.067608
0 0.730455 0.344097 0.044545 0.179617
0 0.705909 0.270938 0.044545 0.107972
0 0.061818 0.497477 0.110909 0.080727
0 0.146818 0.378910 0.080909 0.065590
0 0.365455 0.318365 0.030909 0.122099
0 0.040909 0.166498 0.041818 0.121090
0 0.182727 0.189707 0.078182 0.098890
0 0.209091 0.171039 0.076364 0.069627
0 0.181364 0.039859 0.073636 0.057518
0 0.413636 0.184157 0.100000 0.037336