0 0.245315 0.096350 0.153322 0.081752
0 0.419932 0.218248 0.086882 0.115328
0 0.471891 0.265693 0.085179 0.099270
0 0.348382 0.320438 0.134583 0.091971
0 0.477853 0.374453 0.059625 0.036496
0 0.448893 0.407299 0.042589 0.058394
0 0.338160 0.400000 0.182283 0.067153
0 0.366269 0.460584 0.129472 0.039416
0 0.454855 0.497810 0.051107 0.064234
0 0.403748 0.512409 0.064736 0.099270
0 0.295571 0.529197 0.093697 0.042336
0 0.316865 0.571533 0.126065 0.103650
0 0.378194 0.615328 0.078365 0.054015
0 0.276831 0.637226 0.107325 0.042336
0 0.339012 0.690511 0.095400 0.081752
0 0.431857 0.678102 0.076661 0.080292
0 0.104770 0.648175 0.083475 0.166423
0 0.218058 0.722628 0.129472 0.218978
0 0.459966 0.849635 0.122658 0.029197
0 0.471891 0.911679 0.139693 0.097810
0 0.355196 0.867153 0.161840 0.204380
0 0.359455 0.852555 0.054514 0.169343
0 0.457411 0.772993 0.059625 0.129927
0 0.513629 0.745985 0.080068 0.040876
0 0.588586 0.883212 0.131175 0.213139
0 0.591141 0.711679 0.051107 0.042336
0 0.517888 0.746715 0.228279 0.179562
0 0.575809 0.643796 0.153322 0.043796
0 0.629472 0.689781 0.069847 0.036496
0 0.702726 0.770803 0.120954 0.143066
0 0.872232 0.709489 0.112436 0.108029
0 0.758092 0.591971 0.078365 0.054015
0 0.697615 0.642336 0.069847 0.154745
0 0.767462 0.639416 0.100511 0.064234
0 0.863714 0.644526 0.109029 0.170803
0 0.772572 0.506569 0.032368 0.078832
0 0.711244 0.500000 0.080068 0.056934
0 0.698467 0.450365 0.143101 0.059854
0 0.447189 0.580292 0.247019 0.036496
0 0.574957 0.398540 0.069847 0.061314
0 0.529813 0.415328 0.109029 0.059854
0 0.545997 0.466423 0.158433 0.086131
0 0.563884 0.286131 0.078365 0.131387
0 0.622658 0.282482 0.066440 0.188321
0 0.672913 0.305839 0.105622 0.083212
0 0.742760 0.337956 0.051107 0.089051