0 0.121841 0.554711 0.048736 0.139818
0 0.799639 0.712766 0.050542 0.079027
0 0.831227 0.187690 0.052347 0.144377
0 0.565884 0.776596 0.153430 0.063830
0 0.536101 0.662614 0.108303 0.106383
0 0.602888 0.596505 0.115523 0.095745
0 0.709386 0.407295 0.144404 0.066869
0 0.455776 0.848024 0.063177 0.100304
0 0.177798 0.550152 0.066787 0.060790
0 0.240975 0.732523 0.225632 0.085106
0 0.657040 0.211246 0.108303 0.130699
0 0.302347 0.753040 0.207581 0.135258
0 0.681408 0.908815 0.102888 0.139818
0 0.200361 0.506839 0.111913 0.047112
0 0.777076 0.794833 0.074007 0.060790
0 0.423285 0.279635 0.135379 0.042553
0 0.906137 0.212006 0.079422 0.241641
0 0.107401 0.706687 0.041516 0.072948
0 0.754513 0.109422 0.083032 0.115502
0 0.757220 0.193009 0.113718 0.106383
0 0.482852 0.949088 0.048736 0.053191
0 0.465704 0.662614 0.039711 0.057751
0 0.422383 0.582067 0.054152 0.091185
0 0.543321 0.493921 0.097473 0.039514
0 0.722022 0.792553 0.115523 0.101824
0 0.462094 0.424012 0.162455 0.085106
0 0.231047 0.335106 0.176895 0.086626
0 0.186823 0.409574 0.074007 0.095745
0 0.346570 0.287994 0.173285 0.101824
0 0.107401 0.759878 0.084838 0.045593
0 0.352888 0.469605 0.074007 0.048632
0 0.069495 0.539514 0.084838 0.100304
0 0.881769 0.300152 0.059567 0.141337
0 0.709386 0.346505 0.057762 0.051672
0 0.275271 0.646657 0.106498 0.068389
0 0.368231 0.368541 0.115523 0.189970
0 0.129964 0.651216 0.090253 0.037994
0 0.344765 0.666413 0.072202 0.092705
0 0.444043 0.481763 0.108303 0.051672
0 0.341155 0.553951 0.184116 0.089666
0 0.768953 0.238602 0.209386 0.185410
0 0.357401 0.617021 0.198556 0.085106
0 0.685921 0.933131 0.151625 0.066869
0 0.632671 0.876900 0.247292 0.133739
0 0.533394 0.866261 0.055957 0.097264
0 0.351986 0.734802 0.064982 0.031915
0 0.194043 0.252280 0.095668 0.045593