0 0.424955 0.509028 0.075949 0.215278
0 0.486438 0.373611 0.079566 0.130556
0 0.562387 0.652083 0.184448 0.112500
0 0.750452 0.313194 0.166365 0.115278
0 0.649186 0.848611 0.086799 0.069444
0 0.331826 0.831944 0.081374 0.063889
0 0.554250 0.323611 0.056058 0.047222
0 0.528029 0.854861 0.122966 0.051389
0 0.680832 0.294444 0.179024 0.172222
0 0.885172 0.347917 0.095841 0.073611
0 0.651899 0.637500 0.182640 0.069444
0 0.433092 0.348611 0.084991 0.086111
0 0.481917 0.756944 0.175407 0.036111
0 0.186257 0.718750 0.227848 0.068056
0 0.133816 0.625694 0.050633 0.129167
0 0.320072 0.745139 0.061483 0.068056
0 0.063291 0.590972 0.054250 0.087500
0 0.210669 0.771528 0.059675 0.068056
0 0.226040 0.893750 0.133816 0.090278
0 0.216998 0.860417 0.130199 0.112500
0 0.785714 0.853472 0.186257 0.084722
0 0.581374 0.338889 0.056058 0.058333
0 0.759494 0.659028 0.112116 0.106944
0 0.477396 0.697917 0.054250 0.059722
0 0.468354 0.177778 0.231465 0.136111
0 0.700723 0.839583 0.077758 0.162500
0 0.329114 0.596528 0.061483 0.098611
0 0.589512 0.777083 0.180832 0.079167
0 0.416817 0.914583 0.168174 0.034722
0 0.406872 0.694444 0.122966 0.088889
0 0.541591 0.897917 0.132007 0.037500
0 0.460217 0.853472 0.128391 0.076389
0 0.440325 0.811111 0.088608 0.072222
0 0.338156 0.690278 0.130199 0.097222
0 0.269439 0.688194 0.115732 0.076389
0 0.613020 0.282639 0.072333 0.034722
0 0.933092 0.052083 0.054250 0.054167
0 0.740506 0.570139 0.106691 0.056944
0 0.417722 0.784028 0.072333 0.034722
0 0.603074 0.813194 0.113924 0.031944
0 0.283906 0.625000 0.039783 0.061111
0 0.214286 0.618750 0.099458 0.054167
0 0.130199 0.740278 0.126582 0.105556
0 0.769439 0.538194 0.135624 0.084722
0 0.203436 0.562500 0.059675 0.025000
0 0.193490 0.589583 0.188065 0.068056
0 0.287523 0.936806 0.090416 0.040278