0 0.176786 0.393631 0.114286 0.150318
0 0.892857 0.674522 0.207143 0.059873
0 0.153571 0.649045 0.121429 0.082803
0 0.670536 0.773248 0.233929 0.129936
0 0.283036 0.417834 0.076786 0.112102
0 0.910714 0.712739 0.150000 0.044586
0 0.454464 0.862420 0.233929 0.142675
0 0.534821 0.245223 0.148214 0.164331
0 0.397321 0.214013 0.119643 0.157962
0 0.595536 0.483439 0.083929 0.031847
0 0.205357 0.612102 0.114286 0.143949
0 0.842857 0.805096 0.142857 0.142675
0 0.416964 0.085987 0.119643 0.131210
0 0.566964 0.445223 0.130357 0.126115
0 0.481250 0.471338 0.083929 0.058599
0 0.516071 0.539490 0.150000 0.067516
0 0.734821 0.876433 0.198214 0.076433
0 0.425000 0.778344 0.071429 0.043312
0 0.522321 0.415287 0.273214 0.058599
0 0.536607 0.175796 0.087500 0.140127
0 0.356250 0.313376 0.080357 0.061146
0 0.295536 0.751592 0.133929 0.096815
0 0.233929 0.201274 0.142857 0.109554
0 0.527679 0.738854 0.091071 0.045860
0 0.437500 0.755414 0.207143 0.058599
0 0.302679 0.291720 0.133929 0.168153
0 0.736607 0.551592 0.216071 0.168153
0 0.449107 0.445223 0.112500 0.057325
0 0.834821 0.592994 0.076786 0.049682
0 0.320536 0.493631 0.176786 0.177070
0 0.291964 0.494904 0.194643 0.085350
0 0.312500 0.579618 0.121429 0.099363
0 0.320536 0.689809 0.091071 0.049682
0 0.371429 0.825478 0.178571 0.040764
0 0.283929 0.536306 0.100000 0.061146
0 0.750000 0.654777 0.150000 0.040764
0 0.463393 0.674522 0.194643 0.113376
0 0.430357 0.610191 0.107143 0.076433
0 0.721429 0.680892 0.107143 0.154140
0 0.453571 0.610191 0.260714 0.086624
0 0.490179 0.871338 0.180357 0.091720
0 0.624107 0.538854 0.105357 0.076433
0 0.385714 0.629936 0.035714 0.059873
0 0.644643 0.573248 0.114286 0.135032
0 0.297321 0.335032 0.062500 0.066242
0 0.451786 0.677070 0.175000 0.049682