0 0.859794 0.434263 0.057732 0.163347
0 0.319588 0.845618 0.148454 0.089641
0 0.453608 0.772908 0.065979 0.083665
0 0.398969 0.401394 0.109278 0.081673
0 0.419588 0.201195 0.084536 0.143426
0 0.476289 0.099602 0.061856 0.095618
0 0.560825 0.864542 0.065979 0.155378
0 0.535052 0.329681 0.072165 0.069721
0 0.196907 0.627490 0.121649 0.187251
0 0.624742 0.813745 0.090722 0.077689
0 0.709278 0.443227 0.185567 0.181275
0 0.807216 0.416335 0.072165 0.091633
0 0.702062 0.883466 0.076289 0.085657
0 0.457732 0.368526 0.086598 0.155378
0 0.704124 0.679283 0.076289 0.051793
0 0.948454 0.435259 0.057732 0.165339
0 0.703093 0.792829 0.078351 0.067729
0 0.584536 0.430279 0.105155 0.083665
0 0.745361 0.185259 0.187629 0.179283
0 0.125773 0.489044 0.098969 0.312749
0 0.563918 0.745020 0.109278 0.087649
0 0.354639 0.734064 0.082474 0.153386
0 0.741237 0.573705 0.101031 0.087649
0 0.407216 0.612550 0.096907 0.121514
0 0.640206 0.546813 0.068041 0.209163
0 0.193814 0.269920 0.210309 0.169323
0 0.801031 0.736056 0.101031 0.057769
0 0.773196 0.349602 0.144330 0.097610
0 0.339175 0.556773 0.063918 0.125498
0 0.592784 0.159363 0.187629 0.107570
0 0.704124 0.206175 0.146392 0.093625
0 0.223711 0.428287 0.088660 0.163347
0 0.385567 0.572709 0.061856 0.069721
0 0.303093 0.403386 0.074227 0.109562
0 0.718557 0.621514 0.117526 0.063745
0 0.327835 0.518924 0.123711 0.165339
0 0.203093 0.376494 0.290722 0.203187
0 0.503093 0.626494 0.082474 0.201195
0 0.339175 0.692231 0.237113 0.065737
0 0.683505 0.301793 0.220619 0.069721
0 0.620619 0.131474 0.074227 0.067729
0 0.748454 0.482072 0.103093 0.095618
0 0.624742 0.263944 0.160825 0.057769
0 0.528866 0.185259 0.059794 0.127490
0 0.544330 0.542829 0.107216 0.173307
0 0.125773 0.415339 0.148454 0.149402
0 0.329897 0.310757 0.032990 0.059761
0 0.251546 0.349602 0.185567 0.133466
0 0.605155 0.416335 0.039175 0.055777
0 0.687629 0.554781 0.030928 0.033865