0 0.845840 0.558118 0.161501 0.097786
0 0.058728 0.461255 0.107667 0.184502
0 0.206362 0.436347 0.086460 0.208487
0 0.862969 0.696494 0.101142 0.164207
0 0.515498 0.368081 0.117455 0.057196
0 0.384176 0.559041 0.171289 0.118081
0 0.137031 0.444649 0.071778 0.177122
0 0.469005 0.151292 0.119086 0.118081
0 0.176183 0.647601 0.061990 0.177122
0 0.258564 0.666052 0.109299 0.073801
0 0.781403 0.364391 0.208809 0.101476
0 0.331158 0.200185 0.088091 0.083026
0 0.726754 0.558118 0.053834 0.097786
0 0.447798 0.507380 0.181077 0.118081
0 0.403752 0.621771 0.092985 0.147601
0 0.483687 0.275830 0.102773 0.075646
0 0.735726 0.866236 0.110930 0.094096
0 0.620718 0.183579 0.092985 0.053506
0 0.598695 0.622694 0.091354 0.223247
0 0.755302 0.494465 0.075041 0.047970
0 0.265090 0.596863 0.073409 0.060886
0 0.933116 0.673432 0.042414 0.099631
0 0.442904 0.794280 0.184339 0.138376
0 0.550571 0.750000 0.063622 0.223247
0 0.852365 0.390221 0.070147 0.223247
0 0.321370 0.538745 0.075041 0.047970
0 0.769168 0.741697 0.102773 0.084871
0 0.585644 0.449262 0.065253 0.053506
0 0.496737 0.474170 0.119086 0.110701
0 0.483687 0.320111 0.119086 0.060886
0 0.281403 0.791513 0.135400 0.092251
0 0.331158 0.438192 0.052202 0.149446
0 0.371126 0.271218 0.128874 0.147601
0 0.527732 0.452952 0.066884 0.068266
0 0.620718 0.496310 0.138662 0.258303
0 0.421697 0.761070 0.089723 0.108856
0 0.750408 0.261993 0.159869 0.062731
0 0.617455 0.867159 0.057096 0.177122
0 0.521207 0.934502 0.177814 0.108856
0 0.580750 0.098708 0.287113 0.079336
0 0.262643 0.881919 0.071778 0.051661
0 0.634584 0.551661 0.104405 0.084871
0 0.269168 0.249077 0.114192 0.055351
0 0.628874 0.843173 0.249592 0.129151
0 0.328711 0.452030 0.106036 0.051661
0 0.256117 0.309963 0.035889 0.029520
0 0.260196 0.330258 0.034258 0.033210
0 0.332790 0.447417 0.078303 0.101476
0 0.623165 0.917897 0.045677 0.083026
0 0.453507 0.571033 0.061990 0.046125
0 0.397227 0.228782 0.070147 0.073801
0 0.529364 0.880074 0.210440 0.206642