0 0.449488 0.922659 0.140556 0.111262
0 0.315520 0.707598 0.162518 0.112619
0 0.343338 0.547490 0.144949 0.088195
0 0.319912 0.635685 0.089312 0.050204
0 0.739385 0.627544 0.152269 0.066486
0 0.606149 0.309362 0.046852 0.075984
0 0.579063 0.862958 0.121523 0.192673
0 0.808199 0.540706 0.076135 0.109905
0 0.218155 0.552917 0.049780 0.080054
0 0.262079 0.559023 0.067350 0.132972
0 0.199854 0.453867 0.153734 0.055631
0 0.349195 0.247626 0.250366 0.107191
0 0.142753 0.371777 0.086384 0.127544
0 0.530015 0.242198 0.099561 0.058345
0 0.360176 0.473541 0.245974 0.132972
0 0.786969 0.295115 0.168375 0.172320
0 0.765739 0.354817 0.187408 0.210312
0 0.613470 0.501357 0.043924 0.101764
0 0.123719 0.636364 0.095168 0.162822
0 0.598829 0.185210 0.102489 0.069199
0 0.434114 0.356852 0.074671 0.065129
0 0.879209 0.337856 0.112738 0.078697
0 0.330161 0.366350 0.124451 0.119403
0 0.471449 0.121438 0.076135 0.164179
0 0.257687 0.204206 0.175695 0.134328
0 0.245242 0.341248 0.144949 0.085482
0 0.327965 0.229308 0.155198 0.154681
0 0.685944 0.452510 0.071742 0.256445
0 0.660322 0.440299 0.061493 0.039349
0 0.222548 0.381954 0.093704 0.039349
0 0.420937 0.191316 0.062958 0.189959
0 0.106881 0.496608 0.178624 0.078697
0 0.100293 0.504071 0.162518 0.161465
0 0.394583 0.488467 0.051245 0.059701
0 0.361640 0.134328 0.105417 0.176391
0 0.615666 0.125509 0.101025 0.036635
0 0.777452 0.755088 0.181552 0.196744
0 0.442899 0.341248 0.144949 0.139756
0 0.874817 0.472185 0.203514 0.103121
0 0.549780 0.489824 0.039531 0.111262
0 0.737921 0.784261 0.084919 0.157395
0 0.544656 0.550204 0.090776 0.185889
0 0.578331 0.547490 0.175695 0.169607
0 0.761347 0.227951 0.122987 0.214383
0 0.367496 0.425373 0.131772 0.058345
0 0.555637 0.859566 0.051245 0.039349
0 0.818448 0.327001 0.125915 0.168250
0 0.491947 0.452510 0.076135 0.080054
0 0.365300 0.126187 0.065886 0.037992
0 0.562958 0.862958 0.071742 0.065129