0 0.421435 0.395233 0.036721 0.093347
0 0.434244 0.544687 0.036721 0.157895
0 0.371904 0.589374 0.060632 0.038729
0 0.569172 0.714995 0.074295 0.109235
0 0.715628 0.212016 0.049530 0.050645
0 0.659693 0.329196 0.086251 0.080437
0 0.956874 0.185700 0.052092 0.121152
0 0.790777 0.060079 0.083689 0.116187
0 0.628950 0.386792 0.055508 0.038729
0 0.467976 0.136544 0.046114 0.092354
0 0.724167 0.242304 0.061486 0.065541
0 0.784799 0.322244 0.076857 0.086395
0 0.389411 0.410626 0.029035 0.080437
0 0.377028 0.927507 0.074295 0.133069
0 0.888557 0.049156 0.087959 0.098312
0 0.941076 0.139027 0.039283 0.097319
0 0.754483 0.247766 0.101623 0.132075
0 0.501708 0.681231 0.055508 0.085402
0 0.788215 0.158888 0.042699 0.031778
0 0.327925 0.500993 0.051238 0.048659
0 0.859949 0.251738 0.052946 0.054618
0 0.453032 0.165343 0.050384 0.094340
0 0.929547 0.054121 0.046968 0.056604
0 0.611016 0.334657 0.035013 0.047666
0 0.838173 0.330189 0.079419 0.044687
0 0.622972 0.549652 0.053800 0.094340
0 0.040991 0.314796 0.054654 0.057597
0 0.669513 0.356008 0.054654 0.038729
0 0.681896 0.230884 0.029889 0.034757
0 0.897523 0.274578 0.090521 0.072493
0 0.825363 0.098808 0.077711 0.068520
0 0.720751 0.323237 0.051238 0.032771
0 0.888984 0.107249 0.059778 0.023833
0 0.892400 0.027805 0.032451 0.053625
0 0.666097 0.277061 0.040991 0.037736
0 0.895389 0.127607 0.082835 0.036743
0 0.616140 0.215492 0.040137 0.025819
0 0.516652 0.133565 0.092229 0.098312
0 0.834757 0.134558 0.041845 0.072493
0 0.463279 0.458292 0.029889 0.038729
0 0.760888 0.564548 0.040991 0.034757
0 0.886849 0.183217 0.070880 0.060576
0 0.213920 0.805362 0.076003 0.039722
0 0.399231 0.358987 0.033305 0.030785
0 0.900512 0.189176 0.062340 0.090367
0 0.896670 0.165343 0.047822 0.034757
0 0.494876 0.126117 0.048676 0.087388