0 0.618222 0.340491 0.080889 0.104294
0 0.894667 0.456544 0.093333 0.078732
0 0.564000 0.489264 0.040000 0.091002
0 0.622222 0.908998 0.110222 0.042945
0 0.698222 0.921779 0.118222 0.144172
0 0.802667 0.676380 0.048000 0.048057
0 0.576000 0.391104 0.060444 0.086912
0 0.713778 0.127812 0.040889 0.106339
0 0.738222 0.837935 0.054222 0.080777
0 0.674667 0.529141 0.078222 0.093047
0 0.401333 0.319018 0.043556 0.079755
0 0.748000 0.519427 0.048889 0.110429
0 0.785778 0.175869 0.099556 0.026585
0 0.723111 0.850204 0.125333 0.054192
0 0.568444 0.428937 0.084444 0.093047
0 0.648889 0.961145 0.062222 0.049080
0 0.426222 0.722393 0.031111 0.140082
0 0.758667 0.353783 0.082667 0.073620
0 0.838667 0.414622 0.068444 0.046012
0 0.951556 0.444274 0.041778 0.093047
0 0.490667 0.339468 0.147556 0.073620
0 0.432000 0.131391 0.080000 0.043967
0 0.974667 0.437628 0.025778 0.042945
0 0.661333 0.541922 0.056889 0.028630
0 0.690667 0.803681 0.044444 0.038855
0 0.946667 0.371677 0.044444 0.041922
0 0.759556 0.745399 0.064889 0.051125
0 0.667556 0.924335 0.040889 0.036810
0 0.936000 0.609407 0.064000 0.030675
0 0.461333 0.833333 0.062222 0.040900
0 0.566667 0.909509 0.111111 0.101227
0 0.615556 0.358896 0.050667 0.102249
0 0.898222 0.421268 0.057778 0.069530
0 0.071111 0.077710 0.119111 0.147239
0 0.803556 0.572597 0.040889 0.030675
0 0.689333 0.944274 0.025778 0.054192
0 0.401778 0.705010 0.033778 0.027607
0 0.880000 0.533231 0.030222 0.160532
0 0.548000 0.833845 0.054222 0.117587
0 0.807556 0.620654 0.057778 0.049080
0 0.948444 0.554703 0.058667 0.041922
0 0.716444 0.799591 0.042667 0.059305
0 0.934667 0.579243 0.052444 0.023517
0 0.791111 0.574131 0.076444 0.093047
0 0.730667 0.513292 0.101333 0.032720
0 0.537778 0.824131 0.071111 0.051125
0 0.532444 0.812883 0.051556 0.059305
0 0.693778 0.542945 0.034667 0.073620
0 0.552889 0.812372 0.046222 0.043967
0 0.960000 0.440184 0.028444 0.068507