0 0.196880 0.370110 0.141159 0.089202
0 0.153789 0.403756 0.054978 0.087637
0 0.172363 0.414710 0.130758 0.103286
0 0.369242 0.424100 0.138187 0.093897
0 0.469539 0.430360 0.041605 0.071987
0 0.393016 0.307512 0.052006 0.107981
0 0.350669 0.281690 0.035661 0.059468
0 0.362556 0.215962 0.127786 0.137715
0 0.485884 0.081377 0.077266 0.075117
0 0.474740 0.151017 0.093611 0.054773
0 0.459138 0.159624 0.136701 0.162754
0 0.557207 0.196401 0.181278 0.061033
0 0.630758 0.303599 0.200594 0.153365
0 0.436850 0.284038 0.029718 0.070423
0 0.482912 0.384194 0.109955 0.120501
0 0.490342 0.305164 0.080238 0.131455
0 0.550520 0.323161 0.200594 0.104851
0 0.560178 0.380282 0.038633 0.068858
0 0.686478 0.586854 0.056464 0.062598
0 0.638187 0.557903 0.046062 0.117371
0 0.742942 0.533646 0.124814 0.190923
0 0.806835 0.503912 0.056464 0.159624
0 0.891530 0.559468 0.115899 0.107981
0 0.827637 0.663537 0.086181 0.140845
0 0.772660 0.870110 0.089153 0.056338
0 0.147845 0.472613 0.099554 0.062598
0 0.160475 0.539124 0.050520 0.104851
0 0.114413 0.588419 0.083210 0.140845
0 0.134473 0.693271 0.129272 0.231612
0 0.184250 0.723005 0.047548 0.050078
0 0.193908 0.690923 0.087667 0.064163
0 0.201337 0.622848 0.084695 0.109546
0 0.249629 0.665884 0.109955 0.158059
0 0.340267 0.707355 0.092125 0.118936
0 0.436107 0.755086 0.072808 0.082942
0 0.546805 0.704225 0.157504 0.143975
0 0.393759 0.787167 0.172363 0.081377
0 0.267459 0.788732 0.190193 0.084507
0 0.240713 0.820814 0.062407 0.198748
0 0.447251 0.865415 0.068351 0.062598
0 0.517831 0.760563 0.037147 0.078247
0 0.551263 0.687793 0.098068 0.054773
0 0.580238 0.750391 0.093611 0.101721
0 0.584695 0.802817 0.099554 0.065728
0 0.526003 0.861502 0.077266 0.067293
0 0.634473 0.874022 0.068351 0.133020