0 0.458889 0.088801 0.120000 0.118778
0 0.620556 0.327489 0.103333 0.048643
0 0.708333 0.652149 0.092222 0.125566
0 0.721111 0.464932 0.104444 0.058824
0 0.092222 0.500566 0.077778 0.041855
0 0.818333 0.604072 0.143333 0.067873
0 0.936111 0.892534 0.118889 0.033937
0 0.445556 0.256222 0.057778 0.118778
0 0.465000 0.161765 0.123333 0.144796
0 0.547222 0.554299 0.141111 0.045249
0 0.658333 0.509050 0.054444 0.042986
0 0.465000 0.585407 0.078889 0.121041
0 0.606111 0.429864 0.092222 0.106335
0 0.423333 0.547511 0.108889 0.045249
0 0.503889 0.327489 0.065556 0.055430
0 0.847222 0.693439 0.116667 0.065611
0 0.608889 0.561086 0.086667 0.088235
0 0.295000 0.931561 0.098889 0.089367
0 0.507778 0.735860 0.064444 0.059955
0 0.538333 0.284502 0.074444 0.064480
0 0.411667 0.502828 0.061111 0.032805
0 0.362778 0.657805 0.081111 0.059955
0 0.450000 0.707579 0.075556 0.055430
0 0.517778 0.407805 0.031111 0.066742
0 0.700000 0.421380 0.080000 0.087104
0 0.453333 0.324095 0.124444 0.078054
0 0.667222 0.315045 0.083333 0.091629
0 0.270000 0.420249 0.100000 0.096154
0 0.411111 0.569570 0.046667 0.125566
0 0.475556 0.458145 0.111111 0.029412
0 0.317222 0.340498 0.058889 0.076923
0 0.497778 0.270928 0.037778 0.041855
0 0.527778 0.477941 0.104444 0.050905
0 0.366667 0.348982 0.028889 0.089367
0 0.553333 0.427602 0.064444 0.054299
0 0.044444 0.406674 0.046667 0.066742
0 0.768889 0.525452 0.062222 0.028281
0 0.436111 0.277715 0.085556 0.037330
0 0.310000 0.295814 0.066667 0.023756
0 0.406667 0.360860 0.026667 0.054299
0 0.159444 0.576357 0.054444 0.057692
0 0.280556 0.375000 0.041111 0.139140
0 0.610000 0.350679 0.035556 0.033937
0 0.243889 0.274321 0.063333 0.055430
0 0.350000 0.920249 0.037778 0.057692
0 0.296111 0.357466 0.145556 0.131222
0 0.279444 0.329751 0.136667 0.087104