0 0.109133 0.528937 0.143963 0.134590
0 0.187307 0.637281 0.126935 0.114401
0 0.238390 0.597577 0.095975 0.131898
0 0.335913 0.587483 0.049536 0.087483
0 0.340557 0.487214 0.099071 0.118439
0 0.304180 0.456258 0.088235 0.051144
0 0.407895 0.512113 0.097523 0.087483
0 0.304954 0.381561 0.111455 0.146703
0 0.239164 0.401077 0.122291 0.056528
0 0.102167 0.330417 0.126935 0.152086
0 0.178793 0.337147 0.171827 0.060565
0 0.297214 0.267833 0.123839 0.061911
0 0.376161 0.306191 0.198142 0.041723
0 0.373065 0.337147 0.061920 0.052490
0 0.452786 0.407806 0.113003 0.078062
0 0.526316 0.440781 0.105263 0.087483
0 0.518576 0.341857 0.095975 0.091521
0 0.371517 0.160834 0.235294 0.122476
0 0.447368 0.148721 0.108359 0.055182
0 0.613777 0.086137 0.097523 0.094213
0 0.576625 0.170256 0.249226 0.071332
0 0.569659 0.263122 0.309598 0.095559
0 0.654799 0.222746 0.145511 0.076716
0 0.736068 0.282638 0.113003 0.158816
0 0.726006 0.265814 0.164087 0.047106
0 0.732198 0.413190 0.037152 0.148048
0 0.636223 0.512786 0.092879 0.040377
0 0.555728 0.580754 0.055728 0.060565
0 0.540248 0.604307 0.130031 0.067295
0 0.522446 0.742934 0.150155 0.228802
0 0.505418 0.700538 0.047988 0.049798
0 0.606037 0.687079 0.072755 0.052490
0 0.650155 0.816958 0.117647 0.067295
0 0.826625 0.759758 0.123839 0.122476
0 0.808050 0.676985 0.229102 0.040377
0 0.861455 0.627860 0.181115 0.055182
0 0.869195 0.668910 0.134675 0.183042
0 0.804954 0.528264 0.216718 0.071332
0 0.863003 0.512786 0.199690 0.083445
0 0.822755 0.421265 0.057276 0.088829
0 0.763932 0.549798 0.054180 0.076716
0 0.800310 0.325034 0.092879 0.087483
0 0.869195 0.256393 0.085139 0.055182
0 0.880805 0.330417 0.058824 0.103634
0 0.839783 0.824361 0.094427 0.246299
0 0.705108 0.921265 0.162539 0.071332