0 0.125000 0.636134 0.120614 0.063765
0 0.132675 0.561741 0.188596 0.125506
0 0.189145 0.812247 0.115132 0.122470
0 0.322917 0.881579 0.066886 0.048583
0 0.247807 0.563259 0.111842 0.092105
0 0.177083 0.449899 0.069079 0.045547
0 0.250000 0.482287 0.140351 0.061741
0 0.314145 0.704453 0.066886 0.072874
0 0.282346 0.756579 0.033991 0.069838
0 0.348136 0.794534 0.073465 0.078947
0 0.437500 0.870951 0.063596 0.051619
0 0.440241 0.944332 0.095395 0.089069
0 0.513706 0.832490 0.051535 0.049595
0 0.541118 0.724696 0.053728 0.046559
0 0.514803 0.083502 0.187500 0.114372
0 0.371711 0.143219 0.155702 0.061741
0 0.302083 0.223178 0.080044 0.079960
0 0.334430 0.253036 0.149123 0.123482
0 0.334430 0.232794 0.052632 0.157895
0 0.396382 0.311741 0.071272 0.036437
0 0.547149 0.246964 0.072368 0.097166
0 0.491228 0.290486 0.072368 0.080972
0 0.475877 0.350202 0.037281 0.050607
0 0.516447 0.389676 0.092105 0.070850
0 0.595943 0.451417 0.077851 0.050607
0 0.456140 0.566802 0.052632 0.042510
0 0.413377 0.590587 0.063596 0.053644
0 0.462171 0.588057 0.183114 0.133603
0 0.543311 0.548583 0.134868 0.141700
0 0.594846 0.644231 0.042763 0.053644
0 0.656798 0.643219 0.122807 0.073887
0 0.614583 0.556174 0.088816 0.090081
0 0.733004 0.292510 0.165570 0.058704
0 0.750000 0.409919 0.116228 0.068826
0 0.727522 0.529352 0.051535 0.105263
0 0.797149 0.435223 0.092105 0.078947
0 0.819627 0.439271 0.154605 0.054656
0 0.871711 0.567814 0.067982 0.099190
0 0.836623 0.515182 0.184211 0.093117
0 0.948465 0.641194 0.054825 0.098178
0 0.633224 0.808198 0.053728 0.120445
0 0.651864 0.898279 0.055921 0.049595
0 0.733004 0.798077 0.086623 0.075911
0 0.729715 0.703947 0.117325 0.071862
0 0.753838 0.680162 0.084430 0.107287
0 0.878289 0.787955 0.092105 0.061741