0 0.912596 0.939470 0.064267 0.103405
0 0.750643 0.819672 0.077121 0.055485
0 0.569409 0.805170 0.125964 0.089533
0 0.911311 0.693569 0.095116 0.088272
0 0.567481 0.681589 0.114396 0.104666
0 0.398458 0.753468 0.205656 0.071879
0 0.221080 0.756620 0.138817 0.105927
0 0.293702 0.663934 0.078406 0.076923
0 0.352828 0.652585 0.155527 0.094578
0 0.429949 0.645649 0.052699 0.065574
0 0.492931 0.598991 0.050129 0.141236
0 0.537918 0.570618 0.052699 0.137453
0 0.661311 0.569987 0.091260 0.075662
0 0.662596 0.543506 0.065553 0.146280
0 0.708226 0.501892 0.105398 0.073140
0 0.584833 0.401009 0.059126 0.060530
0 0.521851 0.378310 0.071979 0.078184
0 0.500000 0.397856 0.077121 0.076923
0 0.386889 0.449559 0.053985 0.122320
0 0.377249 0.448298 0.101542 0.081967
0 0.329049 0.511349 0.071979 0.071879
0 0.424807 0.555485 0.068123 0.059269
0 0.296272 0.576293 0.070694 0.078184
0 0.294987 0.559899 0.062982 0.128625
0 0.255784 0.503783 0.048843 0.117276
0 0.181234 0.393443 0.077121 0.090794
0 0.102185 0.385876 0.080977 0.090794
0 0.052699 0.328499 0.077121 0.071879
0 0.176735 0.280580 0.055270 0.059269
0 0.215296 0.319672 0.073265 0.036570
0 0.175450 0.126734 0.044987 0.061791
0 0.077763 0.222573 0.070694 0.049180
0 0.122751 0.066204 0.101542 0.092055
0 0.224936 0.098361 0.133676 0.083228
0 0.462725 0.235183 0.131105 0.092055
0 0.663239 0.334174 0.056555 0.060530
0 0.673522 0.252207 0.092545 0.118537
0 0.592545 0.163304 0.107969 0.109710
0 0.595116 0.074401 0.071979 0.073140
0 0.380463 0.250946 0.053985 0.065574
0 0.367609 0.315259 0.136247 0.118537
0 0.345116 0.321564 0.052699 0.196721
0 0.277635 0.307692 0.056555 0.073140
0 0.260925 0.244010 0.079692 0.051702
0 0.329049 0.282472 0.048843 0.037831
0 0.384961 0.469105 0.055270 0.027743