0 0.690781 0.072950 0.185659 0.124601
0 0.473111 0.191693 0.121639 0.080937
0 0.433419 0.246539 0.090909 0.126731
0 0.334827 0.273163 0.088348 0.113951
0 0.306658 0.381257 0.098592 0.078807
0 0.299616 0.416400 0.048656 0.132055
0 0.261844 0.472311 0.085787 0.107561
0 0.185659 0.526092 0.058899 0.136315
0 0.171575 0.487220 0.133163 0.060703
0 0.053137 0.604366 0.096031 0.084132
0 0.104994 0.568158 0.056338 0.162939
0 0.206146 0.613419 0.064020 0.078807
0 0.258003 0.618743 0.070423 0.055378
0 0.120999 0.675186 0.078105 0.051118
0 0.199104 0.707668 0.080666 0.045793
0 0.155570 0.751331 0.070423 0.047923
0 0.361076 0.779020 0.081946 0.079872
0 0.387964 0.670927 0.061460 0.036209
0 0.368118 0.616613 0.106274 0.091587
0 0.493598 0.623536 0.113956 0.086262
0 0.461588 0.446752 0.090909 0.133120
0 0.479513 0.347178 0.139565 0.100106
0 0.532650 0.360490 0.163892 0.101171
0 0.323944 0.945154 0.087068 0.058573
0 0.429577 0.956337 0.144686 0.070288
0 0.511524 0.947284 0.129321 0.047923
0 0.430858 0.931310 0.121639 0.116081
0 0.443662 0.875932 0.078105 0.041534
0 0.401408 0.829073 0.142125 0.058573
0 0.528809 0.878062 0.079385 0.071353
0 0.514725 0.791800 0.128041 0.069223
0 0.572983 0.771565 0.093470 0.058573
0 0.460948 0.727370 0.112676 0.038339
0 0.455826 0.684771 0.071703 0.031949
0 0.566581 0.543131 0.078105 0.104366
0 0.596031 0.604366 0.052497 0.135250
0 0.665173 0.485623 0.052497 0.078807
0 0.771447 0.563898 0.113956 0.082002
0 0.690141 0.636848 0.128041 0.170394
0 0.677337 0.684771 0.046095 0.053248
0 0.644686 0.782215 0.108835 0.137380
0 0.746479 0.799787 0.163892 0.091587
0 0.912932 0.705538 0.069142 0.064963
0 0.946223 0.845580 0.076825 0.106496
0 0.890525 0.936635 0.121639 0.060703
0 0.804738 0.931310 0.078105 0.067093