0 0.059926 0.427246 0.053676 0.041992
0 0.109926 0.510254 0.046324 0.053711
0 0.172059 0.472656 0.060294 0.037109
0 0.198897 0.583984 0.084559 0.046875
0 0.218015 0.669434 0.033088 0.055664
0 0.252941 0.636719 0.027941 0.103516
0 0.287132 0.561523 0.036029 0.046875
0 0.279044 0.613281 0.027206 0.058594
0 0.314706 0.588379 0.045588 0.032227
0 0.594485 0.915039 0.056618 0.087891
0 0.680515 0.916504 0.059559 0.051758
0 0.853676 0.743164 0.082353 0.121094
0 0.943382 0.710938 0.063235 0.062500
0 0.675735 0.702637 0.051471 0.118164
0 0.522426 0.777344 0.080147 0.048828
0 0.605882 0.643555 0.060294 0.115234
0 0.534559 0.669434 0.051471 0.053711
0 0.517279 0.689941 0.038971 0.110352
0 0.499265 0.624023 0.027941 0.048828
0 0.396324 0.736328 0.060294 0.072266
0 0.425735 0.620605 0.030882 0.178711
0 0.467279 0.589844 0.059559 0.039062
0 0.477206 0.548340 0.076471 0.073242
0 0.369118 0.572266 0.033824 0.046875
0 0.382353 0.551270 0.070588 0.073242
0 0.415441 0.521973 0.026471 0.061523
0 0.437132 0.463379 0.113971 0.090820
0 0.517279 0.497559 0.038971 0.139648
0 0.547794 0.453613 0.047059 0.079102
0 0.779779 0.182129 0.058088 0.049805
0 0.752941 0.223633 0.036765 0.046875
0 0.766176 0.278320 0.045588 0.064453
0 0.581618 0.437012 0.036765 0.077148
0 0.566912 0.359863 0.063235 0.112305
0 0.532721 0.317383 0.075735 0.099609
0 0.453309 0.382812 0.113971 0.062500
0 0.548162 0.262695 0.041912 0.068359
0 0.579779 0.272949 0.074265 0.067383
0 0.498162 0.238770 0.072794 0.063477
0 0.502206 0.129395 0.064706 0.073242
0 0.438235 0.205566 0.061765 0.168945
0 0.290074 0.329590 0.071324 0.092773
0 0.297059 0.268066 0.030882 0.065430
0 0.369118 0.269531 0.050000 0.125000
0 0.351103 0.199707 0.055147 0.067383
0 0.388603 0.160645 0.044853 0.071289
0 0.305515 0.133301 0.053676 0.061523