0 0.126536 0.641678 0.041769 0.072902
0 0.154791 0.647868 0.051597 0.225585
0 0.235872 0.680880 0.044226 0.071527
0 0.285012 0.608666 0.088452 0.045392
0 0.358108 0.559835 0.060197 0.115543
0 0.409091 0.742091 0.103194 0.100413
0 0.411548 0.585282 0.115479 0.202201
0 0.218673 0.447043 0.076167 0.074278
0 0.348894 0.436039 0.113022 0.137552
0 0.216830 0.322558 0.165848 0.078404
0 0.165233 0.256534 0.057740 0.059147
0 0.307740 0.288858 0.045455 0.140303
0 0.363636 0.293673 0.056511 0.097662
0 0.399263 0.290922 0.100737 0.078404
0 0.433047 0.920220 0.187961 0.093535
0 0.613636 0.936726 0.104423 0.079780
0 0.490786 0.637552 0.062654 0.042641
0 0.541769 0.643741 0.051597 0.074278
0 0.554668 0.759285 0.042998 0.077029
0 0.635135 0.817056 0.076167 0.044017
0 0.598280 0.733838 0.039312 0.122421
0 0.672604 0.745530 0.067568 0.134801
0 0.469287 0.443604 0.046683 0.086657
0 0.534398 0.464237 0.046683 0.072902
0 0.670147 0.630674 0.035627 0.094911
0 0.710688 0.680193 0.035627 0.064649
0 0.639435 0.537139 0.087224 0.160935
0 0.458231 0.170564 0.191646 0.057772
0 0.548526 0.174003 0.050369 0.152682
0 0.490786 0.226960 0.072482 0.046768
0 0.514128 0.221458 0.060197 0.082531
0 0.536241 0.290922 0.119165 0.067400
0 0.525799 0.353508 0.117936 0.044017
0 0.616708 0.376891 0.049140 0.134801
0 0.689803 0.125172 0.072482 0.085282
0 0.711916 0.195323 0.111794 0.077029
0 0.764128 0.344567 0.221130 0.127923
0 0.805897 0.317056 0.127764 0.155433
0 0.705160 0.493810 0.100737 0.063274
0 0.774570 0.497249 0.030713 0.083906
0 0.711916 0.555708 0.055283 0.096286
0 0.762285 0.704952 0.099509 0.116919
0 0.806511 0.687070 0.106880 0.141678
0 0.828624 0.474553 0.124079 0.184319
0 0.908477 0.487620 0.050369 0.125172
0 0.920762 0.562586 0.072482 0.165062