0 0.246693 0.121372 0.128307 0.145119
0 0.160053 0.281003 0.066138 0.147757
0 0.283069 0.269129 0.058201 0.150396
0 0.328042 0.323879 0.108466 0.072559
0 0.344577 0.367414 0.046296 0.083113
0 0.404762 0.383905 0.047619 0.081794
0 0.238757 0.530343 0.056878 0.100264
0 0.140212 0.535620 0.119048 0.068602
0 0.149471 0.640501 0.108466 0.062005
0 0.121032 0.696570 0.167989 0.047493
0 0.232804 0.648417 0.050265 0.101583
0 0.224868 0.578496 0.089947 0.075198
0 0.357804 0.546834 0.046296 0.080475
0 0.409392 0.605541 0.141534 0.110818
0 0.210979 0.741425 0.070106 0.055409
0 0.234127 0.782982 0.052910 0.040897
0 0.191799 0.843668 0.047619 0.098945
0 0.093915 0.844987 0.058201 0.080475
0 0.340608 0.939314 0.117725 0.113456
0 0.410053 0.968338 0.068783 0.050132
0 0.794312 0.916227 0.130952 0.098945
0 0.525794 0.810686 0.080688 0.059367
0 0.467593 0.776385 0.133598 0.056728
0 0.397487 0.751319 0.051587 0.069921
0 0.482804 0.703826 0.111111 0.067282
0 0.531746 0.663588 0.097884 0.060686
0 0.540344 0.606201 0.099206 0.069921
0 0.511243 0.509235 0.059524 0.058047
0 0.669312 0.585092 0.074074 0.043536
0 0.835979 0.777704 0.052910 0.043536
0 0.897487 0.810026 0.056878 0.055409
0 0.744709 0.723615 0.111111 0.083113
0 0.850529 0.722296 0.108466 0.056728
0 0.862434 0.684037 0.076720 0.043536
0 0.830688 0.562005 0.074074 0.153034
0 0.802249 0.558047 0.107143 0.071240
0 0.700397 0.427441 0.083333 0.116095
0 0.650794 0.440633 0.071429 0.124011
0 0.615079 0.404354 0.058201 0.093668
0 0.576058 0.421504 0.059524 0.088391
0 0.414683 0.256596 0.062169 0.088391
0 0.506614 0.203166 0.116402 0.110818
0 0.593915 0.183377 0.052910 0.044855
0 0.625661 0.294855 0.039683 0.040897
0 0.676587 0.104222 0.067460 0.102902
0 0.642857 0.235488 0.050265 0.072559