0 0.082759 0.922878 0.088670 0.102484
0 0.189163 0.559524 0.068966 0.050725
0 0.251724 0.690476 0.077833 0.089027
0 0.233498 0.748447 0.090640 0.128364
0 0.300000 0.653209 0.111330 0.057971
0 0.330542 0.591615 0.062069 0.096273
0 0.371429 0.557453 0.047291 0.104555
0 0.482759 0.820911 0.045320 0.099379
0 0.514778 0.707557 0.079803 0.042443
0 0.518227 0.746377 0.059113 0.026915
0 0.556650 0.736025 0.068966 0.105590
0 0.610345 0.715839 0.030542 0.056936
0 0.617734 0.649586 0.033498 0.083851
0 0.371429 0.451863 0.043350 0.096273
0 0.448276 0.498447 0.045320 0.145963
0 0.495074 0.501553 0.050246 0.034161
0 0.554680 0.527950 0.029557 0.039337
0 0.637931 0.538302 0.050246 0.041408
0 0.667488 0.512940 0.079803 0.030021
0 0.517734 0.454969 0.058128 0.090062
0 0.507882 0.400621 0.073892 0.041408
0 0.491133 0.318323 0.062069 0.090062
0 0.566010 0.319876 0.042365 0.031056
0 0.622660 0.038302 0.143842 0.031056
0 0.568966 0.137164 0.079803 0.052795
0 0.615271 0.164596 0.127094 0.080745
0 0.660591 0.232402 0.040394 0.083851
0 0.631527 0.348344 0.102463 0.079710
0 0.633498 0.389752 0.057143 0.061077
0 0.679310 0.359731 0.127094 0.129400
0 0.642365 0.418737 0.041379 0.042443
0 0.713793 0.346273 0.028571 0.056936
0 0.703941 0.234990 0.054187 0.055901
0 0.750246 0.202899 0.046305 0.066253
0 0.792611 0.258282 0.058128 0.168737
0 0.930049 0.222050 0.066995 0.100414
0 0.930542 0.349896 0.103448 0.047619
0 0.836453 0.415114 0.120197 0.070393
0 0.826108 0.440476 0.109360 0.098344
0 0.725616 0.451346 0.044335 0.045549
0 0.759606 0.462733 0.049261 0.089027
0 0.796059 0.533644 0.065025 0.119048
0 0.841379 0.537267 0.070936 0.037267
0 0.849754 0.569358 0.030542 0.055901
0 0.807389 0.683230 0.085714 0.111801
0 0.879803 0.613354 0.059113 0.090062