0 0.156643 0.432570 0.106294 0.167939
0 0.146154 0.430662 0.090909 0.041985
0 0.218182 0.416667 0.044755 0.138677
0 0.253846 0.361323 0.082517 0.096692
0 0.472028 0.828244 0.104895 0.066158
0 0.265734 0.564249 0.103497 0.097964
0 0.334965 0.566158 0.054545 0.055980
0 0.313287 0.465649 0.039161 0.122137
0 0.292308 0.337786 0.039161 0.131043
0 0.319580 0.358142 0.054545 0.047074
0 0.121678 0.194020 0.067133 0.097964
0 0.194406 0.244911 0.111888 0.115776
0 0.190210 0.255089 0.075524 0.133588
0 0.201399 0.083969 0.151049 0.094148
0 0.283916 0.166667 0.081119 0.086514
0 0.358741 0.225827 0.202797 0.054707
0 0.372028 0.360051 0.083916 0.055980
0 0.389510 0.360687 0.074126 0.125954
0 0.432168 0.286896 0.072727 0.041985
0 0.474126 0.335242 0.041958 0.212468
0 0.418881 0.425573 0.110490 0.077608
0 0.432867 0.536260 0.074126 0.049618
0 0.540559 0.789440 0.079720 0.108142
0 0.614685 0.780534 0.079720 0.026718
0 0.700699 0.826336 0.237762 0.075064
0 0.674126 0.751908 0.067133 0.038168
0 0.589510 0.907125 0.046154 0.081425
0 0.617483 0.926209 0.037762 0.045802
0 0.595105 0.549618 0.163636 0.073791
0 0.718182 0.484733 0.104895 0.055980
0 0.560839 0.459924 0.095105 0.041985
0 0.509091 0.395674 0.036364 0.086514
0 0.557343 0.417303 0.054545 0.078880
0 0.620979 0.396310 0.058741 0.049618
0 0.644755 0.369593 0.069930 0.036896
0 0.498601 0.250636 0.029371 0.083969
0 0.527273 0.221374 0.156643 0.101781
0 0.530769 0.288804 0.054545 0.071247
0 0.550350 0.181934 0.116084 0.076336
0 0.576923 0.170483 0.138462 0.050891
0 0.690210 0.201654 0.057343 0.075064
0 0.612587 0.106870 0.069930 0.086514
0 0.755944 0.291985 0.116084 0.080153
0 0.829371 0.241094 0.067133 0.138677
0 0.834266 0.341603 0.085315 0.044529
0 0.630070 0.970738 0.040559 0.048346