0 0.168546 0.686441 0.179198 0.082324
0 0.260025 0.788741 0.131579 0.071429
0 0.398496 0.779661 0.140351 0.048426
0 0.443609 0.835956 0.037594 0.119855
0 0.533835 0.724576 0.072682 0.093220
0 0.417920 0.650726 0.046366 0.100484
0 0.395990 0.601695 0.117794 0.125908
0 0.488722 0.558717 0.080201 0.061743
0 0.724937 0.863801 0.068922 0.081114
0 0.707393 0.857143 0.078947 0.159806
0 0.606516 0.804479 0.052632 0.110169
0 0.615915 0.728814 0.156642 0.067797
0 0.629073 0.672518 0.102757 0.100484
0 0.803885 0.714286 0.114035 0.067797
0 0.741855 0.628935 0.122807 0.122276
0 0.711779 0.558717 0.072682 0.052058
0 0.835213 0.608959 0.196742 0.043584
0 0.252506 0.573245 0.134085 0.052058
0 0.216792 0.338983 0.072682 0.038741
0 0.132206 0.491525 0.196742 0.171913
0 0.093985 0.469128 0.062657 0.049637
0 0.162281 0.437046 0.196742 0.072639
0 0.281328 0.498184 0.093985 0.115012
0 0.340852 0.469734 0.042607 0.077482
0 0.397243 0.469734 0.077694 0.089588
0 0.225564 0.384988 0.100251 0.053269
0 0.231203 0.270581 0.048872 0.081114
0 0.317043 0.343220 0.062657 0.052058
0 0.375940 0.324455 0.072682 0.094431
0 0.390977 0.377724 0.037594 0.092010
0 0.460526 0.351695 0.058897 0.117433
0 0.476817 0.402542 0.048872 0.102906
0 0.363409 0.210654 0.082707 0.053269
0 0.469925 0.142857 0.185464 0.060533
0 0.492481 0.105327 0.127820 0.084746
0 0.622180 0.085956 0.104010 0.062954
0 0.656015 0.154964 0.081454 0.048426
0 0.815163 0.193099 0.058897 0.056901
0 0.559524 0.389225 0.038847 0.115012
0 0.605263 0.453995 0.037594 0.094431
0 0.650376 0.458232 0.040100 0.049637
0 0.639098 0.349274 0.075188 0.105327
0 0.767544 0.411017 0.078947 0.112591
0 0.786341 0.512712 0.101504 0.044794
0 0.825188 0.476998 0.086466 0.060533
0 0.880326 0.412228 0.101504 0.100484