0 0.569337 0.943252 0.066256 0.092025
0 0.493066 0.787577 0.147920 0.059816
0 0.465331 0.690184 0.089368 0.042945
0 0.542373 0.678681 0.101695 0.081288
0 0.681818 0.749233 0.084746 0.065951
0 0.628659 0.642638 0.055470 0.116564
0 0.608629 0.552914 0.067797 0.072086
0 0.493837 0.636503 0.174114 0.095092
0 0.419877 0.590491 0.130971 0.141104
0 0.245763 0.641871 0.103236 0.065951
0 0.218798 0.697086 0.086287 0.093558
0 0.218798 0.794479 0.086287 0.052147
0 0.281202 0.796779 0.078582 0.136503
0 0.198767 0.753834 0.110940 0.185583
0 0.129430 0.694018 0.055470 0.118098
0 0.117874 0.721626 0.115562 0.127301
0 0.082435 0.546779 0.069337 0.151840
0 0.214946 0.519939 0.137134 0.125767
0 0.290447 0.525307 0.130971 0.108896
0 0.128659 0.414110 0.090909 0.217791
0 0.160247 0.398773 0.178737 0.147239
0 0.259630 0.422546 0.109399 0.084356
0 0.309707 0.400307 0.055470 0.095092
0 0.352851 0.427914 0.052388 0.095092
0 0.379815 0.340491 0.060092 0.104294
0 0.456857 0.317485 0.063174 0.076687
0 0.327427 0.244632 0.158706 0.124233
0 0.058552 0.292178 0.061633 0.124233
0 0.152542 0.114264 0.098613 0.087423
0 0.213405 0.123466 0.140216 0.118098
0 0.545455 0.375767 0.151002 0.042945
0 0.490755 0.336656 0.137134 0.194785
0 0.529276 0.213190 0.093991 0.119632
0 0.594761 0.254601 0.157165 0.070552
0 0.632512 0.312883 0.072419 0.122699
0 0.500770 0.156442 0.070878 0.116564
0 0.518490 0.068252 0.063174 0.072086
0 0.570108 0.126534 0.089368 0.050613
0 0.718798 0.198620 0.090909 0.078221
0 0.851310 0.213190 0.146379 0.128834
0 0.845146 0.246166 0.087827 0.065951
0 0.902157 0.324387 0.100154 0.069018
0 0.848998 0.383436 0.107858 0.113497
0 0.760401 0.451687 0.072419 0.065951
0 0.817411 0.481595 0.143297 0.171779
0 0.914484 0.554448 0.100154 0.136503