0 0.179916 0.632278 0.080893 0.181013
0 0.212692 0.459494 0.104603 0.045570
0 0.219665 0.412658 0.132497 0.065823
0 0.235704 0.305696 0.133891 0.089873
0 0.327057 0.354430 0.073919 0.050633
0 0.294979 0.517089 0.124128 0.051899
0 0.269874 0.606329 0.146444 0.068354
0 0.327057 0.454430 0.037657 0.065823
0 0.365411 0.398734 0.092050 0.055696
0 0.289400 0.711392 0.051604 0.065823
0 0.350767 0.631646 0.099024 0.075949
0 0.371688 0.736076 0.032078 0.051899
0 0.396095 0.750633 0.052999 0.126582
0 0.528591 0.756962 0.150628 0.050633
0 0.587169 0.859494 0.103208 0.179747
0 0.509763 0.728481 0.082287 0.160759
0 0.562762 0.646835 0.076709 0.053165
0 0.466527 0.639873 0.171548 0.056962
0 0.385635 0.505696 0.118550 0.211392
0 0.389819 0.527215 0.073919 0.079747
0 0.428173 0.534810 0.058577 0.046835
0 0.486750 0.553165 0.108787 0.030380
0 0.500697 0.594937 0.089261 0.060759
0 0.456067 0.360759 0.092050 0.118987
0 0.503487 0.389241 0.111576 0.115190
0 0.545328 0.365190 0.069735 0.054430
0 0.546025 0.468354 0.165969 0.083544
0 0.596932 0.143671 0.108787 0.036709
0 0.467225 0.186076 0.103208 0.063291
0 0.417015 0.208228 0.103208 0.077215
0 0.534868 0.264557 0.099024 0.053165
0 0.497908 0.304430 0.097629 0.049367
0 0.682706 0.296203 0.129707 0.073418
0 0.759414 0.331646 0.062762 0.106329
0 0.756625 0.376582 0.152022 0.077215
0 0.713389 0.492405 0.138075 0.113924
0 0.773361 0.515823 0.202232 0.145570
0 0.595537 0.547468 0.052999 0.135443
0 0.621339 0.538608 0.051604 0.056962
0 0.661088 0.574051 0.103208 0.105063
0 0.663180 0.626582 0.051604 0.060759
0 0.719665 0.629114 0.061367 0.027848
0 0.774756 0.575316 0.059972 0.031646
0 0.766388 0.609494 0.085077 0.036709
0 0.770572 0.634810 0.196653 0.077215
0 0.666667 0.726582 0.131102 0.048101