0 0.100315 0.619977 0.087185 0.181401
0 0.102941 0.450631 0.115546 0.042480
0 0.157038 0.525832 0.116597 0.071183
0 0.207983 0.457520 0.115546 0.074627
0 0.201155 0.218714 0.089286 0.090700
0 0.660714 0.908726 0.054622 0.099885
0 0.781513 0.838691 0.100840 0.051665
0 0.893908 0.140069 0.098739 0.110218
0 0.710084 0.185419 0.060924 0.042480
0 0.849790 0.289323 0.054622 0.130884
0 0.761029 0.323766 0.038866 0.082664
0 0.787290 0.334673 0.040966 0.092997
0 0.766282 0.415040 0.068277 0.065442
0 0.785189 0.638921 0.049370 0.081515
0 0.747374 0.592423 0.099790 0.034443
0 0.682773 0.715844 0.130252 0.065442
0 0.702206 0.502296 0.061975 0.037887
0 0.671744 0.556257 0.038866 0.058553
0 0.642332 0.630310 0.106092 0.034443
0 0.565126 0.664179 0.037815 0.104478
0 0.453256 0.771527 0.089286 0.057405
0 0.504727 0.730769 0.061975 0.095293
0 0.465861 0.685993 0.030462 0.056257
0 0.477941 0.685419 0.105042 0.080367
0 0.286239 0.723881 0.110294 0.072331
0 0.186975 0.684845 0.060924 0.099885
0 0.324055 0.632032 0.125000 0.028703
0 0.372374 0.670494 0.053571 0.064294
0 0.327731 0.669346 0.111345 0.036739
0 0.330882 0.595867 0.079832 0.055109
0 0.311450 0.559701 0.099790 0.051665
0 0.284139 0.451780 0.036765 0.047072
0 0.369223 0.483352 0.036765 0.043628
0 0.397584 0.449483 0.087185 0.060850
0 0.421744 0.485075 0.135504 0.099885
0 0.462185 0.545350 0.025210 0.075775
0 0.482668 0.574053 0.173319 0.073479
0 0.518908 0.494259 0.039916 0.058553
0 0.558824 0.501722 0.044118 0.057405
0 0.601366 0.496556 0.038866 0.040184
0 0.399160 0.160735 0.157563 0.133180
0 0.407038 0.297359 0.043067 0.071183
0 0.473214 0.250861 0.053571 0.040184
0 0.576681 0.335247 0.077731 0.130884
0 0.587710 0.307118 0.167017 0.060850
0 0.586660 0.344432 0.106092 0.057405