0 0.112727 0.903384 0.083636 0.053493
0 0.156364 0.919214 0.116364 0.061135
0 0.184091 0.700328 0.071818 0.029476
0 0.220000 0.788210 0.054545 0.032751
0 0.307727 0.635917 0.033636 0.077511
0 0.358182 0.861354 0.054545 0.030568
0 0.451364 0.808952 0.031818 0.155022
0 0.445909 0.711790 0.051818 0.037118
0 0.453182 0.675764 0.030000 0.052402
0 0.558182 0.689410 0.076364 0.112445
0 0.523636 0.832424 0.049091 0.127729
0 0.612727 0.739629 0.025455 0.079694
0 0.607727 0.637555 0.039091 0.067686
0 0.612273 0.876638 0.053636 0.039301
0 0.657273 0.825328 0.120000 0.058952
0 0.750455 0.849345 0.060909 0.091703
0 0.751818 0.709607 0.094545 0.063319
0 0.763636 0.655022 0.090909 0.041485
0 0.700909 0.603712 0.101818 0.061135
0 0.684545 0.542576 0.025455 0.052402
0 0.715455 0.527838 0.041818 0.081878
0 0.495909 0.344432 0.055455 0.090611
0 0.580909 0.417576 0.096364 0.031659
0 0.576818 0.471616 0.106364 0.052402
0 0.577727 0.467795 0.026364 0.066594
0 0.564091 0.257096 0.028182 0.084061
0 0.601818 0.289301 0.072727 0.050218
0 0.590909 0.216157 0.030909 0.117904
0 0.658636 0.201965 0.031818 0.096070
0 0.666818 0.296943 0.057273 0.074236
0 0.684091 0.313865 0.046364 0.055677
0 0.635000 0.108624 0.093636 0.108079
0 0.724545 0.169214 0.030909 0.128821
0 0.783636 0.132642 0.078182 0.042576
0 0.816364 0.271288 0.027273 0.053493
0 0.790000 0.286572 0.112727 0.112445
0 0.761364 0.286026 0.077273 0.074236
0 0.685000 0.403384 0.053636 0.042576
0 0.744545 0.371725 0.105455 0.103712
0 0.755909 0.421943 0.120909 0.075328
0 0.782273 0.535480 0.051818 0.051310
0 0.849545 0.643013 0.073636 0.104803
0 0.915909 0.763100 0.100909 0.087336
0 0.901818 0.331878 0.058182 0.165939
0 0.838636 0.412664 0.066364 0.131004
0 0.930455 0.721616 0.090000 0.091703