0 0.506647 0.744530 0.162482 0.222651
0 0.675037 0.911197 0.171344 0.077220
0 0.813146 0.822394 0.104874 0.239382
0 0.788774 0.763192 0.132939 0.123552
0 0.785081 0.684041 0.223043 0.063063
0 0.827917 0.678893 0.140325 0.178893
0 0.825702 0.633205 0.186115 0.069498
0 0.731905 0.556628 0.057607 0.081081
0 0.772526 0.537323 0.221566 0.086229
0 0.822747 0.523810 0.215657 0.092664
0 0.702363 0.429215 0.057607 0.148005
0 0.793205 0.435650 0.070901 0.109395
0 0.838257 0.346847 0.075332 0.093951
0 0.766617 0.344273 0.100443 0.088803
0 0.838996 0.277992 0.091581 0.061776
0 0.495569 0.696911 0.054653 0.052767
0 0.592319 0.689189 0.073855 0.065637
0 0.518464 0.610682 0.112260 0.063063
0 0.535451 0.586873 0.057607 0.061776
0 0.615214 0.521879 0.090103 0.060489
0 0.183900 0.642857 0.125554 0.104247
0 0.238552 0.602960 0.096012 0.132561
0 0.324225 0.600386 0.057607 0.083655
0 0.399557 0.523810 0.093058 0.087516
0 0.328656 0.492921 0.096012 0.120978
0 0.293944 0.470399 0.088626 0.052767
0 0.110044 0.539254 0.131462 0.120978
0 0.512555 0.451737 0.109306 0.102960
0 0.438700 0.417632 0.124077 0.081081
0 0.295421 0.400257 0.121123 0.136422
0 0.234860 0.411197 0.127031 0.052767
0 0.503693 0.362934 0.103397 0.092664
0 0.358936 0.359717 0.070901 0.052767
0 0.351551 0.297941 0.239291 0.075933
0 0.308715 0.315959 0.073855 0.073359
0 0.180945 0.364865 0.178730 0.065637
0 0.107090 0.342342 0.134417 0.154440
0 0.433530 0.175032 0.110783 0.056628
0 0.367061 0.188546 0.252585 0.122265
0 0.545790 0.276705 0.296898 0.097812
0 0.558346 0.192407 0.242245 0.083655
0 0.587149 0.114543 0.110783 0.110682
0 0.695716 0.285071 0.159527 0.045045
0 0.711965 0.303732 0.124077 0.172458
0 0.579025 0.250322 0.041359 0.070785
0 0.651403 0.247748 0.109306 0.078507