0 0.191919 0.797111 0.101010 0.116919
0 0.328914 0.852820 0.031566 0.110041
0 0.271465 0.720083 0.148990 0.034388
0 0.174242 0.660935 0.055556 0.048143
0 0.232955 0.561210 0.064394 0.038514
0 0.213384 0.610041 0.121212 0.075653
0 0.255051 0.634801 0.103535 0.136176
0 0.320707 0.650619 0.055556 0.096286
0 0.320076 0.621045 0.084596 0.072902
0 0.176768 0.539890 0.143939 0.045392
0 0.172348 0.474553 0.132576 0.074278
0 0.133207 0.418845 0.089646 0.083906
0 0.217803 0.411967 0.092172 0.042641
0 0.169823 0.354195 0.119949 0.031637
0 0.239268 0.340440 0.059343 0.125172
0 0.260101 0.299175 0.148990 0.103164
0 0.304924 0.286795 0.122475 0.070151
0 0.246212 0.197387 0.053030 0.136176
0 0.346591 0.107978 0.049242 0.048143
0 0.354167 0.182256 0.127525 0.147180
0 0.909722 0.942916 0.061869 0.059147
0 0.455808 0.857634 0.068182 0.075653
0 0.416035 0.405089 0.155303 0.138927
0 0.409722 0.429849 0.049242 0.045392
0 0.495581 0.357634 0.119949 0.118294
0 0.486742 0.439477 0.097222 0.061898
0 0.474747 0.463549 0.060606 0.159560
0 0.448864 0.486245 0.190657 0.081155
0 0.582071 0.460110 0.037879 0.078404
0 0.590278 0.263411 0.077020 0.081155
0 0.626263 0.325309 0.090909 0.094911
0 0.664141 0.328748 0.068182 0.085282
0 0.808081 0.466300 0.070707 0.085282
0 0.699495 0.503439 0.055556 0.044017
0 0.381313 0.707015 0.060606 0.115543
0 0.442551 0.716644 0.061869 0.035763
0 0.483586 0.724209 0.095960 0.094911
0 0.479798 0.651994 0.106061 0.049519
0 0.501894 0.596286 0.077020 0.097662
0 0.553662 0.692572 0.069444 0.152682
0 0.614899 0.801926 0.058081 0.063274
0 0.703914 0.817056 0.059343 0.038514
0 0.602273 0.816369 0.169192 0.103164
0 0.657197 0.616919 0.069444 0.108666
0 0.747475 0.606602 0.053030 0.140303
0 0.866793 0.781293 0.150253 0.167813