0 0.115074 0.940430 0.097794 0.115234
0 0.048162 0.729980 0.056618 0.125977
0 0.139338 0.497070 0.081618 0.160156
0 0.205147 0.619141 0.045588 0.058594
0 0.279779 0.718750 0.041912 0.083984
0 0.277574 0.480957 0.033088 0.122070
0 0.305882 0.542480 0.102941 0.188477
0 0.311765 0.580566 0.038235 0.041992
0 0.356618 0.559082 0.083824 0.057617
0 0.325368 0.599121 0.028676 0.053711
0 0.363603 0.632324 0.052206 0.102539
0 0.353676 0.689453 0.052941 0.123047
0 0.303309 0.097168 0.041912 0.143555
0 0.240074 0.161133 0.065441 0.058594
0 0.269853 0.267578 0.042647 0.082031
0 0.244118 0.341309 0.042647 0.086914
0 0.336029 0.237305 0.023529 0.070312
0 0.370956 0.226562 0.059559 0.062500
0 0.408824 0.282227 0.047059 0.093750
0 0.395221 0.358887 0.059559 0.081055
0 0.434191 0.419434 0.058088 0.129883
0 0.465441 0.473633 0.027941 0.037109
0 0.428309 0.527344 0.062500 0.056641
0 0.454412 0.532715 0.058824 0.047852
0 0.445588 0.619629 0.064706 0.077148
0 0.430882 0.649414 0.086765 0.068359
0 0.495221 0.659668 0.034559 0.098633
0 0.558824 0.692383 0.023529 0.066406
0 0.615809 0.657227 0.033088 0.056641
0 0.646691 0.631836 0.071324 0.107422
0 0.645221 0.566406 0.030147 0.089844
0 0.705147 0.585938 0.094118 0.093750
0 0.726103 0.464355 0.066912 0.040039
0 0.831618 0.570312 0.104412 0.156250
0 0.782353 0.746582 0.045588 0.098633
0 0.725735 0.713867 0.050000 0.138672
0 0.735294 0.824219 0.038235 0.083984
0 0.652574 0.768555 0.094853 0.039062
0 0.653309 0.841797 0.055147 0.111328
0 0.586765 0.836426 0.079412 0.059570
0 0.571691 0.892090 0.053676 0.030273
0 0.543382 0.875977 0.077941 0.185547
0 0.424632 0.782715 0.049265 0.053711
0 0.381985 0.876465 0.081618 0.102539
0 0.151471 0.844238 0.041176 0.057617
0 0.383824 0.543457 0.038235 0.032227