0 0.100000 0.780381 0.138462 0.161054
0 0.134965 0.907760 0.071329 0.105417
0 0.179720 0.950220 0.048951 0.073206
0 0.204196 0.849927 0.086713 0.118594
0 0.283916 0.874817 0.061538 0.109810
0 0.207692 0.759883 0.060140 0.064422
0 0.283217 0.751098 0.107692 0.058565
0 0.223077 0.699122 0.107692 0.065886
0 0.178322 0.661054 0.099301 0.054173
0 0.113287 0.625183 0.106294 0.155198
0 0.077622 0.385798 0.090909 0.095168
0 0.081119 0.318448 0.092308 0.086384
0 0.181818 0.299414 0.081119 0.136164
0 0.271329 0.218887 0.117483 0.150805
0 0.223776 0.408492 0.114685 0.172767
0 0.192308 0.469253 0.124476 0.121523
0 0.348951 0.602489 0.060140 0.103953
0 0.413287 0.645681 0.062937 0.061493
0 0.444056 0.645681 0.068531 0.052709
0 0.481119 0.563690 0.072727 0.058565
0 0.479021 0.552709 0.107692 0.124451
0 0.349650 0.497072 0.103497 0.101025
0 0.361538 0.362372 0.118881 0.115666
0 0.441958 0.433382 0.097902 0.096633
0 0.575524 0.614934 0.088112 0.175695
0 0.876923 0.777452 0.106294 0.090776
0 0.807692 0.639092 0.060140 0.150805
0 0.728671 0.604685 0.078322 0.108346
0 0.668531 0.663250 0.061538 0.046852
0 0.660839 0.581991 0.082517 0.083455
0 0.600699 0.547584 0.051748 0.043924
0 0.637762 0.508785 0.072727 0.092240
0 0.897203 0.509517 0.046154 0.096633
0 0.822378 0.494143 0.078322 0.136164
0 0.774126 0.452416 0.051748 0.120059
0 0.749650 0.353587 0.064336 0.062958
0 0.820280 0.305271 0.060140 0.080527
0 0.902797 0.387994 0.057343 0.061493
0 0.509091 0.335286 0.120280 0.052709
0 0.388811 0.234261 0.055944 0.096633
0 0.383916 0.072474 0.076923 0.098097
0 0.623776 0.094436 0.081119 0.057101
0 0.588811 0.207906 0.137063 0.169839
0 0.631469 0.239385 0.085315 0.121523
0 0.748252 0.226208 0.114685 0.101025
0 0.700000 0.141288 0.079720 0.060029