0 0.589881 0.931796 0.084524 0.075564
0 0.483333 0.752208 0.040476 0.069676
0 0.441071 0.705103 0.055952 0.026497
0 0.462500 0.657507 0.055952 0.047105
0 0.389881 0.632974 0.084524 0.125613
0 0.363095 0.700196 0.052381 0.048086
0 0.070833 0.496565 0.105952 0.064769
0 0.255357 0.584396 0.082143 0.138371
0 0.333929 0.589794 0.072619 0.133464
0 0.323810 0.487242 0.111905 0.091266
0 0.479762 0.492149 0.085714 0.067713
0 0.136905 0.502453 0.061905 0.035329
0 0.217857 0.485770 0.050000 0.027478
0 0.168452 0.464181 0.108333 0.045142
0 0.233333 0.399902 0.085714 0.069676
0 0.232143 0.368989 0.050000 0.072620
0 0.380357 0.405299 0.096429 0.070658
0 0.288095 0.298332 0.047619 0.052993
0 0.385119 0.270854 0.070238 0.062807
0 0.553571 0.419038 0.066667 0.019627
0 0.210714 0.212463 0.052381 0.067713
0 0.789881 0.459274 0.058333 0.074583
0 0.556548 0.358685 0.103571 0.073602
0 0.584524 0.382237 0.121429 0.050049
0 0.651190 0.314033 0.042857 0.090285
0 0.752381 0.351816 0.104762 0.075564
0 0.479762 0.300785 0.142857 0.081452
0 0.835119 0.355250 0.079762 0.094210
0 0.844048 0.290972 0.119048 0.034347
0 0.577976 0.276742 0.053571 0.074583
0 0.495238 0.218842 0.073810 0.056919
0 0.414881 0.099117 0.058333 0.056919
0 0.576190 0.212463 0.166667 0.087341
0 0.605952 0.200196 0.061905 0.058881
0 0.539286 0.177134 0.064286 0.120707
0 0.557738 0.121688 0.055952 0.100098
0 0.618452 0.114818 0.048810 0.041217
0 0.475000 0.058881 0.104762 0.031403
0 0.631548 0.060844 0.091667 0.080471
0 0.801190 0.246320 0.088095 0.052993
0 0.852976 0.262022 0.091667 0.041217
0 0.874405 0.236506 0.058333 0.025515
0 0.884524 0.196762 0.080952 0.050049
0 0.820238 0.146712 0.116667 0.046124
0 0.870833 0.124632 0.036905 0.049068
0 0.630357 0.180079 0.065476 0.077527