0 0.387372 0.833066 0.081911 0.041734
0 0.465870 0.865971 0.051195 0.088283
0 0.256826 0.826645 0.059727 0.064205
0 0.229522 0.726324 0.100683 0.133226
0 0.280717 0.705457 0.124573 0.059390
0 0.386519 0.743981 0.100683 0.110754
0 0.093003 0.525682 0.059727 0.191011
0 0.113481 0.581059 0.076792 0.170144
0 0.208191 0.567416 0.105802 0.171750
0 0.268771 0.512841 0.124573 0.110754
0 0.185154 0.288925 0.076792 0.089888
0 0.338737 0.558587 0.063140 0.102729
0 0.279863 0.388443 0.071672 0.128411
0 0.416382 0.302568 0.068259 0.130016
0 0.379693 0.376404 0.100683 0.056180
0 0.371160 0.433387 0.121160 0.057785
0 0.452218 0.395666 0.058020 0.072231
0 0.533276 0.420546 0.063140 0.064205
0 0.534983 0.483949 0.063140 0.072231
0 0.451365 0.544141 0.056314 0.089888
0 0.433447 0.611557 0.040956 0.105939
0 0.400171 0.612360 0.052901 0.139647
0 0.497440 0.665329 0.059727 0.065811
0 0.556314 0.680578 0.068259 0.048154
0 0.515358 0.609149 0.054608 0.120385
0 0.581058 0.817817 0.124573 0.043339
0 0.659556 0.787319 0.097270 0.091493
0 0.731229 0.743178 0.063140 0.073836
0 0.672355 0.691011 0.078498 0.104334
0 0.627133 0.612360 0.213311 0.078652
0 0.605802 0.573034 0.102389 0.054575
0 0.625427 0.503210 0.134812 0.139647
0 0.608362 0.429374 0.046075 0.081862
0 0.656997 0.436597 0.037543 0.077047
0 0.850683 0.611557 0.052901 0.144462
0 0.728669 0.496790 0.119454 0.223114
0 0.760239 0.464687 0.097270 0.171750
0 0.820819 0.456661 0.122867 0.078652
0 0.881399 0.391653 0.042662 0.157303
0 0.608362 0.367576 0.209898 0.138042
0 0.712457 0.089888 0.216724 0.105939
0 0.732082 0.257624 0.150171 0.049759
0 0.519625 0.248796 0.186007 0.077047
0 0.486348 0.186998 0.126280 0.117175
0 0.304608 0.325040 0.209898 0.130016
0 0.488908 0.165329 0.203072 0.096308