0 0.639232 0.372564 0.181070 0.145427
0 0.692044 0.834333 0.190672 0.193403
0 0.865569 0.473013 0.126200 0.187406
0 0.670782 0.397301 0.117970 0.215892
0 0.421811 0.217391 0.111111 0.092954
0 0.552126 0.362069 0.061728 0.205397
0 0.266804 0.414543 0.102881 0.139430
0 0.366255 0.347076 0.079561 0.163418
0 0.715364 0.639430 0.116598 0.127436
0 0.442387 0.867316 0.163237 0.058471
0 0.320302 0.871814 0.141289 0.079460
0 0.281893 0.731634 0.091907 0.086957
0 0.110425 0.338831 0.100137 0.104948
0 0.451303 0.910795 0.074074 0.136432
0 0.672840 0.220390 0.141289 0.137931
0 0.687243 0.242879 0.137174 0.110945
0 0.457476 0.685907 0.078189 0.097451
0 0.740741 0.485007 0.074074 0.106447
0 0.906722 0.769865 0.087791 0.091454
0 0.390261 0.753373 0.105624 0.100450
0 0.488340 0.398051 0.074074 0.127436
0 0.677641 0.829085 0.112483 0.104948
0 0.307956 0.836582 0.061728 0.137931
0 0.411523 0.495502 0.074074 0.124438
0 0.225652 0.608696 0.127572 0.062969
0 0.641289 0.682159 0.091907 0.068966
0 0.633059 0.510495 0.072702 0.082459
0 0.812071 0.190405 0.101509 0.077961
0 0.431413 0.735382 0.075446 0.073463
0 0.665981 0.742879 0.105624 0.067466
0 0.133745 0.526987 0.061728 0.088456
0 0.576818 0.598951 0.089163 0.046477
0 0.379973 0.511994 0.082305 0.061469
0 0.453361 0.286357 0.083676 0.059970
0 0.562414 0.517991 0.065844 0.076462
0 0.581619 0.661919 0.054870 0.079460
0 0.056241 0.520240 0.071331 0.062969
0 0.109053 0.266867 0.053498 0.083958
0 0.096708 0.532984 0.048011 0.079460
0 0.430041 0.094453 0.100137 0.113943
0 0.430041 0.605697 0.058985 0.056972
0 0.528807 0.708396 0.056241 0.055472
0 0.581619 0.318591 0.035665 0.061469
0 0.578875 0.377811 0.038409 0.062969
0 0.658436 0.137931 0.057613 0.068966
0 0.638546 0.572714 0.056241 0.044978