0 0.451439 0.886184 0.111511 0.093421
0 0.464029 0.967105 0.098321 0.068421
0 0.291367 0.923684 0.093525 0.068421
0 0.342326 0.782237 0.094724 0.101316
0 0.240408 0.789474 0.089928 0.060526
0 0.226019 0.732895 0.075540 0.086842
0 0.279976 0.680921 0.142686 0.043421
0 0.264388 0.678947 0.104317 0.178947
0 0.304556 0.606579 0.062350 0.060526
0 0.154676 0.564474 0.086331 0.055263
0 0.111511 0.683553 0.100719 0.177632
0 0.106115 0.764474 0.063549 0.065789
0 0.060552 0.524342 0.089928 0.146053
0 0.061751 0.437500 0.056355 0.077632
0 0.140288 0.340132 0.091127 0.075000
0 0.136691 0.251974 0.105516 0.096053
0 0.200240 0.247368 0.059952 0.126316
0 0.232614 0.332237 0.050360 0.069737
0 0.225420 0.412500 0.064748 0.069737
0 0.262590 0.467763 0.088729 0.090789
0 0.327938 0.487500 0.056355 0.085526
0 0.439448 0.561184 0.094724 0.096053
0 0.440048 0.678289 0.043165 0.061842
0 0.435851 0.713158 0.101918 0.063158
0 0.608513 0.639474 0.073141 0.068421
0 0.727818 0.582895 0.091127 0.094737
0 0.940647 0.637500 0.121103 0.082895
0 0.628897 0.461842 0.104317 0.086842
0 0.595324 0.411842 0.113909 0.121053
0 0.687050 0.376316 0.074341 0.068421
0 0.598921 0.323026 0.109113 0.059211
0 0.494604 0.423684 0.075540 0.076316
0 0.374101 0.425000 0.071942 0.150000
0 0.458034 0.368421 0.143885 0.060526
0 0.421463 0.303947 0.039568 0.071053
0 0.375300 0.259211 0.050360 0.089474
0 0.339928 0.305263 0.051559 0.157895
0 0.282374 0.288816 0.051559 0.056579
0 0.489808 0.218421 0.140288 0.131579
0 0.546763 0.228289 0.091127 0.075000
0 0.836331 0.174342 0.065947 0.119737
0 0.673861 0.243421 0.131894 0.126316
0 0.599520 0.203947 0.110312 0.055263
0 0.598321 0.125000 0.081535 0.131579
0 0.697842 0.143421 0.105516 0.126316
0 0.754197 0.068421 0.043165 0.073684