0 0.086705 0.541063 0.044316 0.041063
0 0.130058 0.467995 0.050096 0.088164
0 0.140173 0.515700 0.045279 0.077295
0 0.186898 0.568841 0.069364 0.072464
0 0.182081 0.508454 0.038536 0.108696
0 0.208092 0.374396 0.090559 0.043478
0 0.207129 0.347826 0.057803 0.036232
0 0.212428 0.289855 0.064547 0.099034
0 0.312620 0.885870 0.026012 0.061594
0 0.345376 0.818841 0.070328 0.057971
0 0.398844 0.940217 0.059730 0.083333
0 0.421484 0.878019 0.105010 0.050725
0 0.422929 0.908213 0.109827 0.135266
0 0.449422 0.829710 0.085742 0.045894
0 0.443160 0.782005 0.096339 0.035024
0 0.337187 0.641304 0.042389 0.101449
0 0.400289 0.699879 0.122351 0.150966
0 0.373796 0.725845 0.096339 0.115942
0 0.586224 0.859300 0.052987 0.059179
0 0.641137 0.719807 0.035645 0.086957
0 0.573699 0.809179 0.095376 0.057971
0 0.558767 0.756039 0.071291 0.043478
0 0.465318 0.647343 0.069364 0.086957
0 0.370424 0.613527 0.024085 0.057971
0 0.397399 0.635870 0.026012 0.078502
0 0.342967 0.571860 0.156069 0.071256
0 0.300578 0.513285 0.048170 0.053140
0 0.361753 0.514493 0.039499 0.053140
0 0.363198 0.463164 0.046243 0.044686
0 0.434489 0.543478 0.086705 0.045894
0 0.425337 0.457126 0.108863 0.138889
0 0.521195 0.503623 0.026975 0.048309
0 0.540944 0.565217 0.081888 0.074879
0 0.245183 0.224034 0.031792 0.085749
0 0.290944 0.265097 0.038536 0.076087
0 0.269750 0.237923 0.040462 0.149758
0 0.348748 0.143720 0.073218 0.031401
0 0.325145 0.266908 0.033719 0.115942
0 0.410405 0.316425 0.028902 0.089372
0 0.458574 0.271135 0.069364 0.109903
0 0.486513 0.238527 0.090559 0.085749
0 0.408960 0.128019 0.095376 0.125604
0 0.492775 0.128019 0.052987 0.128019
0 0.525048 0.167874 0.065511 0.053140
0 0.748073 0.150966 0.047206 0.048309
0 0.925819 0.150966 0.042389 0.089372