0 0.153309 0.883789 0.049265 0.089844
0 0.225735 0.884277 0.072059 0.118164
0 0.235662 0.791016 0.036029 0.164062
0 0.280147 0.645508 0.075000 0.072266
0 0.353309 0.572754 0.034559 0.047852
0 0.373529 0.573730 0.042647 0.112305
0 0.453309 0.565430 0.059559 0.101562
0 0.420221 0.782715 0.041912 0.102539
0 0.510294 0.902832 0.125000 0.040039
0 0.522794 0.907227 0.026471 0.109375
0 0.644853 0.885742 0.030882 0.066406
0 0.626471 0.939453 0.041176 0.048828
0 0.685662 0.864258 0.040441 0.050781
0 0.538971 0.801270 0.060294 0.032227
0 0.559926 0.779297 0.053676 0.044922
0 0.547059 0.735840 0.069118 0.061523
0 0.632353 0.762695 0.083824 0.035156
0 0.521324 0.633301 0.038235 0.077148
0 0.520588 0.579590 0.035294 0.088867
0 0.599632 0.687500 0.074265 0.074219
0 0.654412 0.669922 0.055882 0.080078
0 0.625368 0.647949 0.037500 0.034180
0 0.638603 0.609863 0.083088 0.061523
0 0.615809 0.592773 0.056618 0.041016
0 0.602574 0.561035 0.062500 0.036133
0 0.603309 0.521973 0.096324 0.036133
0 0.592279 0.504883 0.044853 0.033203
0 0.708824 0.672363 0.029412 0.088867
0 0.724265 0.582520 0.044118 0.032227
0 0.726103 0.515625 0.037500 0.087891
0 0.795221 0.479004 0.043382 0.081055
0 0.674265 0.443848 0.067647 0.061523
0 0.670956 0.368652 0.028676 0.067383
0 0.594485 0.329102 0.041912 0.029297
0 0.452206 0.262695 0.026471 0.101562
0 0.618382 0.290039 0.030882 0.062500
0 0.933824 0.184570 0.039706 0.066406
0 0.909926 0.218262 0.021324 0.063477
0 0.906250 0.091797 0.068382 0.095703
0 0.834926 0.104004 0.049265 0.047852
0 0.841912 0.188965 0.029412 0.088867
0 0.763603 0.164062 0.027206 0.048828
0 0.702574 0.235352 0.058088 0.103516
0 0.627574 0.197754 0.030147 0.120117
0 0.534191 0.104492 0.036029 0.099609
0 0.673897 0.041016 0.036029 0.046875