0 0.194484 0.600865 0.086280 0.100865
0 0.198727 0.556196 0.069307 0.144092
0 0.197313 0.420749 0.154173 0.086455
0 0.279349 0.521614 0.063649 0.118156
0 0.304809 0.595821 0.100424 0.061960
0 0.292786 0.654899 0.076379 0.090778
0 0.386846 0.565562 0.069307 0.027378
0 0.433522 0.708213 0.100424 0.108069
0 0.410891 0.723343 0.137199 0.146974
0 0.388260 0.708934 0.055163 0.057637
0 0.318953 0.724063 0.097595 0.087896
0 0.323904 0.740634 0.062235 0.109510
0 0.316832 0.813401 0.110325 0.044669
0 0.410184 0.883285 0.096181 0.066282
0 0.607496 0.814841 0.134371 0.038905
0 0.619519 0.640490 0.033946 0.053314
0 0.624470 0.693804 0.114569 0.099424
0 0.708628 0.649135 0.065064 0.024496
0 0.520509 0.577089 0.036775 0.073487
0 0.637907 0.553314 0.053748 0.095101
0 0.603253 0.489914 0.041018 0.092219
0 0.664781 0.480548 0.067893 0.038905
0 0.654173 0.443084 0.077793 0.038905
0 0.507779 0.432277 0.031117 0.048991
0 0.490099 0.527378 0.120226 0.040346
0 0.426450 0.447406 0.176803 0.067723
0 0.477369 0.402738 0.080622 0.125360
0 0.552334 0.373919 0.066478 0.038905
0 0.384724 0.376081 0.104668 0.057637
0 0.406648 0.354467 0.049505 0.092219
0 0.276521 0.290346 0.168317 0.157061
0 0.224894 0.190202 0.138614 0.138329
0 0.403819 0.240634 0.049505 0.112392
0 0.432815 0.263689 0.039604 0.138329
0 0.492221 0.291066 0.121641 0.040346
0 0.565771 0.298271 0.048091 0.072046
0 0.555870 0.164265 0.048091 0.072046
0 0.462518 0.166427 0.062235 0.110951
0 0.576379 0.206052 0.207921 0.109510
0 0.635785 0.136888 0.057992 0.077810
0 0.673267 0.235591 0.076379 0.139769
0 0.723479 0.448847 0.106082 0.191643
0 0.788543 0.413545 0.108911 0.048991
0 0.805516 0.421470 0.077793 0.188761
0 0.810467 0.737032 0.076379 0.082133
0 0.318953 0.255764 0.077793 0.082133